Wavenumber	Minor Gaussian	Major Gaussian
1.999839949999999953e+04	2.318865660849159658e-11	1.747695753048842369e-04
1.998799624000000040e+04	2.780170488160978354e-11	1.830423058263862832e-04
1.997760411999999997e+04	3.330322938839954206e-11	1.916703187829242789e-04
1.996722313999999824e+04	3.985853222196812484e-11	2.006671060519844634e-04
1.995685327999999936e+04	4.766256274476487850e-11	2.100466107431515558e-04
1.994649451000000045e+04	5.694502472225121817e-11	2.198232321384103950e-04
1.993614682000000175e+04	6.797629803756302399e-11	2.300118086189114307e-04
1.992581019999999990e+04	8.107436923403335064e-11	2.406276456415446885e-04
1.991548461999999927e+04	9.661290839428785423e-11	2.516865487577605752e-04
1.990517007000000012e+04	1.150305653080229435e-10	2.632047939413620992e-04
1.989486652999999933e+04	1.368418557716935510e-10	2.751991701698004028e-04
1.988457398000000103e+04	1.626497271071895851e-10	2.876869810869993977e-04
1.987429239999999845e+04	1.931601267088359761e-10	3.006860568539969749e-04
1.986402178999999887e+04	2.291987853762962583e-10	3.142147392413551388e-04
1.985376210999999967e+04	2.717309109749074930e-10	3.282919721579988822e-04
1.984351335000000108e+04	3.218834706765915329e-10	3.429372229806485124e-04
1.983327549999999974e+04	3.809712444550061003e-10	3.581705318434177162e-04
1.982304853000000003e+04	4.505269146270915253e-10	3.740125554777543526e-04
1.981283242999999857e+04	5.323353364398238123e-10	3.904845201916690611e-04
1.980262718999999925e+04	6.284733193159277397e-10	4.076082623006624774e-04
1.979243277999999918e+04	7.413554985597023896e-10	4.254062762489926744e-04
1.978224918999999863e+04	8.737863940706360162e-10	4.439016602627022775e-04
1.977207640000000174e+04	1.029020878324142026e-09	4.631181798864983769e-04
1.976191439000000173e+04	1.210833092864657733e-09	4.830802645182712628e-04
1.975176314999999886e+04	1.423595267339126799e-09	5.038129996388575511e-04
1.974162266000000091e+04	1.672368523636977402e-09	5.253421791116433086e-04
1.973149290000000110e+04	1.963006170323814664e-09	5.476942998261089728e-04
1.972137385999999969e+04	2.302271504109888454e-09	5.708965515415329213e-04
1.971126551000000109e+04	2.697973640721366451e-09	5.949768984400637638e-04
1.970116785000000164e+04	3.159119445867359312e-09	6.199639754092165726e-04
1.969108084999999846e+04	3.696091064422815590e-09	6.458872442378377904e-04
1.968100449999999910e+04	4.320843164219751627e-09	6.727768853892030724e-04
1.967093878000000041e+04	5.047131079887032332e-09	7.006638859778763738e-04
1.966088366999999926e+04	5.890768023299957424e-09	7.295800288149388970e-04
1.965083915999999954e+04	6.869916484554299109e-09	7.595578753217372987e-04
1.964080523000000176e+04	8.005421499618934345e-09	7.906308362033307108e-04
1.963078186999999889e+04	9.321184357413337825e-09	8.228331247961425234e-04
1.962076904999999897e+04	1.084459180650369540e-08	8.561998660125019235e-04
1.961076675999999861e+04	1.260699188874066803e-08	8.907669809079427374e-04
1.960077497999999832e+04	1.464424162358052662e-08	9.265712966868371557e-04
1.959079371000000174e+04	1.699731456511754637e-08	9.636504525493931736e-04
1.958082290999999896e+04	1.971300683944104173e-08	1.002043134049271454e-03
1.957086258000000089e+04	2.284469833731177009e-08	1.041788788553081862e-03
1.956091269000000102e+04	2.645324944108700943e-08	1.082927904137346393e-03
1.955097323999999935e+04	3.060796995851888633e-08	1.125501782411607614e-03
1.954104420000000027e+04	3.538775157459855314e-08	1.169552799013901185e-03
1.953112556000000041e+04	4.088229534562984840e-08	1.215124205310943962e-03
1.952121730000000025e+04	4.719352379054155631e-08	1.262260269753042027e-03
1.951131941000000006e+04	5.443713780694334804e-08	1.311006197701008536e-03
1.950143187000000034e+04	6.274438568042792211e-08	1.361408238211879191e-03
1.949155466000000160e+04	7.226402353280723741e-08	1.413513650521835106e-03
1.948168777000000046e+04	8.316450096851502466e-08	1.467370659954816883e-03
1.947183118000000104e+04	9.563643404990132771e-08	1.523028574428211867e-03
1.946198487999999998e+04	1.098953208507325507e-07	1.580537685915956109e-03
1.945214884000000166e+04	1.261846372153757240e-07	1.639949455301759973e-03
1.944232305999999880e+04	1.447791597023074917e-07	1.701316225567891431e-03
1.943250750999999946e+04	1.659888503648645276e-07	1.764691594290184861e-03
1.942270218999999997e+04	1.901629501315202194e-07	1.830130048280909994e-03
1.941290707000000111e+04	2.176947846683795924e-07	1.897687360459259995e-03
1.940312213999999949e+04	2.490268381806740517e-07	1.967420270574481763e-03
1.939334737999999925e+04	2.846565851442932893e-07	2.039386695311182565e-03
1.938358279000000039e+04	3.251427577166905186e-07	2.113645516628514642e-03
1.937382833000000028e+04	3.711126485543989619e-07	2.190257043547916282e-03
1.936408399999999892e+04	4.232695862068822765e-07	2.269282411240982310e-03
1.935434977000000072e+04	4.824018819068747389e-07	2.350784132002695093e-03
1.934462565000000177e+04	5.493919572634905920e-07	2.434825527252413874e-03
1.933491159999999945e+04	6.252274192179087568e-07	2.521471494125835690e-03
1.932520761000000130e+04	7.110121318913935580e-07	2.610787833509173404e-03
1.931551367000000027e+04	8.079791325849339947e-07	2.702841502158965983e-03
1.930582977000000028e+04	9.175046521200129657e-07	2.797700617118121548e-03
1.929615587999999843e+04	1.041123795719264694e-06	2.895434664801210291e-03
1.928649198999999862e+04	1.180547025877512344e-06	2.996114113152662829e-03
1.927683809000000110e+04	1.337678918639396046e-06	3.099810601476762646e-03
1.926719414999999935e+04	1.514638906319476228e-06	3.206597167559262305e-03
1.925756017000000065e+04	1.713782716952879868e-06	3.316547704512779696e-03
1.924793612999999823e+04	1.937727643004143368e-06	3.429737507625950366e-03
1.923832200999999986e+04	2.189378929235903190e-06	3.546243064180830927e-03
1.922871779999999853e+04	2.471958620375872179e-06	3.666141927546799281e-03
1.921912349000000177e+04	2.789037543300654583e-06	3.789512828891367958e-03
1.920953904999999941e+04	3.144570748469267384e-06	3.916435944576543079e-03
1.919996446999999898e+04	3.542933973956332267e-06	4.046992380493644528e-03
1.919039975000000049e+04	3.988964797959194023e-06	4.181264272950394566e-03
1.918084485000000132e+04	4.488009783209802092e-06	4.319335497429676110e-03
1.917129977000000144e+04	5.045969313118872196e-06	4.461290541955234730e-03
1.916176449000000139e+04	5.669353164334440182e-06	4.607215349292700241e-03
1.915223900000000140e+04	6.365336049831314208e-06	4.757196875998540193e-03
1.914272327999999834e+04	7.141820863746403676e-06	4.911323392832689545e-03
1.913321731999999975e+04	8.007504242448139641e-06	5.069684163203204939e-03
1.912372109999999884e+04	8.971950697740816723e-06	5.232369759933101425e-03
1.911423460999999952e+04	1.004566910407035706e-05	5.399471723881743915e-03
1.910475782999999865e+04	1.124019928460678721e-05	5.571082897838296535e-03
1.909529074000000037e+04	1.256820238419513900e-05	5.747297253128696125e-03
1.908583334000000104e+04	1.404355588815046668e-05	5.928209491870679859e-03
1.907638560000000143e+04	1.568146675902564385e-05	6.113915979143205032e-03
1.906694752000000153e+04	1.749857573310622684e-05	6.304513582697793099e-03
1.905751907999999821e+04	1.951308771137516825e-05	6.500100629505444275e-03
1.904810024999999951e+04	2.174490252751024028e-05	6.700776730989889581e-03
1.903869104000000152e+04	2.421574322110542178e-05	6.906641689364903525e-03
1.902929142000000138e+04	2.694932565487332288e-05	7.117797186470728975e-03
1.901990137999999934e+04	2.997150527871495423e-05	7.334345483086024235e-03
1.901052089999999953e+04	3.331045766981468253e-05	7.556390061210047082e-03
1.900114996999999858e+04	3.699685627385105539e-05	7.784035144410009037e-03
1.899178858000000037e+04	4.106407159912976756e-05	8.017385899710760891e-03
1.898243671000000177e+04	4.554838566447036213e-05	8.256548675871703061e-03
1.897309433999999965e+04	5.048921206263860535e-05	8.501630749336472684e-03
1.896376147000000128e+04	5.592932151789919070e-05	8.752739757977832241e-03
1.895443807000000015e+04	6.191512217579335986e-05	9.009985006574450922e-03
1.894512413000000015e+04	6.849690003226903954e-05	9.273476114592645383e-03
1.893581965000000127e+04	7.572910510046448407e-05	9.543323215155557690e-03
1.892652459000000090e+04	8.367069335973128694e-05	9.819638396758640156e-03
1.891723895999999877e+04	9.238537397881001428e-05	1.010253304807621176e-02
1.890796272999999928e+04	1.019420219836593395e-04	1.039212048783411287e-02
1.889869589999999880e+04	1.124149709249722281e-04	1.068851382133976721e-02
1.888943844000000172e+04	1.238844513890907867e-04	1.099182778450262694e-02
1.888019034000000102e+04	1.364369339113153941e-04	1.130217713337183100e-02
1.887095159000000058e+04	1.501655661130200784e-04	1.161967722877043675e-02
1.886172218000000066e+04	1.651706118284642136e-04	1.194444400316845879e-02
1.885250207999999839e+04	1.815599496471379730e-04	1.227659465554517375e-02
1.884329130000000077e+04	1.994494525448113381e-04	1.261624546379507168e-02
1.883408980000000156e+04	2.189636605747051761e-04	1.296351501315533283e-02
1.882489758000000074e+04	2.402361424009529628e-04	1.331852086224435440e-02
1.881571462999999858e+04	2.634101443596277678e-04	1.368138132755330159e-02
1.880654091999999946e+04	2.886392102932968133e-04	1.405221589779774051e-02
1.879737644999999975e+04	3.160876570524103618e-04	1.443114319655261664e-02
1.878822120999999970e+04	3.459313050795176435e-04	1.481828251303264794e-02
1.877907517000000007e+04	3.783581859019443630e-04	1.521375424426049498e-02
1.876993832000000111e+04	4.135690972448734736e-04	1.561767816224620894e-02
1.876081065999999919e+04	4.517783269711268877e-04	1.603017373134930576e-02
1.875169215999999869e+04	4.932145601130329517e-04	1.645136188145866069e-02
1.874258281999999963e+04	5.381213905033590530e-04	1.688136225151805336e-02
1.873348260999999911e+04	5.867583841990892590e-04	1.732029591619481043e-02
1.872439153000000078e+04	6.394015983357504655e-04	1.776828250693345337e-02
1.871530956000000151e+04	6.963446788506133089e-04	1.822544255078738587e-02
1.870623669000000154e+04	7.578995630345155242e-04	1.869189596992171243e-02
1.869717291000000114e+04	8.243974195635202533e-04	1.916776250938738782e-02
1.868811819000000105e+04	8.961897254201715585e-04	1.965316277024068900e-02
1.867907253000000128e+04	9.736488214658926225e-04	2.014821550672992942e-02
1.867003591999999844e+04	1.057169156379327186e-03	2.065303966356890966e-02
1.866100833000000057e+04	1.147168399854743776e-03	2.116775495585056927e-02
1.865198976000000039e+04	1.244087961004863418e-03	2.169247899473393526e-02
1.864298020000000179e+04	1.348394364149163886e-03	2.222732945657076090e-02
1.863397961999999825e+04	1.460580447567194412e-03	2.277242469869798780e-02
1.862498802000000069e+04	1.581165809005024691e-03	2.332788070688945198e-02
1.861600537999999869e+04	1.710698464429563897e-03	2.389381403827146172e-02
1.860703168999999980e+04	1.849755535545361982e-03	2.447033994216697705e-02
1.859806694000000061e+04	1.998944442046360348e-03	2.505757290258592979e-02
1.858911111000000164e+04	2.158904163186519971e-03	2.565562725473144456e-02
1.858016417999999976e+04	2.330306184515690791e-03	2.626461650440446716e-02
1.857122615999999834e+04	2.513854945427331736e-03	2.688465116991826942e-02
1.856229702000000179e+04	2.710290287529491717e-03	2.751584352016252927e-02
1.855337673999999970e+04	2.920387602983218461e-03	2.815830414535892487e-02
1.854446532999999908e+04	3.144958299960338034e-03	2.881214035107105068e-02
1.853556275000000096e+04	3.384852808808040767e-03	2.947746192715138686e-02
1.852666901000000144e+04	3.640959078972141796e-03	3.015437374956456140e-02
1.851778408000000127e+04	3.914205961160846688e-03	3.084298241196295823e-02
1.850890796000000046e+04	4.205562203049835988e-03	3.154339087063719183e-02
1.850004061999999976e+04	4.516039236662645548e-03	3.225570303397069793e-02
1.849118206999999893e+04	4.846689720125135249e-03	3.298001814100296608e-02
1.848233227999999872e+04	5.198611196130864705e-03	3.371643712603925036e-02
1.847349123999999938e+04	5.572944776650615162e-03	3.446505772241640481e-02
1.846465894000000117e+04	5.970876571042206538e-03	3.522597599203102642e-02
1.845583536000000095e+04	6.393638870861646784e-03	3.599928714630036553e-02
1.844702049999999872e+04	6.842509355804921208e-03	3.678508286158679169e-02
1.843821433999999863e+04	7.318813569285233071e-03	3.758345472206019861e-02
1.842941686000000118e+04	7.823924539502986886e-03	3.839449244964866087e-02
1.842062805999999910e+04	8.359261938171130835e-03	3.921828195205179918e-02
1.841184792000000016e+04	8.926294689171459032e-03	4.005490894753503672e-02
1.840307643000000098e+04	9.526539445426179115e-03	4.090445612875615033e-02
1.839431356999999844e+04	1.016156200406106123e-02	4.176700500634829283e-02
1.838555933999999979e+04	1.083297516157336049e-02	4.264263290132426498e-02
1.837681371999999828e+04	1.154244150894335151e-02	4.353141682008511426e-02
1.836807669000000169e+04	1.229167189414669646e-02	4.443343147188979353e-02
1.835934824999999910e+04	1.308242322781919507e-02	4.534874709425825573e-02
1.835062839000000167e+04	1.391650045084105898e-02	4.627743244781484799e-02
1.834191707999999926e+04	1.479575719548742278e-02	4.721955592615892372e-02
1.833321431999999913e+04	1.572209011746375507e-02	4.817518012910661923e-02
1.832452009000000180e+04	1.669744290474766898e-02	4.914436716875814071e-02
1.831583438999999998e+04	1.772380094442448442e-02	5.012717421675592921e-02
1.830715720000000147e+04	1.880319458554279358e-02	5.112365790378427255e-02
1.829848849999999948e+04	1.993769569547908585e-02	5.213387208180814136e-02
1.828982829000000129e+04	2.112941329928105447e-02	5.315786538441345105e-02
1.828117655000000013e+04	2.238049708188363449e-02	5.419568583042561061e-02
1.827253326999999990e+04	2.369313151651429930e-02	5.524737726208456268e-02
1.826389843000000110e+04	2.506953667442073444e-02	5.631298168795368514e-02
1.825527203999999983e+04	2.651195948983631548e-02	5.739253427333929763e-02
1.824665406000000075e+04	2.802268443646959220e-02	5.848607324472873681e-02
1.823804449999999997e+04	2.960401414145550150e-02	5.959362732075353802e-02
1.822944332999999824e+04	3.125828212360350078e-02	6.071522703556064826e-02
1.822085054999999920e+04	3.298783709609585946e-02	6.185089572488058213e-02
1.821226613999999972e+04	3.479504913546066502e-02	6.300065595055141798e-02
1.820369009000000005e+04	3.668230043480887048e-02	6.416452552889777283e-02
1.819512240000000020e+04	3.865198120188999970e-02	6.534251739219118504e-02
1.818656304000000091e+04	4.070649512704279521e-02	6.653464505727658962e-02
1.817801199999999881e+04	4.284824413416409711e-02	6.774091574791314685e-02
1.816946928000000116e+04	4.507962581199703722e-02	6.896133160689679742e-02
1.816093485000000146e+04	4.740303957590598360e-02	7.019589538279362440e-02
1.815240871999999945e+04	4.982086353085249386e-02	7.144460034033923990e-02
1.814389085999999952e+04	5.233547151078790649e-02	7.270744178988884643e-02
1.813538127000000168e+04	5.494920858381292100e-02	7.398440683843279797e-02
1.812687992999999915e+04	5.766440044090172939e-02	7.527548171679848688e-02
1.811838682999999946e+04	6.048333923188841527e-02	7.658064728345198580e-02
1.810990194999999949e+04	6.340828456489430720e-02	7.789988202377863546e-02
1.810142529999999897e+04	6.644144403902781104e-02	7.923315577600854864e-02
1.809295684999999867e+04	6.958499201783402421e-02	8.058044062467535629e-02
1.808449658999999883e+04	7.284104301478284971e-02	8.194170151972673954e-02
1.807604450999999972e+04	7.621165253242911941e-02	8.331689933554504990e-02
1.806760060000000158e+04	7.969881103278503298e-02	8.470599083991263434e-02
1.805916485000000102e+04	8.330443781640425871e-02	8.610892866449566807e-02
1.805073723999999856e+04	8.703037931835745644e-02	8.752566296691419168e-02
1.804231777000000147e+04	9.087838965859745821e-02	8.895613637006628827e-02
1.803390641999999934e+04	9.485014201635649789e-02	9.040029066148633219e-02
1.802550316999999995e+04	9.894721389792132671e-02	9.185806346157206204e-02
1.801710802999999942e+04	1.031710654553559536e-01	9.332938291712128409e-02
1.800872096999999849e+04	1.075230676279947534e-01	9.481417986934084774e-02
1.800034199000000081e+04	1.120044609461836871e-01	9.631237561206509867e-02
1.799197106999999960e+04	1.166163747525858635e-01	9.782389068231964191e-02
1.798360820999999851e+04	1.213597995141539737e-01	9.934863769350958662e-02
1.797525337999999829e+04	1.262356085555204344e-01	1.008865303943647929e-01
1.796690657999999894e+04	1.312445178844797167e-01	1.024374727181112388e-01
1.795856780000000072e+04	1.363871026726969082e-01	1.040013660484495478e-01
1.795023702000000048e+04	1.416637921597545813e-01	1.055781092986547293e-01
1.794191423999999824e+04	1.470748449517154388e-01	1.071675932361067507e-01
1.793359944000000178e+04	1.526203687317488067e-01	1.087697080487048940e-01
1.792529261000000042e+04	1.583002957255406074e-01	1.103843376558753392e-01
1.791699374000000171e+04	1.641143836979387371e-01	1.120113615922838785e-01
1.790870281999999861e+04	1.700622109150051187e-01	1.136506550093631801e-01
1.790041982999999891e+04	1.761431787659702153e-01	1.153020906807182416e-01
1.789214476999999897e+04	1.823564852714669726e-01	1.169655330341384247e-01
1.788387762999999904e+04	1.887011424124130643e-01	1.186408440989819429e-01
1.787561837999999989e+04	1.951759808963408616e-01	1.203278856476651115e-01
1.786736703000000125e+04	2.017795996008125703e-01	1.220265069665802254e-01
1.785912356000000000e+04	2.085104166823146254e-01	1.237365591268942827e-01
1.785088795000000027e+04	2.153666437731930616e-01	1.254578889428053790e-01
1.784266020999999819e+04	2.223462576234742361e-01	1.271903326467490603e-01
1.783444029999999839e+04	2.294470652053439697e-01	1.289337327061078620e-01
1.782622824000000037e+04	2.366666081251225795e-01	1.306879146441992101e-01
1.781802400000000125e+04	2.440022557620256660e-01	1.324527103544558826e-01
1.780982757000000129e+04	2.514511437937584915e-01	1.342279432854244781e-01
1.780163894000000073e+04	2.590101906713467850e-01	1.360134326937566807e-01
1.779345809999999983e+04	2.666760974105550908e-01	1.378089936725006293e-01
1.778528503999999884e+04	2.744453478323959361e-01	1.396144371813098084e-01
1.777711975000000166e+04	2.823142092616645615e-01	1.414295700785617727e-01
1.776896222000000125e+04	2.902787336912978078e-01	1.432541951553842063e-01
1.776081244000000152e+04	2.983347594190682850e-01	1.450881111715669192e-01
1.775267037999999957e+04	3.064779332775877108e-01	1.469311174336363768e-01
1.774453605999999854e+04	3.147036431503653087e-01	1.487829979824153992e-01
1.773640943999999945e+04	3.230071313285399759e-01	1.506435465657534611e-01
1.772829052999999840e+04	3.313833871319052937e-01	1.525125416722706850e-01
1.772017930999999953e+04	3.398272321611162106e-01	1.543897648274930312e-01
1.771207575999999972e+04	3.483332945969929706e-01	1.562749938279440198e-01
1.770397988999999870e+04	3.568959823066794046e-01	1.581679957551846705e-01
1.769589168000000063e+04	3.655095513261554241e-01	1.600685409853142560e-01
1.768781110999999873e+04	3.741680806614703370e-01	1.619763963139518870e-01
1.767973818000000028e+04	3.828654570429445014e-01	1.638913202526819934e-01
1.767167287999999826e+04	3.915954138042825883e-01	1.658130701403466856e-01
1.766361519000000044e+04	4.003515384827328605e-01	1.677414022547549788e-01
1.765556510999999955e+04	4.091272479868667822e-01	1.696760646970031927e-01
1.764752261999999973e+04	4.179158402283845719e-01	1.716168070242168331e-01
1.763948771000000124e+04	4.267104700782590188e-01	1.735633731268367008e-01
1.763146038000000044e+04	4.355041582388323729e-01	1.755155012442644047e-01
1.762344060000000172e+04	4.442898444299963057e-01	1.774729337671246687e-01
1.761542838000000120e+04	4.530603204225473468e-01	1.794354002592829511e-01
1.760742369999999937e+04	4.618083167712693782e-01	1.814026345894314274e-01
1.759942655000000013e+04	4.705264693536390652e-01	1.833743652467363372e-01
1.759143691000000035e+04	4.792073518347261252e-01	1.853503203256312848e-01
1.758345478999999978e+04	4.878434431793701176e-01	1.873302176985851553e-01
1.757548015999999916e+04	4.964272147783356237e-01	1.893137824205997632e-01
1.756751301999999851e+04	5.049510660151109720e-01	1.913007294603531749e-01
1.755955336000000170e+04	5.134073792138539316e-01	1.932907736920926323e-01
1.755160115999999834e+04	5.217885310775333130e-01	1.952836300060652175e-01
1.754365641999999934e+04	5.300868729434792259e-01	1.972790058722515838e-01
1.753571912000000157e+04	5.382947849741628321e-01	1.992766114445732872e-01
1.752778926000000138e+04	5.464046465484045934e-01	2.012761495974938752e-01
1.751986681999999928e+04	5.544088898153228806e-01	2.032773260752789302e-01
1.751195179999999891e+04	5.622999710582984312e-01	2.052798394910251012e-01
1.750404418000000078e+04	5.700704233413919075e-01	2.072833915149933093e-01
1.749614395000000150e+04	5.777128384814476103e-01	2.092876793803291335e-01
1.748825111000000106e+04	5.852198799719809941e-01	2.112923959529794671e-01
1.748036563999999998e+04	5.925843237211049219e-01	2.132972374390730841e-01
1.747248752999999851e+04	5.997990410881387513e-01	2.153018958609161093e-01
1.746461677000000054e+04	6.068570204935860302e-01	2.173060616824853408e-01
1.745675335999999879e+04	6.137513704470105580e-01	2.193094213520942193e-01
1.744889727000000130e+04	6.204753659181151404e-01	2.213116675862895344e-01
1.744104851000000053e+04	6.270223987655025866e-01	2.233124816261413126e-01
1.743320706000000064e+04	6.333860491971640139e-01	2.253115511684201655e-01
1.742537290999999823e+04	6.395600620706477502e-01	2.273085602652409609e-01
1.741754605000000083e+04	6.455383660126622347e-01	2.293031919666769503e-01
1.740972646000000168e+04	6.513150908085578727e-01	2.312951309623992036e-01
1.740191415000000052e+04	6.568845478830011020e-01	2.332840534886493900e-01
1.739410910000000149e+04	6.622412840457231331e-01	2.352696427090082143e-01
1.738631130000000121e+04	6.673800606971482807e-01	2.372515786197176013e-01
1.737852073999999993e+04	6.722958699432955987e-01	2.392295406943909242e-01
1.737073741000000155e+04	6.769839427621702210e-01	2.412032079810860208e-01
1.736296129999999903e+04	6.814397567172676418e-01	2.431722591996735572e-01
1.735519239999999991e+04	6.856590432008999869e-01	2.451363728394402031e-01
1.734743070000000080e+04	6.896377941914511034e-01	2.470952272569049146e-01
1.733967618999999831e+04	6.933722685099040772e-01	2.490485007737795742e-01
1.733192885000000024e+04	6.968590019037284033e-01	2.509958742858554581e-01
1.732418868999999904e+04	7.000947945764480762e-01	2.529370213119471189e-01
1.731645568999999887e+04	7.030767428787537687e-01	2.548716231742935712e-01
1.730872983999999997e+04	7.058022251212874298e-01	2.567993590364915923e-01
1.730101111999999921e+04	7.082689128458684591e-01	2.587199110023887805e-01
1.729329953999999998e+04	7.104747613999319311e-01	2.606329542682453426e-01
1.728559507999999914e+04	7.124180315785687556e-01	2.625381721501898746e-01
1.727789773000000059e+04	7.140972784032584286e-01	2.644352462215710520e-01
1.727020748000000094e+04	7.155113558150369979e-01	2.663238589020080482e-01
1.726252432000000044e+04	7.166594174388339900e-01	2.682036935543896106e-01
1.725484823999999935e+04	7.175409167829229773e-01	2.700744345815328518e-01
1.724717923000000155e+04	7.181556068766060674e-01	2.719357675224540194e-01
1.723951728000000003e+04	7.185035393507145374e-01	2.737873791482137165e-01
1.723186238999999841e+04	7.185850630342073275e-01	2.756289551571121654e-01
1.722421453000000110e+04	7.184008220176674175e-01	2.774601898817333767e-01
1.721657371000000057e+04	7.179517532260737411e-01	2.792807695714065730e-01
1.720893991000000096e+04	7.172390825256138580e-01	2.810903892751008826e-01
1.720131312999999864e+04	7.162643232019892947e-01	2.828887409934041641e-01
1.719369335000000137e+04	7.150292681378794812e-01	2.846755232520227774e-01
1.718608055999999851e+04	7.135359882115165364e-01	2.864504340872665034e-01
1.717847475000000122e+04	7.117868264863951300e-01	2.882131735136049255e-01
1.717087591999999859e+04	7.097843955069942368e-01	2.899634413176950254e-01
1.716328406000000177e+04	7.075315667406320008e-01	2.917009417844467212e-01
1.715569915000000037e+04	7.050314625382660960e-01	2.934253837129067732e-01
1.714812117999999828e+04	7.022874553098155115e-01	2.951364759248032432e-01
1.714055015999999887e+04	6.993031661021971157e-01	2.968339251937271439e-01
1.713298605999999927e+04	6.960824337320602462e-01	2.985174498004051213e-01
1.712542886999999973e+04	6.926293289873985959e-01	3.001867660835572660e-01
1.711787859000000026e+04	6.889481445530457604e-01	3.018415908719062624e-01
1.711033522000000085e+04	6.850433826937883941e-01	3.034816438205920619e-01
1.710279872999999861e+04	6.809197295853803844e-01	3.051066539375297815e-01
1.709526912000000084e+04	6.765820773659481091e-01	3.067163466177965092e-01
1.708774638000000050e+04	6.720354944780788653e-01	3.083104524371088062e-01
1.708023050000000148e+04	6.672852212417945683e-01	3.098887050463437487e-01
1.707272147000000041e+04	6.623366602166537165e-01	3.114508412478285693e-01
1.706521928000000116e+04	6.571953664035601328e-01	3.129966010703340018e-01
1.705772393000000011e+04	6.518670445441773209e-01	3.145257258129420808e-01
1.705023540000000139e+04	6.463575178594085369e-01	3.160379642485729446e-01
1.704275368000000162e+04	6.406727386129463797e-01	3.175330665231064220e-01
1.703527877000000080e+04	6.348187791299608751e-01	3.190107843293155110e-01
1.702781064999999944e+04	6.288017981559820280e-01	3.204708769171527583e-01
1.702034932000000117e+04	6.226280618957689139e-01	3.219131032536580173e-01
1.701289476999999897e+04	6.163039101228025007e-01	3.233372280086682093e-01
1.700544699000000037e+04	6.098357536515004451e-01	3.247430196307977690e-01
1.699800595999999859e+04	6.032300551674941724e-01	3.261302522621594147e-01
1.699057168000000092e+04	5.964933456478920260e-01	3.274987001937599285e-01
1.698314414000000033e+04	5.896321881480671712e-01	3.288481435762246607e-01
1.697572333000000071e+04	5.826531764472679953e-01	3.301783665782249688e-01
1.696830924999999843e+04	5.755629348735140649e-01	3.314891556867721190e-01
1.696090188000000126e+04	5.683680800047498094e-01	3.327803050783106897e-01
1.695350120999999854e+04	5.610752394694511480e-01	3.340516113052870995e-01
1.694610723000000144e+04	5.536910332923388189e-01	3.353028751518371542e-01
1.693871993999999904e+04	5.462220749260984221e-01	3.365339000297140615e-01
1.693133932999999888e+04	5.386749423159572503e-01	3.377444954116097797e-01
1.692396538000000146e+04	5.310561685977449597e-01	3.389344767469604780e-01
1.691659809999999925e+04	5.233722750662345158e-01	3.401036590774926260e-01
1.690923746000000028e+04	5.156296903916892660e-01	3.412518683089875715e-01
1.690188346000000092e+04	5.078348154244968216e-01	3.423789300762537513e-01
1.689453609000000142e+04	4.999939738796299049e-01	3.434846761571933582e-01
1.688719535000000178e+04	4.921134260812616845e-01	3.445689414466165390e-01
1.687986121999999887e+04	4.841993296607634001e-01	3.456315684373732489e-01
1.687253369000000021e+04	4.762577648080668635e-01	3.466724027526294494e-01
1.686521275999999853e+04	4.682947280222728437e-01	3.476912933193461175e-01
1.685789842000000135e+04	4.603161042109539247e-01	3.486880952403292877e-01
1.685059064999999828e+04	4.523276606383676013e-01	3.496626696785459787e-01
1.684328945999999996e+04	4.443350851217052200e-01	3.506148785784373167e-01
1.683599481999999989e+04	4.363439042456431216e-01	3.515445939523977881e-01
1.682870673000000170e+04	4.283595550482675596e-01	3.524516887010780697e-01
1.682142519000000175e+04	4.203873476107632956e-01	3.533360406817230293e-01
1.681415018000000055e+04	4.124324388933129359e-01	3.541975350677560308e-01
1.680688168999999834e+04	4.044998617012312003e-01	3.550360606472530711e-01
1.679961972999999853e+04	3.965945318867185598e-01	3.558515088835870754e-01
1.679236426999999821e+04	3.887211797257194013e-01	3.566437806985531256e-01
1.678511530000000130e+04	3.808844124717752355e-01	3.574127795928684348e-01
1.677787283000000025e+04	3.730887113770974817e-01	3.581584119671268884e-01
1.677063683999999921e+04	3.653383754348979440e-01	3.588805923576515178e-01
1.676340731999999844e+04	3.576375627018367753e-01	3.595792391689263123e-01
1.675618426000000181e+04	3.499902778064976072e-01	3.602542757554114683e-01
1.674896765999999843e+04	3.424003810750256283e-01	3.609056295386687263e-01
1.674175750999999946e+04	3.348715662801173831e-01	3.615332338789781219e-01
1.673455380000000150e+04	3.274073705605979323e-01	3.621370270932691149e-01
1.672735651000000144e+04	3.200111637112276752e-01	3.627169532430881138e-01
1.672016563999999926e+04	3.126861788626678629e-01	3.632729596976529418e-01
1.671298118999999861e+04	3.054354915413380334e-01	3.638049989033690368e-01
1.670580313999999998e+04	2.982620000691928452e-01	3.643130297611304469e-01
1.669863148999999976e+04	2.911684665049852350e-01	3.647970146561966276e-01
1.669146621999999843e+04	2.841574775046800672e-01	3.652569222790784664e-01
1.668430732999999964e+04	2.772314849362983447e-01	3.656927249148708148e-01
1.667715481000000000e+04	2.703927775369838749e-01	3.661044004384129136e-01
1.667000864999999976e+04	2.636434923556069676e-01	3.664919316082574929e-01
1.666286883999999918e+04	2.569856164571126533e-01	3.668553060503954022e-01
1.665573537999999826e+04	2.504209979620619642e-01	3.671945157816456917e-01
1.664860825000000114e+04	2.439513204563498461e-01	3.675095586336799003e-01
1.664148745000000054e+04	2.375781420543290889e-01	3.678004363301997648e-01
1.663437297000000035e+04	2.313028702722416396e-01	3.680671558744447736e-01
1.662726480000000083e+04	2.251267738701168697e-01	3.683097290330478168e-01
1.662016292999999860e+04	2.190509855728592359e-01	3.685281723106759721e-01
1.661306735000000117e+04	2.130765049244839338e-01	3.687225069232392682e-01
1.660597806000000128e+04	2.072042094797879319e-01	3.688927585464096826e-01
1.659889504999999917e+04	2.014348410495516717e-01	3.690389578338452714e-01
1.659181829999999900e+04	1.957690095808792552e-01	3.691611402175147827e-01
1.658474782000000050e+04	1.902072283304577782e-01	3.692593452184900760e-01
1.657768359000000055e+04	1.847498691960239858e-01	3.693336174491729240e-01
1.657062559999999939e+04	1.793971983256609226e-01	3.693840058539507032e-01
1.656357384000000093e+04	1.741493715499347894e-01	3.694105638624770593e-01
1.655652832000000126e+04	1.690064524016310910e-01	3.694133493779648836e-01
1.654948901000000114e+04	1.639683717848298417e-01	3.693924247957571794e-01
1.654245591000000059e+04	1.590349830750362181e-01	3.693478568514272919e-01
1.653542901999999958e+04	1.542060432559730354e-01	3.692797167428742422e-01
1.652840831999999864e+04	1.494812033007339169e-01	3.691880797930122693e-01
1.652139381000000139e+04	1.448600393712028145e-01	3.690730257941123860e-01
1.651438547000000108e+04	1.403420296133603695e-01	3.689346384412941493e-01
1.650738331000000107e+04	1.359265904592442398e-01	3.687730061903898848e-01
1.650038729999999850e+04	1.316130355565830468e-01	3.685882207456473991e-01
1.649339745000000039e+04	1.274006299067554637e-01	3.683803788583952521e-01
1.648641374999999971e+04	1.232885558391562247e-01	3.681495808597440300e-01
1.647943618000000060e+04	1.192759237186738486e-01	3.678959306592296530e-01
1.647246473999999944e+04	1.153617928673175835e-01	3.676195367684764181e-01
1.646549942000000010e+04	1.115451575334267809e-01	3.673205112415614537e-01
1.645854021999999895e+04	1.078249616455575211e-01	3.669989704149555498e-01
1.645158712000000014e+04	1.042000861785352256e-01	3.666550334843375891e-01
1.644464012000000002e+04	1.006693739523375625e-01	3.662888242984435605e-01
1.643769919999999911e+04	9.723161212932451836e-02	3.659004693259067520e-01
1.643076437000000078e+04	9.388556059954628052e-02	3.654901003158079753e-01
1.642383560999999827e+04	9.062992549035601975e-02	3.650578508840396363e-01
1.641691291999999885e+04	8.746338677265479145e-02	3.646038593338622458e-01
1.640999628999999914e+04	8.438458693445657910e-02	3.641282668065718431e-01
1.640308569999999963e+04	8.139213460569999503e-02	3.636312170637333030e-01
1.639618115000000034e+04	7.848462053404024752e-02	3.631128585704571643e-01
1.638928264000000127e+04	7.566061117856584528e-02	3.625733431545408725e-01
1.638239016000000083e+04	7.291864757326110835e-02	3.620128251159024924e-01
1.637550368999999955e+04	7.025724859107911058e-02	3.614314610096822089e-01
1.636862322999999924e+04	6.767492518765350074e-02	3.608294121025514833e-01
1.636174877000000015e+04	6.517017103786276744e-02	3.602068418554985052e-01
1.635488031000000046e+04	6.274147247758768420e-02	3.595639176106013579e-01
1.634801783000000069e+04	6.038730018132190680e-02	3.589008077351548143e-01
1.634116133000000082e+04	5.810612555800014761e-02	3.582176853025049734e-01
1.633431079999999929e+04	5.589641235832224636e-02	3.575147252050738245e-01
1.632746623999999974e+04	5.375662541139574618e-02	3.567921060820968826e-01
1.632062763000000086e+04	5.168522318193890380e-02	3.560500071027900004e-01
1.631379497000000083e+04	4.968067217355464499e-02	3.552886121246632278e-01
1.630696824999999990e+04	4.774143940864188779e-02	3.545081064466289456e-01
1.630014745000000039e+04	4.586599461824288765e-02	3.537086765989422843e-01
1.629333258999999998e+04	4.405282539881152232e-02	3.528905162100121617e-01
1.628652363999999943e+04	4.230041424358291918e-02	3.520538153208202514e-01
1.627972060000000056e+04	4.060726174086851797e-02	3.511987697811109199e-01
1.627292345000000023e+04	3.897187486120581162e-02	3.503255751116011174e-01
1.626613220999999976e+04	3.739278278847088521e-02	3.494344341172198054e-01
1.625934684999999990e+04	3.586851669542749643e-02	3.485255451900446388e-01
1.625256735999999910e+04	3.439762776372699837e-02	3.475991112231019975e-01
1.624579375000000073e+04	3.297868747150883850e-02	3.466553398164869404e-01
1.623902599999999984e+04	3.161027793459232627e-02	3.456944363107488649e-01
1.623226410000000033e+04	3.029100157706100804e-02	3.447166091607721805e-01
1.622550806000000011e+04	2.901948346653157595e-02	3.437220714872634697e-01
1.621875784999999996e+04	2.779436073789113767e-02	3.427110322038824375e-01
1.621201346999999987e+04	2.661429665083549570e-02	3.416837061914618778e-01
1.620527492999999959e+04	2.547797695029072398e-02	3.406403114920668052e-01
1.619854219000000012e+04	2.438410059606972713e-02	3.395810598511818656e-01
1.619181526999999915e+04	2.333139868375112141e-02	3.385061737468108012e-01
1.618509415000000081e+04	2.231861835451623075e-02	3.374158707160006543e-01
1.617837881999999991e+04	2.134453147630237593e-02	3.363103710949483793e-01
1.617166928999999982e+04	2.040793607751327163e-02	3.351898997575072370e-01
1.616496552999999949e+04	1.950764822169091112e-02	3.340546760540942794e-01
1.615826754000000074e+04	1.864251216369260805e-02	3.329049253785079654e-01
1.615157531999999992e+04	1.781139613041062345e-02	3.317408741989371634e-01
1.614488885999999911e+04	1.701319131989116260e-02	3.305627482189339994e-01
1.613820815000000039e+04	1.624681337972192982e-02	3.293707739965880399e-01
1.613153318000000036e+04	1.551120247444528512e-02	3.281651788823309879e-01
1.612486393999999927e+04	1.480532331322352221e-02	3.269461909571374503e-01
1.611820044000000053e+04	1.412816713097005475e-02	3.257140426904568398e-01
1.611154264999999941e+04	1.347874550868691061e-02	3.244689598047147960e-01
1.610489057999999932e+04	1.285609842992962472e-02	3.232111760061520678e-01
1.609824421000000075e+04	1.225928723869985915e-02	3.219409198865778587e-01
1.609160354999999981e+04	1.168740012526829804e-02	3.206584262060079848e-01
1.608496857000000091e+04	1.113954576217336852e-02	3.193639224050615066e-01
1.607833928000000014e+04	1.061486000353729746e-02	3.180576439950933976e-01
1.607171565999999984e+04	1.011249979533403870e-02	3.167398208924121494e-01
1.606509771000000001e+04	9.631646979886563167e-03	3.154106871631655595e-01
1.605848543000000063e+04	9.171506356567634202e-03	3.140704770807538071e-01
1.605187880000000041e+04	8.731304105119410200e-03	3.127194209582671580e-01
1.604527781999999934e+04	8.310290269488910045e-03	3.113577531993214631e-01
1.603868247999999949e+04	7.907736368371621680e-03	3.099857061525624902e-01
1.603209276999999929e+04	7.522935772488331674e-03	3.086035120747254168e-01
1.602550869000000057e+04	7.155203903435322817e-03	3.072114051993244388e-01
1.601893022000000019e+04	6.803876187905209989e-03	3.058096153480137636e-01
1.601235736999999972e+04	6.468310422661745565e-03	3.043983784896042155e-01
1.600579011999999966e+04	6.147883191471196357e-03	3.029779239022717396e-01
1.599922847000000002e+04	5.841992091744132101e-03	3.015484848156895215e-01
1.599267240999999922e+04	5.550053820052470478e-03	3.001102919105336220e-01
1.598612194000000090e+04	5.271504707572097041e-03	2.986635776234110584e-01
1.597957703000000038e+04	5.005798632064767384e-03	2.972085672483559815e-01
1.597303770000000077e+04	4.752409913712511008e-03	2.957454966288236564e-01
1.596650393000000076e+04	4.510829201235005276e-03	2.942745921369790407e-01
1.595997572000000036e+04	4.280565476690818827e-03	2.927960839775139434e-01
1.595345305000000008e+04	4.061144156302329625e-03	2.913101971370662402e-01
1.594693591999999990e+04	3.852108083835951123e-03	2.898171603969847410e-01
1.594042432000000008e+04	3.653016062929425375e-03	2.883171994867382293e-01
1.593391826000000037e+04	3.463443368768682334e-03	2.868105439414057045e-01
1.592741770999999972e+04	3.282979571135213447e-03	2.852974131745787401e-01
1.592092266999999993e+04	3.111230195460473313e-03	2.837780326154094590e-01
1.591443313999999918e+04	2.947815377320676337e-03	2.822526267716202186e-01
1.590794909999999982e+04	2.792368991461930284e-03	2.807214144514186271e-01
1.590147055999999975e+04	2.644539477806940719e-03	2.791846205020357963e-01
1.589499750999999924e+04	2.503988214650508266e-03	2.776424639881406864e-01
1.588852993000000060e+04	2.370389436811588292e-03	2.760951604458229958e-01
1.588206782000000021e+04	2.243430468295665951e-03	2.745429290175357973e-01
1.587561117000000013e+04	2.122810691179335268e-03	2.729859852620658556e-01
1.586915998000000036e+04	2.008241561060325822e-03	2.714245459203341593e-01
1.586271423999999934e+04	1.899445860782731808e-03	2.698588240558938978e-01
1.585627393999999913e+04	1.796157533792655091e-03	2.682890314175054858e-01
1.584983907999999974e+04	1.698121471048093028e-03	2.667153808546657845e-01
1.584340964999999960e+04	1.605092836840340750e-03	2.651380814083976190e-01
1.583698564000000079e+04	1.516836893872907689e-03	2.635573407037610782e-01
1.583056704999999965e+04	1.433128789335819239e-03	2.619733673896234571e-01
1.582415386000000035e+04	1.353752827057621124e-03	2.603863637075602977e-01
1.581774608000000080e+04	1.278502777783841610e-03	2.587965378166670605e-01
1.581134368999999970e+04	1.207180817865673595e-03	2.572040889164933786e-01
1.580494669000000067e+04	1.139597821792597953e-03	2.556092196067327182e-01
1.579855507000000034e+04	1.075572709233565873e-03	2.540121284128294410e-01
1.579216883000000053e+04	1.014932361302864653e-03	2.524130147437930738e-01
1.578578794999999991e+04	9.575110444401356818e-04	2.508120713564185311e-01
1.577941243000000031e+04	9.031505091934410173e-04	2.492094943455711586e-01
1.577304226999999992e+04	8.516995128328455579e-04	2.476054781249970860e-01
1.576667746000000079e+04	8.030134805934350476e-04	2.460002128769112617e-01
1.576031797999999981e+04	7.569542684626015452e-04	2.443938845082482825e-01
1.575396384000000035e+04	7.133901970482301076e-04	2.427866847361996594e-01
1.574761503000000084e+04	6.721954360702439308e-04	2.411787984455396050e-01
1.574127153999999973e+04	6.332499243998076848e-04	2.395704087085963885e-01
1.573493336000000090e+04	5.964391401321008420e-04	2.379616967657890159e-01
1.572860049000000072e+04	5.616539311957250867e-04	2.363528445484886775e-01
1.572227291999999943e+04	5.287901840319787945e-04	2.347440295837597002e-01
1.571595065000000068e+04	4.977487255156542870e-04	2.331354300564390247e-01
1.570963365999999951e+04	4.684349724212863377e-04	2.315272171600695483e-01
1.570332194999999956e+04	4.407589327151132308e-04	2.299195652579834881e-01
1.569701552000000083e+04	4.146349112589001944e-04	2.283126467825542516e-01
1.569071435000000019e+04	3.899812526143436875e-04	2.267066271203070360e-01
1.568441844999999921e+04	3.667203667668920432e-04	2.251016773394818316e-01
1.567812780000000021e+04	3.447783245491368716e-04	2.234979588843924447e-01
1.567184238999999980e+04	3.240848523445944091e-04	2.218956337581592664e-01
1.566556222999999954e+04	3.045731941399256923e-04	2.202948670603626646e-01
1.565928730999999971e+04	2.861798283013072754e-04	2.186958167774581963e-01
1.565301761000000079e+04	2.688443657749718511e-04	2.170986363247213446e-01
1.564675312999999915e+04	2.525094924438430182e-04	2.155034821804822087e-01
1.564049387000000024e+04	2.371207701765198157e-04	2.139105087769267721e-01
1.563423982000000069e+04	2.226264844531042797e-04	2.123198659474149486e-01
1.562799097000000074e+04	2.089775471496961036e-04	2.107317014674021660e-01
1.562174731000000065e+04	1.961273757758141801e-04	2.091461610480886690e-01
1.561550885000000017e+04	1.840318151167347975e-04	2.075633934024632976e-01
1.560927556000000004e+04	1.726489086120215231e-04	2.059835350143161548e-01
1.560304745999999977e+04	1.619389635613804857e-04	2.044067329599376370e-01
1.559682452000000012e+04	1.518642659096525139e-04	2.028331195590773739e-01
1.559060675000000083e+04	1.423891397195783633e-04	2.012628351631188250e-01
1.558439413000000059e+04	1.334797370463206370e-04	1.996960104440008710e-01
1.557818666999999914e+04	1.251040395004850093e-04	1.981327815433121531e-01
1.557198435000000063e+04	1.172316857687161218e-04	1.965732749386808753e-01
1.556578715999999986e+04	1.098339469978401481e-04	1.950176175348427299e-01
1.555959511000000020e+04	1.028836545270194001e-04	1.934659391471280909e-01
1.555340818000000036e+04	9.635506640590061635e-05	1.919183599602587720e-01
1.554722637000000032e+04	9.022385295067582138e-05	1.903750030690015138e-01
1.554104968000000008e+04	8.446700319299593296e-05	1.888359894530016458e-01
1.553487809000000016e+04	7.906274201777907182e-05	1.873014330092701296e-01
1.552871160000000054e+04	7.399050424372167567e-05	1.857714505210343037e-01
1.552255019999999968e+04	6.923084658624746135e-05	1.842461541882405296e-01
1.551639388999999937e+04	6.476540662244439548e-05	1.827256565923815190e-01
1.551024265999999989e+04	6.057683241645422462e-05	1.812100657489253419e-01
1.550409650999999940e+04	5.664874469660162269e-05	1.796994900505985981e-01
1.549795542000000023e+04	5.296566746682968956e-05	1.781940308959826247e-01
1.549181940000000031e+04	4.951301136434167641e-05	1.766937949675690123e-01
1.548568843000000015e+04	4.627699224416513026e-05	1.751988795290463641e-01
1.547956250999999975e+04	4.324461702382621938e-05	1.737093846723389290e-01
1.547344163999999910e+04	4.040363027346177753e-05	1.722254084137794239e-01
1.546732580000000053e+04	3.774246672735602151e-05	1.707470418727913553e-01
1.546121499000000040e+04	3.525023253803037898e-05	1.692743789773882568e-01
1.545510921000000053e+04	3.291665969790988713e-05	1.678075116012020251e-01
1.544900844999999936e+04	3.073206894391113700e-05	1.663465271799238476e-01
1.544291268999999920e+04	2.868733887773621400e-05	1.648915087585805517e-01
1.543682194999999956e+04	2.677389166575958881e-05	1.634425469161365219e-01
1.543073619999999937e+04	2.498363442720878729e-05	1.619997183126195006e-01
1.542465545000000020e+04	2.330896057814331785e-05	1.605631071292242529e-01
1.541857969000000048e+04	2.174270507562285900e-05	1.591327908129976099e-01
1.541250890000000072e+04	2.027812374949566118e-05	1.577088425128053140e-01
1.540644310000000041e+04	1.890888141462914563e-05	1.562913427971664160e-01
1.540038226000000031e+04	1.762900824021970461e-05	1.548803585773163571e-01
1.539432638000000043e+04	1.643289741931557810e-05	1.534759618576717333e-01
1.538827547000000050e+04	1.531527948338944620e-05	1.520782250028264171e-01
1.538222949999999946e+04	1.427119442484732342e-05	1.506872092223389137e-01
1.537618848000000071e+04	1.329598847664946629e-05	1.493029830630616117e-01
1.537015240000000085e+04	1.238528609976436200e-05	1.479256085716398328e-01
1.536412125000000015e+04	1.153497762871910497e-05	1.465551459374099530e-01
1.535809503000000041e+04	1.074120523615342785e-05	1.451916557641980132e-01
1.535207373000000007e+04	1.000034565024345759e-05	1.438351945396298681e-01
1.534605733999999939e+04	9.308998009589061461e-06	1.424858169364261740e-01
1.534004586000000018e+04	8.663971938891460706e-06	1.411435780550126529e-01
1.533403929000000062e+04	8.062273983354075911e-06	1.398085311700909272e-01
1.532803760999999940e+04	7.501094265464242568e-06	1.384807233304916341e-01
1.532204082000000017e+04	6.977799555644551946e-06	1.371602042650975906e-01
1.531604891999999927e+04	6.489920754150887072e-06	1.358470219219738706e-01
1.531006189000000086e+04	6.035141696658127329e-06	1.345412181319141920e-01
1.530407973999999922e+04	5.611293882476275193e-06	1.332428395558773182e-01
1.529810246000000006e+04	5.216343855381685629e-06	1.319519267692400022e-01
1.529213004000000001e+04	4.848386673382404321e-06	1.306685186720601410e-01
1.528616246999999930e+04	4.505638158584048950e-06	1.293926525058402277e-01
1.528019974999999977e+04	4.186428104941000815e-06	1.281243659919572564e-01
1.527424187999999958e+04	3.889192729587081242e-06	1.268636951828548132e-01
1.526828883999999925e+04	3.612467303485019336e-06	1.256106702799832664e-01
1.526234064000000035e+04	3.354882447369852507e-06	1.243653262029204287e-01
1.525639725999999973e+04	3.115155576877477054e-06	1.231276899776830441e-01
1.525045869999999923e+04	2.892087722012298866e-06	1.218977912503079741e-01
1.524452495000000090e+04	2.684557129594957967e-06	1.206756560291597363e-01
1.523859600999999930e+04	2.491515208426581350e-06	1.194613108444602806e-01
1.523267187999999987e+04	2.311981594347844237e-06	1.182547806776037963e-01
1.522675253999999950e+04	2.145039355070907602e-06	1.170560849401494768e-01
1.522083798999999999e+04	1.989832191870482186e-06	1.158652456383889029e-01
1.521492822999999953e+04	1.845560004127509724e-06	1.146822832831947553e-01
1.520902324000000044e+04	1.711474914814866127e-06	1.135072129396629687e-01
1.520312303000000065e+04	1.586879116781863770e-06	1.123400542244515493e-01
1.519722759000000042e+04	1.471120565454340153e-06	1.111808213447657845e-01
1.519133690999999999e+04	1.363590538097756856e-06	1.100295271319950974e-01
1.518545097999999962e+04	1.263720865991478168e-06	1.088861830602566444e-01
1.517956981000000087e+04	1.170981639315420972e-06	1.077508031140420458e-01
1.517369338000000062e+04	1.084877953419908269e-06	1.066233941240112559e-01
1.516782167999999911e+04	1.004948308648863249e-06	1.055039635676245785e-01
1.516195471999999972e+04	9.307625285837673413e-07	1.043925214160412729e-01
1.515609249000000091e+04	8.619192040682813930e-07	1.032890725266107923e-01
1.515023497999999927e+04	7.980441049520892021e-07	1.021936205106493134e-01
1.514438219000000026e+04	7.387885033211914353e-07	1.011061696040546076e-01
1.513853410000000076e+04	6.838272035660141181e-07	1.000267191058517996e-01
1.513269072000000051e+04	6.328574734565044982e-07	9.895527265632836356e-02
1.512685203999999976e+04	5.855970977831889047e-07	9.789182899602624777e-02
1.512101806000000033e+04	5.417832915719924538e-07	9.683638751557989421e-02
1.511518875999999909e+04	5.011711902424294678e-07	9.578894284080927135e-02
1.510936413999999968e+04	4.635329499777225864e-07	9.474949208779258336e-02
1.510354420000000027e+04	4.286564591846746175e-07	9.371803122628796778e-02
1.509772892999999931e+04	3.963442359499134871e-07	9.269455334430981575e-02
1.509191832000000068e+04	3.664125152260571864e-07	9.167905046961496995e-02
1.508611238000000048e+04	3.386904190919775163e-07	9.067151704650378008e-02
1.508031107999999949e+04	3.130188054651056716e-07	8.967193952976151849e-02
1.507451444000000083e+04	2.892498844359384521e-07	8.868031199026943368e-02
1.506872243999999955e+04	2.672460581147538084e-07	8.769662059523600228e-02
1.506293506999999954e+04	2.468794455464807193e-07	8.672085227232406712e-02
1.505715234000000055e+04	2.280312407445105502e-07	8.575299633364838470e-02
1.505137422999999944e+04	2.105909288142556439e-07	8.479303609450491996e-02
1.504560074999999961e+04	1.944559079676288242e-07	8.384095893356947882e-02
1.503983187999999973e+04	1.795307714780424572e-07	8.289674634254959318e-02
1.503406761000000006e+04	1.657269290026106278e-07	8.196038060179174078e-02
1.502830796000000009e+04	1.529621708895510876e-07	8.103184794840316563e-02
1.502255290000000059e+04	1.411600494479436271e-07	8.011112565998239343e-02
1.501680242999999973e+04	1.302496574558599418e-07	7.919819503070274491e-02
1.501105654999999933e+04	1.201651740789053412e-07	7.829303649709776214e-02
1.500531524999999965e+04	1.108454952618046821e-07	7.739562809854967640e-02
1.499957853000000068e+04	1.022339382554113776e-07	7.650594864521749472e-02
1.499384638000000086e+04	9.427790066729529558e-08	7.562397460903996782e-02
1.498811880000000019e+04	8.692860309439090276e-08	7.474968324252272145e-02
1.498239578000000074e+04	8.014079328986570545e-08	7.388304951838341184e-02
1.497667730999999912e+04	7.387251164879746119e-08	7.302404770324458227e-02
1.497096339000000080e+04	6.808486792431362393e-08	7.217265285822696552e-02
1.496525401000000056e+04	6.274180249507907459e-08	7.132883785121553466e-02
1.495954917000000023e+04	5.780990483971116337e-08	7.049257635344449713e-02
1.495384886999999981e+04	5.325821446163503569e-08	6.966384134776884562e-02
1.494815308999999979e+04	4.905803197543129840e-08	6.884260227335592397e-02
1.494246183000000019e+04	4.518278803171516373e-08	6.802883085708451294e-02
1.493677510000000075e+04	4.160788003399509084e-08	6.722249959780432493e-02
1.493109287000000040e+04	3.831050112001187090e-08	6.642357472255792927e-02
1.492541515000000072e+04	3.526955923668392751e-08	6.563202754560559793e-02
1.491974193000000014e+04	3.246551784212432108e-08	6.484782598836852374e-02
1.491407320000000072e+04	2.988029534360583520e-08	6.407093744244737876e-02
1.490840897000000041e+04	2.749716753254372063e-08	6.330133149040088891e-02
1.490274921999999970e+04	2.530064762698086427e-08	6.253897309793982062e-02
1.489709395000000040e+04	2.327641703300900964e-08	6.178382945187026881e-02
1.489144314999999915e+04	2.141122813074794503e-08	6.103586590455422484e-02
1.488579682999999932e+04	1.969283571521984728e-08	6.029504996548256529e-02
1.488015495999999985e+04	1.810990538799176378e-08	5.956134343198050962e-02
1.487451756000000023e+04	1.665197252375196718e-08	5.883471418305012690e-02
1.486888460999999916e+04	1.530935339116151076e-08	5.811512446044486691e-02
1.486325610000000052e+04	1.407310118790637842e-08	5.740253741375555413e-02
1.485763204000000042e+04	1.293495264595787306e-08	5.669691830580765590e-02
1.485201240999999936e+04	1.188726712018087424e-08	5.599822822480169521e-02
1.484639722000000074e+04	1.092299203836025808e-08	5.530643162596466517e-02
1.484078644999999960e+04	1.003560831538504046e-08	5.462148888504379796e-02
1.483518010999999933e+04	9.219100484558356411e-09	5.394336370384442830e-02
1.482957818000000043e+04	8.467909882628971743e-09	5.327201579863227732e-02
1.482398065999999926e+04	7.776907666469558344e-09	5.260740698891562539e-02
1.481838754999999946e+04	7.141359519589495253e-09	5.194949875777769843e-02
1.481279883999999947e+04	6.556894989581526213e-09	5.129825110499668106e-02
1.480721451999999954e+04	6.019481324560889506e-09	5.065362376328826077e-02
1.480163459999999941e+04	5.525399639951560319e-09	5.001557848647508048e-02
1.479605905999999959e+04	5.071216685802098229e-09	4.938407331717816623e-02
1.479048790000000008e+04	4.653767586972708760e-09	4.875906834334508416e-02
1.478492110999999932e+04	4.270132950506058063e-09	4.814052228496983055e-02
1.477935870000000068e+04	3.917622226055225878e-09	4.752839584472973167e-02
1.477380064999999922e+04	3.593753043779868211e-09	4.692264619056055880e-02
1.476824695000000065e+04	3.296237938733694955e-09	4.632323142195235444e-02
1.476269762000000082e+04	3.022970164376675326e-09	4.573011265513438756e-02
1.475715263000000050e+04	2.772005880399915847e-09	4.514324545231807734e-02
1.475161197999999968e+04	2.541555576429377090e-09	4.456258843538608155e-02
1.474607567999999992e+04	2.329971013423110073e-09	4.398810107572087569e-02
1.474054370999999992e+04	2.135732863146086694e-09	4.341973956470063928e-02
1.473501605999999992e+04	1.957442331864135524e-09	4.285746102609143404e-02
1.472949274999999943e+04	1.793812267473700466e-09	4.230122547886711049e-02
1.472397374999999920e+04	1.643656122221638765e-09	4.175098776048555976e-02
1.471845905999999923e+04	1.505882505706444572e-09	4.120670564389201929e-02
1.471294867999999951e+04	1.379486847867127807e-09	4.066833678067553748e-02
1.470744261000000006e+04	1.263544628944974048e-09	4.013583871097211458e-02
1.470194082999999955e+04	1.157204755513764444e-09	3.960916696845657309e-02
1.469644334999999955e+04	1.059684786347703576e-09	3.908827990053274221e-02
1.469095015000000058e+04	9.702644289057188420e-10	3.857313293358830691e-02
1.468546124000000054e+04	8.882816793544439467e-10	3.806368426718090975e-02
1.467997660999999971e+04	8.131274234555811797e-10	3.755989016966979066e-02
1.467449625000000015e+04	7.442416022436178098e-10	3.706170689130570267e-02
1.466902016000000003e+04	6.811094431451516465e-10	3.656909156727325416e-02
1.466354833999999937e+04	6.232577344057228610e-10	3.608200129339163287e-02
1.465808077000000048e+04	5.702513462958609048e-10	3.560039138221135491e-02
1.465261744999999974e+04	5.216906110349967265e-10	3.512421893159016484e-02
1.464715839000000051e+04	4.772083598351435074e-10	3.465344188210199572e-02
1.464170355999999992e+04	4.364669508155236246e-10	3.418801473609995450e-02
1.463625297999999930e+04	3.991566027507556745e-10	3.372789630393550203e-02
1.463080662999999913e+04	3.649925081265079929e-10	3.327304200929896705e-02
1.462536450999999943e+04	3.337132509801510513e-10	3.282340900691629870e-02
1.461992661000000044e+04	3.050787374482700434e-10	3.237895366150003729e-02
1.461449293000000034e+04	2.788685926045789722e-10	3.193963320722671695e-02
1.460906346999999914e+04	2.548805138517350378e-10	3.150540491525255504e-02
1.460363820999999916e+04	2.329287371515625766e-10	3.107622452722060349e-02
1.459821716000000015e+04	2.128429056456563976e-10	3.065205023885834990e-02
1.459280031000000054e+04	1.944666220477568106e-10	3.023283872934096755e-02
1.458738766000000032e+04	1.776564310813231487e-10	2.981854753667827207e-02
1.458197919000000002e+04	1.622806765431622912e-10	2.940913276316610078e-02
1.457657490999999936e+04	1.482186857729378981e-10	2.900455288732236778e-02
1.457117481000000043e+04	1.353597340394374641e-10	2.860476496379506239e-02
1.456577887999999984e+04	1.236022922377202793e-10	2.820972616804589758e-02
1.456038711999999941e+04	1.128532942970918997e-10	2.781939452148802019e-02
1.455499952999999914e+04	1.030274203550659746e-10	2.743372814446326871e-02
1.454961609999999928e+04	9.404644653602332935e-11	2.705268455807215491e-02
1.454423682999999983e+04	8.583869767480569942e-11	2.667622212111859029e-02
1.453886169999999947e+04	7.833846363604527676e-11	2.630429793147034956e-02
1.453349072999999953e+04	7.148559101209427025e-11	2.593687199056476586e-02
1.452812389000000076e+04	6.522490685569910883e-11	2.557390100029753241e-02
1.452276118999999926e+04	5.950591989973149921e-11	2.521534454425298361e-02
1.451740262000000075e+04	5.428236207822263077e-11	2.486116099539273025e-02
1.451204817999999977e+04	4.951187149897394384e-11	2.451130954578467983e-02
1.450669786999999997e+04	4.515565749697239581e-11	2.416574953103560464e-02
1.450135167000000001e+04	4.117818996471631598e-11	2.382443916537476183e-02
1.449600957999999991e+04	3.754695921792704409e-11	2.348733812902564430e-02
1.449067159999999967e+04	3.423220746529689652e-11	2.315440625814753003e-02
1.448533772999999928e+04	3.120669936978511732e-11	2.282560354898932609e-02
1.448000794999999925e+04	2.844550152607648791e-11	2.250088895059186231e-02
1.447468226999999933e+04	2.592581603060468060e-11	2.218022343256136064e-02
1.446936067000000003e+04	2.362677167193205341e-11	2.186356633287112050e-02
1.446404317000000083e+04	2.152929328927356260e-11	2.155087955868641852e-02
1.445872974000000067e+04	1.961591429720334378e-11	2.124212225169875429e-02
1.445342037999999957e+04	1.787067292203609746e-11	2.093725553041938386e-02
1.444811510000000089e+04	1.627897592667679551e-11	2.063624126185626892e-02
1.444281387999999970e+04	1.482747172685899050e-11	2.033903980207101697e-02
1.443751672999999937e+04	1.350396274408265859e-11	2.004561340356620508e-02
1.443222363000000041e+04	1.229729196464132253e-11	1.975592285405294510e-02
1.442693457999999919e+04	1.119726716495252709e-11	1.946993026545231972e-02
1.442164957999999933e+04	1.019457385012966344e-11	1.918759794876529270e-02
1.441636861999999928e+04	9.280699062964680109e-12	1.890888789227571434e-02
1.441109170000000086e+04	8.447866819783887323e-12	1.863376283241017714e-02
1.440581881000000067e+04	7.688971989273198603e-12	1.836218520040522328e-02
1.440054996000000028e+04	6.997527334454878816e-12	1.809411867296016260e-02
1.439528512000000046e+04	6.367602942131986186e-12	1.782952511533382814e-02
1.439002431000000070e+04	5.793789628358389920e-12	1.756836914688363407e-02
1.438476750999999967e+04	5.271143792612691749e-12	1.731061360425440940e-02
1.437951471999999922e+04	4.795154150796351769e-12	1.705622255250288308e-02
1.437426593999999932e+04	4.361702336414146136e-12	1.680516027579897695e-02
1.436902115000000049e+04	3.967027692240869953e-12	1.655739034041442403e-02
1.436378037000000040e+04	3.607700923096742829e-12	1.631287843672079435e-02
1.435854357999999957e+04	3.280589763074427785e-12	1.607158860139692655e-02
1.435331077000000005e+04	2.982836979723251493e-12	1.583348559532651162e-02
1.434808194999999978e+04	2.711836850375254123e-12	1.559853532229960212e-02
1.434285709999999926e+04	2.465210770249550005e-12	1.536670256941165096e-02
1.433763623000000007e+04	2.240790550559856378e-12	1.513795370444651761e-02
1.433241933000000063e+04	2.036597813816033424e-12	1.491225444439074448e-02
1.432720638999999937e+04	1.850828480306716261e-12	1.468957076050134841e-02
1.432199741999999969e+04	1.681838212713721386e-12	1.446986971715259578e-02
1.431679239000000052e+04	1.528126578659839733e-12	1.425311693660569548e-02
1.431159132999999929e+04	1.388327493437470293e-12	1.403928079100962532e-02
1.430639420000000064e+04	1.261193862687958426e-12	1.382832700256867234e-02
1.430120102000000043e+04	1.145590575178468153e-12	1.362022400245083489e-02
1.429601178000000073e+04	1.040482457638511949e-12	1.341493923904074452e-02
1.429082646999999997e+04	9.449262800275088109e-13	1.321244041952581404e-02
1.428564508999999998e+04	8.580628416230796461e-13	1.301269589311055373e-02
1.428046764000000076e+04	7.791093800429623845e-13	1.281567424838705310e-02
1.427529409999999916e+04	7.073525868292600110e-13	1.262134356757720413e-02
1.427012448000000040e+04	6.421431917186866063e-13	1.242967331718057393e-02
1.426495876999999928e+04	5.828896274628257039e-13	1.224063245784252560e-02
1.425979696999999942e+04	5.290533232005095258e-13	1.205419056912363646e-02
1.425463906999999926e+04	4.801438003303262617e-13	1.187031711764805451e-02
1.424948507000000063e+04	4.357146167779873932e-13	1.168898217961459110e-02
1.424433496000000014e+04	3.953592838607232587e-13	1.151015572776647664e-02
1.423918873999999960e+04	3.587078878490964572e-13	1.133380833507178359e-02
1.423404639999999927e+04	3.254236919712069631e-13	1.115991048011177184e-02
1.422890795000000071e+04	2.952003795556068605e-13	1.098843356384113061e-02
1.422377337000000080e+04	2.677590491394838865e-13	1.081934822972904428e-02
1.421864265999999952e+04	2.428460635667823517e-13	1.065262604317792315e-02
1.421351582000000053e+04	2.202306741133326841e-13	1.048823881065254725e-02
1.420839284000000043e+04	1.997029395019157973e-13	1.032615826532011158e-02
1.420327371999999923e+04	1.810719501135971767e-13	1.016635670800556529e-02
1.419815846000000056e+04	1.641640792297911258e-13	1.000880667988549022e-02
1.419304703999999947e+04	1.488213781093927506e-13	9.853480358581820017e-03
1.418793946999999935e+04	1.349003213601423897e-13	9.700351087315609022e-03
1.418283574000000044e+04	1.222703627021871455e-13	9.549391844694979717e-03
1.417773584999999912e+04	1.108128518609145463e-13	9.400576153871126675e-03
1.417263978999999927e+04	1.004199164835172267e-13	9.253877490293625774e-03
1.416754756000000089e+04	9.099353409024141524e-14	9.109269864701723118e-03
1.416245915000000059e+04	8.244460457426884446e-14	8.966727246637695367e-03
1.415737456000000020e+04	7.469218002800752231e-14	8.826224131716981641e-03
1.415229378999999972e+04	6.766270885385114515e-14	8.687735251253346502e-03
1.414721681999999964e+04	6.128934298012730159e-14	8.551235037635275885e-03
1.414214366999999947e+04	5.551140495619628411e-14	8.416699240413634889e-03
1.413707430999999997e+04	5.027372272218887630e-14	8.284102514791027300e-03
1.413200876000000062e+04	4.552623891857976460e-14	8.153421072889042998e-03
1.412694699000000037e+04	4.122344717234982993e-14	8.024630066923429950e-03
1.412188902000000053e+04	3.732406785873416408e-14	7.897706168298204363e-03
1.411683482999999978e+04	3.379058847968660940e-14	7.772625267755762894e-03
1.411178442999999970e+04	3.058897349568006901e-14	7.649364239903099633e-03
1.410673780000000079e+04	2.768830689456756482e-14	7.527899457151690857e-03
1.410169493999999941e+04	2.506053870212074861e-14	7.408208017472031962e-03
1.409665584999999919e+04	2.268020975894148222e-14	7.290267245104392960e-03
1.409162053000000014e+04	2.052421473382871491e-14	7.174054689645702546e-03
1.408658895999999913e+04	1.857157920404667311e-14	7.059547673148275186e-03
1.408156115999999929e+04	1.680328719699085522e-14	6.946724657679399263e-03
1.407653709999999955e+04	1.520206875182913095e-14	6.835563203837616286e-03
1.407151678999999967e+04	1.375227038178639095e-14	6.726041997140977738e-03
1.406650021999999990e+04	1.243968687224987841e-14	6.618139503519726227e-03
1.406148739000000023e+04	1.125143680793059958e-14	6.511834630414270464e-03
1.405647830000000067e+04	1.017583759625900282e-14	6.407106502883452848e-03
1.405147293999999965e+04	9.202293079030581580e-15	6.303934257854385166e-03
1.404647129999999925e+04	8.321195633982487367e-15	6.202297259262710971e-03
1.404147338999999920e+04	7.523837779536825847e-15	6.102175494360503535e-03
1.403647919000000002e+04	6.802320819666528293e-15	6.003548563586655687e-03
1.403148870999999963e+04	6.149489096212495607e-15	5.906396881314878236e-03
1.402650194000000010e+04	5.558853939083768108e-15	5.810700680004413261e-03
1.402151886999999988e+04	5.024534776391405830e-15	5.716440412178227029e-03
1.401653951000000052e+04	4.541204467471273727e-15	5.623597119099970482e-03
1.401156384000000071e+04	4.104032942079571467e-15	5.532151490367338657e-03
1.400659187000000020e+04	3.708646516028061538e-15	5.442084981362892669e-03
1.400162358999999924e+04	3.351081023493193853e-15	5.353378886261770352e-03
1.399665898999999990e+04	3.027745463249324747e-15	5.266014712042574493e-03
1.399169807000000037e+04	2.735387716604058799e-15	5.179974349064199804e-03
1.398674083000000064e+04	2.471062156668914891e-15	5.095239887322975184e-03
1.398178725999999915e+04	2.232100552851970036e-15	5.011793447928256616e-03
1.397683735999999953e+04	2.016087133617337569e-15	4.929617523537591604e-03
1.397189112999999998e+04	1.820834394030726650e-15	4.848694802344450175e-03
1.396694856000000073e+04	1.644361369651385515e-15	4.769008006709852220e-03
1.396200964000000022e+04	1.484874704733514846e-15	4.690540061209507068e-03
1.395707438000000002e+04	1.340751578625592549e-15	4.613274401808321531e-03
1.395214276000000064e+04	1.210522199094061678e-15	4.537194185801670526e-03
1.394721478999999999e+04	1.092857080661746330e-15	4.462283229768015426e-03
1.394229046000000017e+04	9.865525230873234771e-16	4.388525231015224203e-03
1.393736976999999933e+04	8.905194907635081146e-16	4.315904227837934030e-03
1.393245269999999982e+04	8.037722157716537177e-16	4.244404154066302483e-03
1.392753926999999931e+04	7.254194921027345339e-16	4.174009712217553389e-03
1.392262946000000011e+04	6.546543959162109567e-16	4.104705208688988992e-03
1.391772328000000016e+04	5.907474145533160487e-16	4.036475560624580919e-03
1.391282070000000022e+04	5.330381802241925063e-16	3.969305311369812107e-03
1.390792173999999977e+04	4.809300127027118167e-16	3.903179875455558851e-03
1.390302639000000090e+04	4.338829380541474967e-16	3.838084430772596700e-03
1.389813464999999997e+04	3.914087581425602515e-16	3.774004467241648224e-03
1.389324649999999929e+04	3.530658744562896407e-16	3.710925391223932925e-03
1.388836195000000043e+04	3.184552549858590453e-16	3.648833174069450458e-03
1.388348099999999977e+04	2.872160562303993024e-16	3.587713824783821288e-03
1.387860362999999961e+04	2.590219615232843520e-16	3.527553275769769979e-03
1.387372984999999971e+04	2.335781829152597558e-16	3.468338002690316783e-03
1.386885964000000058e+04	2.106181225323983710e-16	3.410054282774333066e-03
1.386399301999999989e+04	1.899010213547500568e-16	3.352689039345199684e-03
1.385912996000000021e+04	1.712090951051490110e-16	3.296228767690932530e-03
1.385427047999999922e+04	1.543457442280864504e-16	3.240660712430253054e-03
1.384941455999999926e+04	1.391331891435391606e-16	3.185971816616176705e-03
1.384456220000000030e+04	1.254108803366529881e-16	3.132149415091584239e-03
1.383971340000000055e+04	1.130337747195014446e-16	3.079180999124917287e-03
1.383486815999999999e+04	1.018708489840987253e-16	3.027054215013566356e-03
1.383002645999999913e+04	9.180371488038736727e-17	2.975756652408539493e-03
1.382518829999999980e+04	8.272549259169526955e-17	2.925276273082165045e-03
1.382035368999999992e+04	7.453967233840922348e-17	2.875601291349780871e-03
1.381552261999999973e+04	6.715906720750050677e-17	2.826719863687958932e-03
1.381069507999999951e+04	6.050495427479136147e-17	2.778620300655709405e-03
1.380587106999999924e+04	5.450627016101446424e-17	2.731291162654704216e-03
1.380105059000000074e+04	4.909885652790628771e-17	2.684721155014515703e-03
1.379623363000000063e+04	4.422478426706073120e-17	2.638899032227773941e-03
1.379142017999999916e+04	3.983176446099145433e-17	2.593813696777846293e-03
1.378661025999999947e+04	3.587262622552540512e-17	2.549454472102002066e-03
1.378180384000000049e+04	3.230475565712718272e-17	2.505810359070943360e-03
1.377700093000000015e+04	2.908972681774469267e-17	2.462870868185678547e-03
1.377220152000000053e+04	2.619285043460597220e-17	2.420625466183264768e-03
1.376740560999999980e+04	2.358283213196680324e-17	2.379063846364792758e-03
1.376261319999999978e+04	2.123143608397197566e-17	2.338175835746700206e-03
1.375782428000000073e+04	1.911318391819185720e-17	2.297951310387675097e-03
1.375303883999999925e+04	1.720509228258333632e-17	2.258380282580383942e-03
1.374825689000000057e+04	1.548643685106890352e-17	2.219453060878814280e-03
1.374347841999999946e+04	1.393851732402299557e-17	2.181159917978303837e-03
1.373870342999999957e+04	1.254447132291929641e-17	2.143491336798079849e-03
1.373393190999999933e+04	1.128908903416421945e-17	2.106437848793077990e-03
1.372916386000000057e+04	1.015865756545110027e-17	2.069990190363650909e-03
1.372439926999999989e+04	9.140809783851233411e-18	2.034139146146489354e-03
1.371963813999999911e+04	8.224397366737608256e-18	1.998875700548323562e-03
1.371488047999999981e+04	7.399370855876216936e-18	1.964191030529472293e-03
1.371012625999999909e+04	6.656664140686285103e-18	1.930076142699436873e-03
1.370537550000000010e+04	5.988112703441289235e-18	1.896522525256489657e-03
1.370062817999999970e+04	5.386351576051814863e-18	1.863521497948230970e-03
1.369588429999999971e+04	4.844745567923934795e-18	1.831064640172499298e-03
1.369114386999999988e+04	4.357315712278405938e-18	1.799143711886958897e-03
1.368640685999999914e+04	3.918670089315839146e-18	1.767750318364993013e-03
1.368167329000000063e+04	3.523954756132688674e-18	1.736876512291785210e-03
1.367694314999999915e+04	3.168793439876477440e-18	1.706514257008418575e-03
1.367221643000000040e+04	2.849243440375244024e-18	1.676655628774803694e-03
1.366749313000000075e+04	2.561753494835753756e-18	1.647292877086131225e-03
1.366277325000000019e+04	2.303124440747022754e-18	1.618418357735374900e-03
1.365805678000000080e+04	2.070474051654229835e-18	1.590024471909333870e-03
1.365334372000000076e+04	1.861206813283649733e-18	1.562103787308857013e-03
1.364863406000000032e+04	1.672984675706516696e-18	1.534648916489158004e-03
1.364392780999999923e+04	1.503702805781766262e-18	1.507652691028803140e-03
1.363922494999999981e+04	1.351464711101941070e-18	1.481107871176908994e-03
1.363452548999999999e+04	1.214563688157082598e-18	1.455007488863683824e-03
1.362982942000000003e+04	1.091462430028243146e-18	1.429344561992755861e-03
1.362513673000000017e+04	9.807769192258420380e-19	1.404112208832480500e-03
1.362044743000000017e+04	8.812616272613126724e-19	1.379303751718393171e-03
1.361576151000000027e+04	7.917948852739841207e-19	1.354912500835750693e-03
1.361107897000000048e+04	7.113672435322964433e-19	1.330931913968584233e-03
1.360639978999999948e+04	6.390698148223884364e-19	1.307355441247927364e-03
1.360172399000000041e+04	5.740851936398700564e-19	1.284176827160307633e-03
1.359705155000000013e+04	5.156771843162153990e-19	1.261389706328530300e-03
1.359238247000000047e+04	4.631835710720763318e-19	1.238987903897841329e-03
1.358771674999999959e+04	4.160084621925788937e-19	1.216965332884985393e-03
1.358305438999999933e+04	3.736156849652409664e-19	1.195315993129961261e-03
1.357839537000000018e+04	3.355226794632810748e-19	1.174033879644523562e-03
1.357373970000000008e+04	3.012955633910990280e-19	1.153113211797997641e-03
1.356908738000000085e+04	2.705439301212003972e-19	1.132548245805462287e-03
1.356443839999999909e+04	2.429165378822321130e-19	1.112333277403920219e-03
1.355979275000000052e+04	2.180974703062067194e-19	1.092462686791422985e-03
1.355515042999999969e+04	1.958026468921985430e-19	1.072930979249550956e-03
1.355051144999999997e+04	1.757766168764134939e-19	1.053732780633599361e-03
1.354587578000000030e+04	1.577894932954625366e-19	1.034862631176687846e-03
1.354124344999999994e+04	1.416347854042573221e-19	1.016315394957575382e-03
1.353661441999999988e+04	1.271265804214568451e-19	9.980857313357980286e-04
1.353198871999999938e+04	1.140979445048270566e-19	9.801686545739987481e-04
1.352736631999999918e+04	1.023986231551602427e-19	9.625590192080739176e-04
1.352274724000000060e+04	9.189366737490793960e-20	9.452519468298798333e-04
1.351813145000000077e+04	8.246165402397391040e-20	9.282424440936622558e-04
1.351351896999999917e+04	7.399354235320446295e-20	9.115257764947202459e-04
1.350890978999999970e+04	6.639126444375649996e-20	8.950971695465177475e-04
1.350430390000000079e+04	5.956668440718140300e-20	8.789519211300046231e-04
1.349970129000000088e+04	5.344059720813188184e-20	8.630854005114758530e-04
1.349510197999999946e+04	4.794186189744669621e-20	8.474931482265538052e-04
1.349050595000000067e+04	4.300650277593582080e-20	8.321706353242757422e-04
1.348591320000000087e+04	3.857705949078991349e-20	8.171134687334343991e-04
1.348132372000000032e+04	3.460189600002642631e-20	8.023172889152699458e-04
1.347673752000000059e+04	3.103463782778819683e-20	7.877778659906976930e-04
1.347215458000000035e+04	2.783360075615969627e-20	7.734909390128785712e-04
1.346757490999999936e+04	2.496136084134561706e-20	7.594524053408199154e-04
1.346299849999999969e+04	2.238428859836363330e-20	7.456581625928560171e-04
1.345842534999999953e+04	2.007218403946873850e-20	7.321042010807190473e-04
1.345385546000000068e+04	1.799792271976664829e-20	7.187865715691146417e-04
1.344928881999999976e+04	1.613714020897778226e-20	7.057013560678269005e-04
1.344472542000000067e+04	1.446795727993930092e-20	6.928446973633872741e-04
1.344016527999999926e+04	1.297073685263229711e-20	6.802128805637340427e-04
1.343560836999999992e+04	1.162783002374634281e-20	6.678021092892243724e-04
1.343105470000000059e+04	1.042340281278691071e-20	6.556087553711274253e-04
1.342650425999999970e+04	9.343233573180531504e-21	6.436291923164262933e-04
1.342195706000000064e+04	8.374559141672468011e-21	6.318599016872252340e-04
1.341741308000000026e+04	7.505915606919315373e-21	6.202973418120009182e-04
1.341287233000000015e+04	6.727018170931453080e-21	6.089381023405537321e-04
1.340833479000000079e+04	6.028630075778499204e-21	5.977787507886326342e-04
1.340380047999999988e+04	5.402466870367393218e-21	5.868160058833057652e-04
1.339926936999999998e+04	4.841086417145645830e-21	5.760465165138097844e-04
1.339474148000000059e+04	4.337816081947608471e-21	5.654671028126488554e-04
1.339021680000000015e+04	3.886664242649382767e-21	5.550745632616351606e-04
1.338569532000000072e+04	3.482254595308066089e-21	5.448657470976874884e-04
1.338117704000000049e+04	3.119763980740587872e-21	5.348375755800898043e-04
1.337666194999999971e+04	2.794864107538954444e-21	5.249869961288610018e-04
1.337215005999999994e+04	2.503673052767837831e-21	5.153110472937126336e-04
1.336764135999999962e+04	2.242706843587262695e-21	5.058067708208515128e-04
1.336313585000000057e+04	2.008840680839709943e-21	4.964712762626132198e-04
1.335863351999999941e+04	1.799271024242571428e-21	4.873016981452464092e-04
1.335413436000000002e+04	1.611483243336136043e-21	4.782952169124861830e-04
1.334963839000000007e+04	1.443223024946316745e-21	4.694491167662779457e-04
1.334514559000000008e+04	1.292466977275529699e-21	4.607606457805669335e-04
1.334065596000000005e+04	1.157401208025032734e-21	4.522271350386320018e-04
1.333616949000000022e+04	1.036398763660897136e-21	4.438459391316160641e-04
1.333168619000000035e+04	9.280012136091226903e-22	4.356144917618117937e-04
1.332720605000000069e+04	8.309002984168690654e-22	4.275302304210888606e-04
1.332272905999999966e+04	7.439230371833102077e-22	4.195906341043101426e-04
1.331825523000000067e+04	6.660181219843660488e-22	4.117932572427894402e-04
1.331378455000000031e+04	5.962426509682187209e-22	4.041356581915223002e-04
1.330931701000000066e+04	5.337513601824401165e-22	3.966154350249918425e-04
1.330485261999999966e+04	4.777867881563305971e-22	3.892302577352468938e-04
1.330039135999999962e+04	4.276695837565040754e-22	3.819777842298083498e-04
1.329593325000000004e+04	3.827912557848577586e-22	3.748557748784851090e-04
1.329147825999999986e+04	3.426059185236787022e-22	3.678619463467064366e-04
1.328702641000000040e+04	3.066247823260489381e-22	3.609941308296332665e-04
1.328257768000000033e+04	2.744094618131275009e-22	3.542501335245094472e-04
1.327813207999999941e+04	2.455673204477189783e-22	3.476278407896492046e-04
1.327368959999999970e+04	2.197463786578346869e-22	3.411251431562230523e-04
1.326925022999999965e+04	1.966312561325871383e-22	3.347399659110394336e-04
1.326481398000000081e+04	1.759394680018067603e-22	3.284702965806822451e-04
1.326038083000000006e+04	1.574177806238068974e-22	3.223141131392900688e-04
1.325595080000000053e+04	1.408394813850076745e-22	3.162694818452784027e-04
1.325152385999999933e+04	1.260012798768926125e-22	3.103344323668709307e-04
1.324710002999999961e+04	1.127212340345940581e-22	3.045070937653376474e-04
1.324267929999999978e+04	1.008362659940541031e-22	2.987855855823068536e-04
1.323826166000000012e+04	9.020030819846826492e-23	2.931680586406894815e-04
1.323384711000000061e+04	8.068255556737206667e-23	2.876527069410587554e-04
1.322943564999999944e+04	7.216585151709050827e-23	2.822377539298358403e-04
1.322502727000000050e+04	6.454525303382276896e-23	2.769214401088905347e-04
1.322062197000000015e+04	5.772679676218654389e-23	2.717020471395666863e-04
1.321621975000000020e+04	5.162633641316586199e-23	2.665778848128671184e-04
1.321182061000000067e+04	4.616852103284840561e-23	2.615472906292771495e-04
1.320742453000000023e+04	4.128585817182588654e-23	2.566086071142816114e-04
1.320303153000000020e+04	3.691796046242436852e-23	2.517602490023021912e-04
1.319864158999999927e+04	3.301072058937171520e-23	2.470006129430917766e-04
1.319425470999999925e+04	2.951571714128247483e-23	2.423281442982100332e-04
1.318987089000000014e+04	2.638960052674435336e-23	2.377413140798111221e-04
1.318549013000000014e+04	2.359356371565587293e-23	2.332386185630893184e-04
1.318111240999999973e+04	2.109285718987205910e-23	2.288185588899633791e-04
1.317673775000000023e+04	1.885639869129794743e-23	2.244797014412849422e-04
1.317236613000000034e+04	1.685634654771839135e-23	2.202205966768670429e-04
1.316799755999999979e+04	1.506779596465252077e-23	2.160398486429463989e-04
1.316363201999999910e+04	1.346844560775954343e-23	2.119360561292471632e-04
1.315926951999999983e+04	1.203834845540667062e-23	2.079078697279662278e-04
1.315491006000000016e+04	1.075964988551663758e-23	2.039539530322671888e-04
1.315055362000000059e+04	9.616367479352513111e-24	2.000729742867790530e-04
1.314620021000000088e+04	8.594208077786707050e-24	1.962636509746816451e-04
1.314184982999999920e+04	7.680379649542092248e-24	1.925247130403901755e-04
1.313750245999999970e+04	6.863433124363671682e-24	1.888548949759606558e-04
1.313315812000000005e+04	6.133132561629814436e-24	1.852529862838102998e-04
1.312881677999999920e+04	5.480312131184553556e-24	1.817177555389679999e-04
1.312447846000000027e+04	4.896779716088387349e-24	1.782480329823142996e-04
1.312014314999999988e+04	4.375202574155536505e-24	1.748426443156305841e-04
1.311581084000000010e+04	3.909021723796507398e-24	1.715004354636251959e-04
1.311148152999999911e+04	3.492371446336089471e-24	1.682202797519894084e-04
1.310715522000000055e+04	3.120005123700465720e-24	1.650010695358422683e-04
1.310283191000000079e+04	2.787230117838447814e-24	1.618417159024057952e-04
1.309851159000000007e+04	2.489848824626561237e-24	1.587411412658326128e-04
1.309419426000000021e+04	2.224107998441387857e-24	1.556982936848868334e-04
1.308987990999999965e+04	1.986650622303851336e-24	1.527121322108467331e-04
1.308556854999999996e+04	1.774475779048097595e-24	1.497816474300257231e-04
1.308126016999999956e+04	1.584899025953174580e-24	1.469058334961695074e-04
1.307695476000000053e+04	1.415520154997726340e-24	1.440837020601369502e-04
1.307265233000000080e+04	1.264193846856175905e-24	1.413142947371939838e-04
1.306835287000000062e+04	1.129001278798932963e-24	1.385966566179552112e-04
1.306405637999999999e+04	1.008227288058436917e-24	1.359298556087857452e-04
1.305976284999999916e+04	9.003382559654378548e-25	1.333129695204151905e-04
1.305547227999999996e+04	8.039634545400273372e-25	1.307450982207711255e-04
1.305118468000000030e+04	7.178777250669723315e-25	1.282253628301483178e-04
1.304690001999999913e+04	6.409851599451309224e-25	1.257528763583043907e-04
1.304261832999999933e+04	5.723072497048227797e-25	1.233268016954534223e-04
1.303833957999999984e+04	5.109684140590677020e-25	1.209462821137673009e-04
1.303406377000000066e+04	4.561865750053569638e-25	1.186104927994691642e-04
1.302979090999999971e+04	4.072628567907300343e-25	1.163186284658820305e-04
1.302552099000000089e+04	3.635724374984642862e-25	1.140698869876933310e-04
1.302125401000000056e+04	3.245570514734225795e-25	1.118634855112106581e-04
1.301698996000000079e+04	2.897177362545525997e-25	1.096986496891470911e-04
1.301272883999999976e+04	2.586087150133357185e-25	1.075746237975011723e-04
1.300847064999999930e+04	2.308316583698778773e-25	1.054906652056063589e-04
1.300421538999999939e+04	2.060306496290604372e-25	1.034460441641428139e-04
1.299996305000000029e+04	1.838876333464276525e-25	1.014400389220795938e-04
1.299571362000000045e+04	1.641184596490141150e-25	9.947194053587164839e-05
1.299146711999999934e+04	1.464693967482624840e-25	9.754106616738745324e-05
1.298722351999999955e+04	1.307135646356163057e-25	9.564672225199838732e-05
1.298298284000000058e+04	1.166484743607166401e-25	9.378824977304701645e-05
1.297874507000000085e+04	1.040931359282011486e-25	9.196498793824727143e-05
1.297451019000000088e+04	9.288586161492781037e-26	9.017628355657959598e-05
1.297027822000000015e+04	8.288233213240677557e-26	8.842151176085438248e-05
1.296604915000000074e+04	7.395356642077211855e-26	8.670004605961392048e-05
1.296182296999999926e+04	6.598437051169490798e-26	8.501127116797415955e-05
1.295759968999999910e+04	5.887189916324861316e-26	8.335459058811452051e-05
1.295337930000000051e+04	5.252426823812217613e-26	8.172941044578319904e-05
1.294916179000000011e+04	4.685942490873706492e-26	8.013514752003789707e-05
1.294494715999999971e+04	4.180410956406358256e-26	7.857123273585587327e-05
1.294073542000000089e+04	3.729291207559537149e-26	7.703711064545578431e-05
1.293652655000000050e+04	3.326739375289183944e-26	7.553222476093095781e-05
1.293232056000000011e+04	2.967540389794451316e-26	7.405603924405999795e-05
1.292811743999999999e+04	2.647036069261561894e-26	7.260802069559658338e-05
1.292391718000000037e+04	2.361067597500378368e-26	7.118764533803738381e-05
1.291971980000000076e+04	2.105923836139090910e-26	6.979440871393615201e-05
1.291552527000000009e+04	1.878288590729974933e-26	6.842779878874364675e-05
1.291133360999999968e+04	1.675204139675771651e-26	6.708732899373330116e-05
1.290714480000000003e+04	1.494028124553421038e-26	6.577250859457138522e-05
1.290295885000000089e+04	1.332403129208726492e-26	6.448286508133704669e-05
1.289877575000000070e+04	1.188224027357529133e-26	6.321792817806027773e-05
1.289459549999999945e+04	1.059612150091848804e-26	6.197723908658835654e-05
1.289041808999999921e+04	9.448903662662901883e-27	6.076034429297995712e-05
1.288624352999999974e+04	8.425622979410215557e-27	5.956680419479597980e-05
1.288207179999999971e+04	7.512917000352788676e-27	5.839617853163174023e-05
1.287790291000000070e+04	6.698866841155587927e-27	5.724804340518630359e-05
1.287373686000000089e+04	5.972833131681819080e-27	5.612197965925009143e-05
1.286957363000000078e+04	5.325318146803856368e-27	5.501757038079395238e-05
1.286541323999999986e+04	4.747852434764938371e-27	5.393441673632627664e-05
1.286125567000000046e+04	4.232872628911909414e-27	5.287211662082811828e-05
1.285710092000000077e+04	3.773632633112870527e-27	5.183028039882789866e-05
1.285294899000000078e+04	3.364112916963096178e-27	5.080852542829666837e-05
1.284879988000000048e+04	2.998942463726424741e-27	4.980647594184733174e-05
1.284465358000000015e+04	2.673328338946079649e-27	4.882376058192245874e-05
1.284051008999999976e+04	2.382995191705561032e-27	4.786001711278063344e-05
1.283636940999999933e+04	2.124128671409938423e-27	4.691488982324982431e-05
1.283223154000000068e+04	1.893325843913638957e-27	4.598802941536832175e-05
1.282809646000000066e+04	1.687549987012491713e-27	4.507908853986138944e-05
1.282396419000000060e+04	1.504094096808749918e-27	4.418773491581009486e-05
1.281983472000000074e+04	1.340541983711932881e-27	4.331363573295148083e-05
1.281570802999999978e+04	1.194738168189802223e-27	4.245646226556926269e-05
1.281158414000000084e+04	1.064761400642885232e-27	4.161590005050476210e-05
1.280746304000000055e+04	9.488970037683938606e-28	4.079163414699671049e-05
1.280334471999999914e+04	8.456157060011054765e-28	3.998335544055457285e-05
1.279922919000000002e+04	7.535540547379459270e-28	3.919076435372110693e-05
1.279511643000000004e+04	6.714953926824289168e-28	3.841356102592595830e-05
1.279100645000000077e+04	5.983552899621958560e-28	3.765145677309608154e-05
1.278689925000000039e+04	5.331664316206391352e-28	3.690416625526538464e-05
1.278279480999999942e+04	4.750659205986278373e-28	3.617140579240993141e-05
1.277869314999999915e+04	4.232848344266401887e-28	3.545290401784663008e-05
1.277459425000000010e+04	3.771370006210489047e-28	3.474838750458454553e-05
1.277049811000000045e+04	3.360108275784937238e-28	3.405759135405239197e-05
1.276640473999999995e+04	2.993610633774986236e-28	3.338025714508206505e-05
1.276231411999999909e+04	2.667012876128567085e-28	3.271612626278436333e-05
1.275822624999999971e+04	2.375979907312569084e-28	3.206494816532791902e-05
1.275414113999999972e+04	2.116647227438925783e-28	3.142647844566229357e-05
1.275005877999999939e+04	1.885568165707919493e-28	3.080047404885093778e-05
1.274597916000000077e+04	1.679670128821875128e-28	3.018669646588405459e-05
1.274190228999999999e+04	1.496214922216972982e-28	2.958491457502238062e-05
1.273782814999999937e+04	1.332760251592445757e-28	2.899489711205684576e-05
1.273375676000000021e+04	1.187130566437990251e-28	2.841642285854995738e-05
1.272968809999999939e+04	1.057385117772814705e-28	2.784926898026897365e-05
1.272562217000000055e+04	9.417946994193820185e-29	2.729321961466629057e-05
1.272155897000000004e+04	8.388179655249102262e-29	2.674806287567442275e-05
1.271749849999999969e+04	7.470810660813758874e-29	2.621359078378742826e-05
1.271344074999999975e+04	6.653592948314458591e-29	2.568959791827160697e-05
1.270938572999999997e+04	5.925615034450389649e-29	2.517588523510161402e-05
1.270533342000000084e+04	5.277146956738261492e-29	2.467225360310454718e-05
1.270128383000000031e+04	4.699522225001375479e-29	2.417851133907494165e-05
1.269723695000000043e+04	4.185014410250305821e-29	2.369446786749768809e-05
1.269319278999999915e+04	3.726740500791553089e-29	2.321993853537292568e-05
1.268915133000000060e+04	3.318563522986781533e-29	2.275473862470729828e-05
1.268511256999999932e+04	2.955017068217213486e-29	2.229868921268897395e-05
1.268107652000000053e+04	2.631230795503497665e-29	2.185161579366215714e-05
1.267704317000000083e+04	2.342863299644839575e-29	2.141334488714024951e-05
1.267301251000000047e+04	2.086046456122252459e-29	2.098370630012888954e-05
1.266898454999999922e+04	1.857334978587884814e-29	2.056253513744510305e-05
1.266495927999999913e+04	1.653658010421542856e-29	2.014966748112540117e-05
1.266093670000000020e+04	1.472280122809893113e-29	1.974494352224982110e-05
1.265691681000000062e+04	1.310764214662795230e-29	1.934820643063713599e-05
1.265289960000000065e+04	1.166938704359156526e-29	1.895930134286068108e-05
1.264888507000000027e+04	1.038869371800816268e-29	1.857807728248401201e-05
1.264487321999999949e+04	9.248330867393647494e-30	1.820438609286384368e-05
1.264086404000000039e+04	8.232945783310987182e-30	1.783808148179350173e-05
1.263685754000000088e+04	7.328867114160400298e-30	1.747902172110511190e-05
1.263285370999999941e+04	6.523912026722070777e-30	1.712706594247852555e-05
1.262885253999999986e+04	5.807229153512750047e-30	1.678207596720608690e-05
1.262485404000000017e+04	5.169156299273286920e-30	1.644391793104189525e-05
1.262085820000000058e+04	4.601083964124363294e-30	1.611245878831497037e-05
1.261686503000000084e+04	4.095346585746971109e-30	1.578756965001430307e-05
1.261287449999999990e+04	3.645112027567437220e-30	1.546912083972029706e-05
1.260888664000000063e+04	3.244302059159338199e-30	1.515698990730380427e-05
1.260490142000000014e+04	2.887497214091303509e-30	1.485105200761121566e-05
1.260091885000000002e+04	2.569874820012422888e-30	1.455118776116528883e-05
1.259693893000000025e+04	2.287138975392298018e-30	1.425727926096945928e-05
1.259296166000000085e+04	2.035463962990153921e-30	1.396921082187327084e-05
1.258898702000000048e+04	1.811441819984361725e-30	1.368686753335825349e-05
1.258501502000000073e+04	1.612039520787282711e-30	1.341013880508894417e-05
1.258104565999999977e+04	1.434555611924074872e-30	1.313891541706675299e-05
1.257707892999999967e+04	1.276584186373359558e-30	1.287308954916718623e-05
1.257311483000000044e+04	1.135983400684296250e-30	1.261255610927912031e-05
1.256915336000000025e+04	1.010846123075336836e-30	1.235721199301035733e-05
1.256519451999999910e+04	8.994742589189925340e-31	1.210695604751446472e-05
1.256123830000000089e+04	8.003556430237953227e-31	1.186168842200631633e-05
1.255728470000000016e+04	7.121442160882117607e-31	1.162131179623841609e-05
1.255333371000000079e+04	6.336413581865783442e-31	1.138573010488864771e-05
1.254938534000000072e+04	5.637803296774975310e-31	1.115485029807161456e-05
1.254543958999999995e+04	5.016112240509574949e-31	1.092858049057140252e-05
1.254149644000000080e+04	4.462881168087856639e-31	1.070682942944483169e-05
1.253755589999999938e+04	3.970583786734289315e-31	1.048950930039029708e-05
1.253361795999999958e+04	3.532517537116886061e-31	1.027653285595957489e-05
1.252968262999999934e+04	3.142718062524906595e-31	1.006781559122006414e-05
1.252574990000000071e+04	2.795874064199996673e-31	9.863273549686429306e-06
1.252181976000000031e+04	2.487257979222749045e-31	9.662824405392667914e-06
1.251789221999999972e+04	2.212663220632863378e-31	9.466388422303593806e-06
1.251396726999999919e+04	1.968344053638155623e-31	9.273886385072378441e-06
1.251004491000000053e+04	1.750967169680636091e-31	9.085241095648008533e-06
1.250612513000000035e+04	1.557565226850980476e-31	8.900376363562732549e-06
1.250220794000000024e+04	1.385498131995767682e-31	8.719218397925799409e-06
