Wavenumber	Minor Gaussian	Major Gaussian
1.999839949999999953e+04	9.193726216884008455e-12	9.737703808381203670e-05
1.998799624000000040e+04	1.111930682975490799e-11	1.022752036380501810e-04
1.997760411999999997e+04	1.343576031248596769e-11	1.073982457042904409e-04
1.996722313999999824e+04	1.621982531974508807e-11	1.127553793137333775e-04
1.995685327999999936e+04	1.956278365046921584e-11	1.183561549897628890e-04
1.994649451000000045e+04	2.357311213562036730e-11	1.242104645918110724e-04
1.993614682000000175e+04	2.837958626361210203e-11	1.303285339430768758e-04
1.992581019999999990e+04	3.413493963705450967e-11	1.367209424221382179e-04
1.991548461999999927e+04	4.102016347933593452e-11	1.433986458550256138e-04
1.990517007000000012e+04	4.924950510049867988e-11	1.503729616966126607e-04
1.989486652999999933e+04	5.907636064606795383e-11	1.576555978138266339e-04
1.988457398000000103e+04	7.080013940952165031e-11	1.652586567173359978e-04
1.987429239999999845e+04	8.477428692148894838e-11	1.731946460058217483e-04
1.986402178999999887e+04	1.014156109931010714e-10	1.814764724933901118e-04
1.985376210999999967e+04	1.212152864400422259e-10	1.901175009623504424e-04
1.984351335000000108e+04	1.447514548451884543e-10	1.991315095043477441e-04
1.983327549999999974e+04	1.727040392765445417e-10	2.085327231192045860e-04
1.982304853000000003e+04	2.058719888181752971e-10	2.183358443928459845e-04
1.981283242999999857e+04	2.451931164490695022e-10	2.285560281247894559e-04
1.980262718999999925e+04	2.917672724285147575e-10	2.392089099292643464e-04
1.979243277999999918e+04	3.468832661699327346e-10	2.503106400039998907e-04
1.978224918999999863e+04	4.120497261918710555e-10	2.618778531689714383e-04
1.977207640000000174e+04	4.890311459791829587e-10	2.739277123460522978e-04
1.976191439000000173e+04	5.798893333831679441e-10	2.864779104486679423e-04
1.975176314999999886e+04	6.870311938853518971e-10	2.995466694808511087e-04
1.974162266000000091e+04	8.132641385900110664e-10	3.131527775324844960e-04
1.973149290000000110e+04	9.618596577047439520e-10	3.273155896697625689e-04
1.972137385999999969e+04	1.136626391898142601e-09	3.420550256788237767e-04
1.971126551000000109e+04	1.341994874143518932e-09	3.573916261521158685e-04
1.970116785000000164e+04	1.583113355740074234e-09	3.733464908817855639e-04
1.969108084999999846e+04	1.865960103247454492e-09	3.899413827908625781e-04
1.968100449999999910e+04	2.197469647359658256e-09	4.071986634327530159e-04
1.967093878000000041e+04	2.585679427650282476e-09	4.251413537875806939e-04
1.966088366999999926e+04	3.039896578746330733e-09	4.437931319789042571e-04
1.965083915999999954e+04	3.570888319319607781e-09	4.631783268689571020e-04
1.964080523000000176e+04	4.191100948448752655e-09	4.833219684056646757e-04
1.963078186999999889e+04	4.914907651077185214e-09	5.042497622677627077e-04
1.962076904999999897e+04	5.758894415874706766e-09	5.259881655077179021e-04
1.961076675999999861e+04	6.742180419218761191e-09	5.485643164794670647e-04
1.960077497999999832e+04	7.886788148266691878e-09	5.720061113826683998e-04
1.959079371000000174e+04	9.218058179603619260e-09	5.963421476642683221e-04
1.958082290999999896e+04	1.076513203735304770e-08	6.216018828648552791e-04
1.957086258000000089e+04	1.256148057653019615e-08	6.478154530275284043e-04
1.956091269000000102e+04	1.464552561704066366e-08	6.750138612788466599e-04
1.955097323999999935e+04	1.706132119837299813e-08	7.032288332456839005e-04
1.954104420000000027e+04	1.985934960519246578e-08	7.324929946057819096e-04
1.953112556000000041e+04	2.309739565564258229e-08	7.628397451980993733e-04
1.952121730000000025e+04	2.684155458318464572e-08	7.943033581788756662e-04
1.951131941000000006e+04	3.116735410805207302e-08	8.269189320785935065e-04
1.950143187000000034e+04	3.616103451431704860e-08	8.607224675819043647e-04
1.949155466000000160e+04	4.192097921014238769e-08	8.957508508417413081e-04
1.948168777000000046e+04	4.855932074218344473e-08	9.320418292900505735e-04
1.947183118000000104e+04	5.620376563247347926e-08	9.696340955766572997e-04
1.946198487999999998e+04	6.499961710301132958e-08	1.008567226808946551e-03
1.945214884000000166e+04	7.511208677993472823e-08	1.048881815329226431e-03
1.944232305999999880e+04	8.672880851239659396e-08	1.090619280020655672e-03
1.943250750999999946e+04	1.000627699822659229e-07	1.133822124824639815e-03
1.942270218999999997e+04	1.153554516404493516e-07	1.178533695987052984e-03
1.941290707000000111e+04	1.328804984223319669e-07	1.224798458408437110e-03
1.940312213999999949e+04	1.529476560568044352e-07	1.272661783554143895e-03
1.939334737999999925e+04	1.759072935586200209e-07	1.322170098918217266e-03
1.938358279000000039e+04	2.021553204623520827e-07	1.373370748268945129e-03
1.937382833000000028e+04	2.321389000511638270e-07	1.426312315771681048e-03
1.936408399999999892e+04	2.663624158308211963e-07	1.481044217521936164e-03
1.935434977000000072e+04	3.053945520776530214e-07	1.537617087894588112e-03
1.934462565000000177e+04	3.498756653346962330e-07	1.596082391651893395e-03
1.933491159999999945e+04	4.005266304065337327e-07	1.656492962264084030e-03
1.932520761000000130e+04	4.581578951140394422e-07	1.718902540966188962e-03
1.931551367000000027e+04	5.236799899320185170e-07	1.783365957394579928e-03
1.930582977000000028e+04	5.981150326045610207e-07	1.849939138468166284e-03
1.929615587999999843e+04	6.826096323770578127e-07	1.918679261368499934e-03
1.928649198999999862e+04	7.784486399082847307e-07	1.989644487178283440e-03
1.927683809000000110e+04	8.870707765484860446e-07	2.062894099420845267e-03
1.926719414999999935e+04	1.010085995868278642e-06	2.138488670715598099e-03
1.925756017000000065e+04	1.149293717576663128e-06	2.216489684421485071e-03
1.924793612999999823e+04	1.306704149825421574e-06	2.296959927036776230e-03
1.923832200999999986e+04	1.484560871332123931e-06	2.379963345607636824e-03
1.922871779999999853e+04	1.685365645931115990e-06	2.465564963415529161e-03
1.921912349000000177e+04	1.911906005299603110e-06	2.553830964666005052e-03
1.920953904999999941e+04	2.167285902889463247e-06	2.644828891879439335e-03
1.919996446999999898e+04	2.454957751181432712e-06	2.738627282465538361e-03
1.919039975000000049e+04	2.778758519754695725e-06	2.835295744965879612e-03
1.918084485000000132e+04	3.142950953752770971e-06	2.934905475160741288e-03
1.917129977000000144e+04	3.552263946815312980e-06	3.037528450255258267e-03
1.916176449000000139e+04	4.011941627028484861e-06	3.143238040669160335e-03
1.915223900000000140e+04	4.527793416878533174e-06	3.252108696919758096e-03
1.914272327999999834e+04	5.106250812728635113e-06	3.364216172337648660e-03
1.913321731999999975e+04	5.754427015815873752e-06	3.479637294633956823e-03
1.912372109999999884e+04	6.480184163009891289e-06	3.598450201234426691e-03
1.911423460999999952e+04	7.292203634499521253e-06	3.720734095271324097e-03
1.910475782999999865e+04	8.200065363203462701e-06	3.846569494175225683e-03
1.909529074000000037e+04	9.214331537839125439e-06	3.976038108088645120e-03
1.908583334000000104e+04	1.034663541566314760e-05	4.109222551396582088e-03
1.907638560000000143e+04	1.160978573361888888e-05	4.246207032715338357e-03
1.906694752000000153e+04	1.301786619909888539e-05	4.387076504960279490e-03
1.905751907999999821e+04	1.458635704009418988e-05	4.531917374409217061e-03
1.904810024999999951e+04	1.633225906652527039e-05	4.680817377828413832e-03
1.903869104000000152e+04	1.827421792647126658e-05	4.833864774244282618e-03
1.902929142000000138e+04	2.043268312165628125e-05	4.991149601850297310e-03
1.901990137999999934e+04	2.283005172874783817e-05	5.152762716225517230e-03
1.901052089999999953e+04	2.549084139366187120e-05	5.318796271551303780e-03
1.900114996999999858e+04	2.844186403301838552e-05	5.489343366012640162e-03
1.899178858000000037e+04	3.171241962806617220e-05	5.664498195124221050e-03
1.898243671000000177e+04	3.533450554176508412e-05	5.844356234169328229e-03
1.897309433999999965e+04	3.934303380563584115e-05	6.029014051364704231e-03
1.896376147000000128e+04	4.377605631144535007e-05	6.218568882951693369e-03
1.895443807000000015e+04	4.867503831814855785e-05	6.413119620359291825e-03
1.894512413000000015e+04	5.408510359668337755e-05	6.612765792838937347e-03
1.893581965000000127e+04	6.005532090665578835e-05	6.817607717247176416e-03
1.892652459000000090e+04	6.663904114777847282e-05	7.027747595515182293e-03
1.891723895999999877e+04	7.389416084952892157e-05	7.243287499914360071e-03
1.890796272999999928e+04	8.188352748016343181e-05	7.464331373826528157e-03
1.889869589999999880e+04	9.067525034110814920e-05	7.690983401080543104e-03
1.888943844000000172e+04	1.003431384988713593e-04	7.923349414910534419e-03
1.888019034000000102e+04	1.109670643487192343e-04	8.161535668679352484e-03
1.887095159000000058e+04	1.226334119466997369e-04	8.405649282447771181e-03
1.886172218000000066e+04	1.354355333283459707e-04	8.655798218177905567e-03
1.885250207999999839e+04	1.494742619364874730e-04	8.912091816910387015e-03
1.884329130000000077e+04	1.648583306967545256e-04	9.174639111597118757e-03
1.883408980000000156e+04	1.817050480535888817e-04	9.443551319611493203e-03
1.882489758000000074e+04	2.001407139695043588e-04	9.718939266704636898e-03
1.881571462999999858e+04	2.203012901790873598e-04	1.000091476463852748e-02
1.880654091999999946e+04	2.423330540110036626e-04	1.028959093595082676e-02
1.879737644999999975e+04	2.663931337230807540e-04	1.058508062858482326e-02
1.878822120999999970e+04	2.926502738211117657e-04	1.088749760368900969e-02
1.877907517000000007e+04	3.212855898163677684e-04	1.119695688331367490e-02
1.876993832000000111e+04	3.524931967681976569e-04	1.151357339536850967e-02
1.876081065999999919e+04	3.864809940878722672e-04	1.183746221580652368e-02
1.875169215999999869e+04	4.234716228515734027e-04	1.216873995945900490e-02
1.874258281999999963e+04	4.637030801722892602e-04	1.250752261335721059e-02
1.873348260999999911e+04	5.074298345428224308e-04	1.285392767896119566e-02
1.872439153000000078e+04	5.549234631663176086e-04	1.320807190112821203e-02
1.871530956000000151e+04	6.064738177127750474e-04	1.357007310935099548e-02
1.870623669000000154e+04	6.623898444597742328e-04	1.394004902988021065e-02
1.869717291000000114e+04	7.230006274337763853e-04	1.431811761926729543e-02
1.868811819000000105e+04	7.886565671405056663e-04	1.470439788349355709e-02
1.867907253000000128e+04	8.597300923945693819e-04	1.509900772490472762e-02
1.867003591999999844e+04	9.366170092181088551e-04	1.550206555563807091e-02
1.866100833000000057e+04	1.019737743216192309e-03	1.591369076068979357e-02
1.865198976000000039e+04	1.109538041507281310e-03	1.633400139643450405e-02
1.864298020000000179e+04	1.206490473359672806e-03	1.676311591650446464e-02
1.863397961999999825e+04	1.311095780810032268e-03	1.720115366537084550e-02
1.862498802000000069e+04	1.423883535275832475e-03	1.764823242178762200e-02
1.861600537999999869e+04	1.545413932255378835e-03	1.810447075597173064e-02
1.860703168999999980e+04	1.676278689295512825e-03	1.856998651289473376e-02
1.859806694000000061e+04	1.817102422501878228e-03	1.904489724122044800e-02
1.858911111000000164e+04	1.968544098387967935e-03	1.952932068651283201e-02
1.858016417999999976e+04	2.131298196586273955e-03	2.002337423611896122e-02
1.857122615999999834e+04	2.306095400956701628e-03	2.052717315752132163e-02
1.856229702000000179e+04	2.493705200182925498e-03	2.104083443686576363e-02
1.855337673999999970e+04	2.694936310621385157e-03	2.156447399152370409e-02
1.854446532999999908e+04	2.910637394173136612e-03	2.209820534632145686e-02
1.853556275000000096e+04	3.141700221758956559e-03	2.264214433191777745e-02
1.852666901000000144e+04	3.389058510950811089e-03	2.319640303704436149e-02
1.851778408000000127e+04	3.653691464078726112e-03	2.376109521931536045e-02
1.850890796000000046e+04	3.936623080985176236e-03	2.433633191375461982e-02
1.850004061999999976e+04	4.238925138997727549e-03	2.492222518734019121e-02
1.849118206999999893e+04	4.561716052004522598e-03	2.551888351014880776e-02
1.848233227999999872e+04	4.906164707510422829e-03	2.612641698075384572e-02
1.847349123999999938e+04	5.273489458048938316e-03	2.674493328797088523e-02
1.846465894000000117e+04	5.664959780312975486e-03	2.737453895751770783e-02
1.845583536000000095e+04	6.081897700671982411e-03	2.801534002247975386e-02
1.844702049999999872e+04	6.525677264355344599e-03	2.866743978867128742e-02
1.843821433999999863e+04	6.997727222433508705e-03	2.933094167665403762e-02
1.842941686000000118e+04	7.499530900211162469e-03	3.000594774717402560e-02
1.842062805999999910e+04	8.032625583868958224e-03	3.069255706215792343e-02
1.841184792000000016e+04	8.598605327675101079e-03	3.139086868997537083e-02
1.840307643000000098e+04	9.199119644024384562e-03	3.210097933253718699e-02
1.839431356999999844e+04	9.835875106719753694e-03	3.282298485223043155e-02
1.838555933999999979e+04	1.051063337667794417e-02	3.355697774282574014e-02
1.837681371999999828e+04	1.122521416473775888e-02	3.430305036069918739e-02
1.836807669000000169e+04	1.198149383868608690e-02	3.506129325636819088e-02
1.835934824999999910e+04	1.278140332977171709e-02	3.583179333033185282e-02
1.835062839000000167e+04	1.362693021985588240e-02	3.661463633445110472e-02
1.834191707999999926e+04	1.452011951116353311e-02	3.740990780232849450e-02
1.833321431999999913e+04	1.546306794063525072e-02	3.821768845840876200e-02
1.832452009000000180e+04	1.645792808999278073e-02	3.903805868042319743e-02
1.831583438999999998e+04	1.750690297487702066e-02	3.987109472169778068e-02
1.830715720000000147e+04	1.861224936734635904e-02	4.071687242129110040e-02
1.829848849999999948e+04	1.977627425753179444e-02	4.157546529985342576e-02
1.828982829000000129e+04	2.100133031850277138e-02	4.244694246824579076e-02
1.828117655000000013e+04	2.228981941475802198e-02	4.333137252593746713e-02
1.827253326999999990e+04	2.364418645964784862e-02	4.422882051860595881e-02
1.826389843000000110e+04	2.506692010823643318e-02	4.513934992035747995e-02
1.825527203999999983e+04	2.656054355757335103e-02	4.606301833712515142e-02
1.824665406000000075e+04	2.812762539603244974e-02	4.699988596202860081e-02
1.823804449999999997e+04	2.977075929574218849e-02	4.795000480626878531e-02
1.822944332999999824e+04	3.149257695565224613e-02	4.891342838182680119e-02
1.822085054999999920e+04	3.329573150247228802e-02	4.989020395721512763e-02
1.821226613999999972e+04	3.518290357675409735e-02	5.088037805725373341e-02
1.820369009000000005e+04	3.715679134167534925e-02	5.188399303548962144e-02
1.819512240000000020e+04	3.922010579021030507e-02	5.290108693203563611e-02
1.818656304000000091e+04	4.137557605917056847e-02	5.393169818131917509e-02
1.817801199999999881e+04	4.362593301041457067e-02	5.497585966222105769e-02
1.816946928000000116e+04	4.597390602147375521e-02	5.603359971900003650e-02
1.816093485000000146e+04	4.842222896234916335e-02	5.710494707595375335e-02
1.815240871999999945e+04	5.097361529138150910e-02	5.818992207308022746e-02
1.814389085999999952e+04	5.363077543451799656e-02	5.928854665571323818e-02
1.813538127000000168e+04	5.639639034132511858e-02	6.040083545756166905e-02
1.812687992999999915e+04	5.927312076304083743e-02	6.152680215552498028e-02
1.811838682999999946e+04	6.226359161631413175e-02	6.266645554162397769e-02
1.810990194999999949e+04	6.537039235821423544e-02	6.381980212316458456e-02
1.810142529999999897e+04	6.859605560245768396e-02	6.498684062025193720e-02
1.809295684999999867e+04	7.194307634044845579e-02	6.616757147790035265e-02
1.808449658999999883e+04	7.541388290910096270e-02	6.736198864745582271e-02
1.807604450999999972e+04	7.901083709227800511e-02	6.857008224355287673e-02
1.806760060000000158e+04	8.273622690661322499e-02	6.979183850123746313e-02
1.805916485000000102e+04	8.659225926827369968e-02	7.102723973443772487e-02
1.805073723999999856e+04	9.058105737151657399e-02	7.227626578667363522e-02
1.804231777000000147e+04	9.470463905330343823e-02	7.353888955491984236e-02
1.803390641999999934e+04	9.896492814005913852e-02	7.481508288057507616e-02
1.802550316999999995e+04	1.033637378498859505e-01	7.610481360221821312e-02
1.801710802999999942e+04	1.079027466633026427e-01	7.740804083778023148e-02
1.800872096999999849e+04	1.125835277133848678e-01	7.872472573925932970e-02
1.800034199000000081e+04	1.174075036952170470e-01	8.005482063889628186e-02
1.799197106999999960e+04	1.223759667027146947e-01	8.139827682513728346e-02
1.798360820999999851e+04	1.274900476083610512e-01	8.275503816504659049e-02
1.797525337999999829e+04	1.327507386866850214e-01	8.412504914604916617e-02
1.796690657999999894e+04	1.381588495146026940e-01	8.550824511704076258e-02
1.795856780000000072e+04	1.437150239640971605e-01	8.690455873753097360e-02
1.795023702000000048e+04	1.494197339788648493e-01	8.831392004320788580e-02
1.794191423999999824e+04	1.552732521580093283e-01	8.973625135980067835e-02
1.793359944000000178e+04	1.612756723775899681e-01	9.117147405233540225e-02
1.792529261000000042e+04	1.674268826050019088e-01	9.261950342533598057e-02
1.791699374000000171e+04	1.737265653485050576e-01	9.408025039196417361e-02
1.790870281999999861e+04	1.801741916214660288e-01	9.555362146190643502e-02
1.790041982999999891e+04	1.867690232550169860e-01	9.703952053343242734e-02
1.789214476999999897e+04	1.935100836796890822e-01	9.853784351153242749e-02
1.788387762999999904e+04	2.003961762676025882e-01	1.000484836413557538e-01
1.787561837999999989e+04	2.074258891355522938e-01	1.015713334391625949e-01
1.786736703000000125e+04	2.145975399228954028e-01	1.031062736429933929e-01
1.785912356000000000e+04	2.219092309943931640e-01	1.046531860773869810e-01
1.785088795000000027e+04	2.293588212166322859e-01	1.062119481966437018e-01
1.784266020999999819e+04	2.369438949800932726e-01	1.077824273366876362e-01
1.783444029999999839e+04	2.446618328547875421e-01	1.093644959420505824e-01
1.782622824000000037e+04	2.525097076835042809e-01	1.109580105373840914e-01
1.781802400000000125e+04	2.604843858562522763e-01	1.125628328681241852e-01
1.780982757000000129e+04	2.685824606091380407e-01	1.141788164466598088e-01
1.780163894000000073e+04	2.768002701186293435e-01	1.158058103991852911e-01
1.779345809999999983e+04	2.851338975380461327e-01	1.174436594810979589e-01
1.778528503999999884e+04	2.935791715977337235e-01	1.190922040944330657e-01
1.777711975000000166e+04	3.021316677796035410e-01	1.207512803073370750e-01
1.776896222000000125e+04	3.107867100751905420e-01	1.224207198755845882e-01
1.776081244000000152e+04	3.195393733346770238e-01	1.241003502661271740e-01
1.775267037999999957e+04	3.283845080593440491e-01	1.257899988472369057e-01
1.774453605999999854e+04	3.373166678274237551e-01	1.274894783820821054e-01
1.773640943999999945e+04	3.463302332168417541e-01	1.291986099202890037e-01
1.772829052999999840e+04	3.554192960789832600e-01	1.309171998832860118e-01
1.772017930999999953e+04	3.645777530564865976e-01	1.326450568532508700e-01
1.771207575999999972e+04	3.737992786941517487e-01	1.343819853598116620e-01
1.770397988999999870e+04	3.830772974148099475e-01	1.361277794270008556e-01
1.769589168000000063e+04	3.924050589434888714e-01	1.378822354737362366e-01
1.768781110999999873e+04	4.017756122069762736e-01	1.396451459825570895e-01
1.767973818000000028e+04	4.111817901764547867e-01	1.414162951408054203e-01
1.767167287999999826e+04	4.206162533502498801e-01	1.431954654003435301e-01
1.766361519000000044e+04	4.300714993830355715e-01	1.449824375857064751e-01
1.765556510999999955e+04	4.395398377836969850e-01	1.467769842956676840e-01
1.764752261999999973e+04	4.490134472383108255e-01	1.485788788247616454e-01
1.763948771000000124e+04	4.584843512675433330e-01	1.503878885569427670e-01
1.763146038000000044e+04	4.679444295225539396e-01	1.522037749650366201e-01
1.762344060000000172e+04	4.773854767246482611e-01	1.540263027267923523e-01
1.761542838000000120e+04	4.867991324251805252e-01	1.558552239226506098e-01
1.760742369999999937e+04	4.961769760490362668e-01	1.576902939778118129e-01
1.759942655000000013e+04	5.055104927543535576e-01	1.595312626443052550e-01
1.759143691000000035e+04	5.147911101051384497e-01	1.613778786480466187e-01
1.758345478999999978e+04	5.240101652734389104e-01	1.632298805000985675e-01
1.757548015999999916e+04	5.331590000655842543e-01	1.650870127650035657e-01
1.756751301999999851e+04	5.422288940379524913e-01	1.669490099108090209e-01
1.755955336000000170e+04	5.512111251062495887e-01	1.688156056518185510e-01
1.755160115999999834e+04	5.600969835800678753e-01	1.706865330614002474e-01
1.754365641999999934e+04	5.688777532040759644e-01	1.725615175906930199e-01
1.753571912000000157e+04	5.775447705707613677e-01	1.744402865539218805e-01
1.752778926000000138e+04	5.860893957448413127e-01	1.763225597657462895e-01
1.751986681999999928e+04	5.945030707505242207e-01	1.782080590866736147e-01
1.751195179999999891e+04	6.027772913236619790e-01	1.800964990088254059e-01
1.750404418000000078e+04	6.109036641475537044e-01	1.819875962558722138e-01
1.749614395000000150e+04	6.188738897525325466e-01	1.838810627217996041e-01
1.748825111000000106e+04	6.266797780072133062e-01	1.857766055274321093e-01
1.748036563999999998e+04	6.343132923300374149e-01	1.876739343083727585e-01
1.747248752999999851e+04	6.417665337293162464e-01	1.895727541077473488e-01
1.746461677000000054e+04	6.490317649858923232e-01	1.914727678576239323e-01
1.745675335999999879e+04	6.561014155189373032e-01	1.933736740484363892e-01
1.744889727000000130e+04	6.629681305423439364e-01	1.952751764915591215e-01
1.744104851000000053e+04	6.696247218571902415e-01	1.971769674806211348e-01
1.743320706000000064e+04	6.760642423883528318e-01	1.990787448183430342e-01
1.742537290999999823e+04	6.822799632925520275e-01	2.009802022299643776e-01
1.741754605000000083e+04	6.882653947269020689e-01	2.028810318756686382e-01
1.740972646000000168e+04	6.940143044916255999e-01	2.047809268749789524e-01
1.740191415000000052e+04	6.995206998693098699e-01	2.066795716821402396e-01
1.739410910000000149e+04	7.047788821858840258e-01	2.085766567606279764e-01
1.738631130000000121e+04	7.097834269940471730e-01	2.104718689617909866e-01
1.737852073999999993e+04	7.145292009055969062e-01	2.123648940514180350e-01
1.737073741000000155e+04	7.190113703356916242e-01	2.142554168077542565e-01
1.736296129999999903e+04	7.232254096395323018e-01	2.161431211201156610e-01
1.735519239999999991e+04	7.271671086227132763e-01	2.180276900880404323e-01
1.734743070000000080e+04	7.308325794084148397e-01	2.199088061209505396e-01
1.733967618999999831e+04	7.342182626463873429e-01	2.217861510382527768e-01
1.733192885000000024e+04	7.373209368733391056e-01	2.236594085861188796e-01
1.732418868999999904e+04	7.401377077099043911e-01	2.255282548695661804e-01
1.731645568999999887e+04	7.426660360598211774e-01	2.273923729618557432e-01
1.730872983999999997e+04	7.449037251891627021e-01	2.292514433306347688e-01
1.730101111999999921e+04	7.468489300048113400e-01	2.311051487581355091e-01
1.729329953999999998e+04	7.485001494044650761e-01	2.329531648413107336e-01
1.728559507999999914e+04	7.498562427471751057e-01	2.347951745037669680e-01
1.727789773000000059e+04	7.509164200321112315e-01	2.366308584861763209e-01
1.727020748000000094e+04	7.516802445414541012e-01	2.384598978522106116e-01
1.726252432000000044e+04	7.521476320748001765e-01	2.402819740904200974e-01
1.725484823999999935e+04	7.523188494904140544e-01	2.420967692160211904e-01
1.724717923000000155e+04	7.521945125618410000e-01	2.439039658725395132e-01
1.723951728000000003e+04	7.517755831602084271e-01	2.457032474332653260e-01
1.723186238999999841e+04	7.510633668961358422e-01	2.474942957671544264e-01
1.722421453000000110e+04	7.500595048855163149e-01	2.492768006902086886e-01
1.721657371000000057e+04	7.487659764554444042e-01	2.510504437105536280e-01
1.720893991000000096e+04	7.471850855338988406e-01	2.528149144661011594e-01
1.720131312999999864e+04	7.453194621783596485e-01	2.545698991961234392e-01
1.719369335000000137e+04	7.431720477446215334e-01	2.563150900850966751e-01
1.718608055999999851e+04	7.407460941846452096e-01	2.580501784315900604e-01
1.717847475000000122e+04	7.380451545231299093e-01	2.597748570628475862e-01
1.717087591999999859e+04	7.350730787965563673e-01	2.614888181829627678e-01
1.716328406000000177e+04	7.318339982966504120e-01	2.631917580065622486e-01
1.715569915000000037e+04	7.283323146855161800e-01	2.648833767938363892e-01
1.714812117999999828e+04	7.245726990203924522e-01	2.665633744581204501e-01
1.714055015999999887e+04	7.205600890254993951e-01	2.682314485297094819e-01
1.713298605999999927e+04	7.162996472983398366e-01	2.698873074844633790e-01
1.712542886999999973e+04	7.117967807847171979e-01	2.715306575470651795e-01
1.711787859000000026e+04	7.070571266613712158e-01	2.731612050783902013e-01
1.711033522000000085e+04	7.020865358738684892e-01	2.747786588808480146e-01
1.710279872999999861e+04	6.968910404118485724e-01	2.763827366536594221e-01
1.709526912000000084e+04	6.914768811077524058e-01	2.779731522159694657e-01
1.708774638000000050e+04	6.858504696369182030e-01	2.795496241874069199e-01
1.708023050000000148e+04	6.800183828398860264e-01	2.811118739228655183e-01
1.707272147000000041e+04	6.739873504738312926e-01	2.826596255980949879e-01
1.706521928000000116e+04	6.677642428580510270e-01	2.841926062940874353e-01
1.705772393000000011e+04	6.613560671172143968e-01	2.857105440642951910e-01
1.705023540000000139e+04	6.547699291647967046e-01	2.872131741019099960e-01
1.704275368000000162e+04	6.480130462390863988e-01	2.887002326986247702e-01
1.703527877000000080e+04	6.410927356241900021e-01	2.901714574178176909e-01
1.702781064999999944e+04	6.340163745273071916e-01	2.916265930875179269e-01
1.702034932000000117e+04	6.267914247125447869e-01	2.930653840048851877e-01
1.701289476999999897e+04	6.194253923162007514e-01	2.944875799067491751e-01
1.700544699000000037e+04	6.119258248300520897e-01	2.958929340651750284e-01
1.699800595999999859e+04	6.043002887495831921e-01	2.972812052144621076e-01
1.699057168000000092e+04	5.965563883999681627e-01	2.986521520132272567e-01
1.698314414000000033e+04	5.887017239623487663e-01	3.000055387643253968e-01
1.697572333000000071e+04	5.807438900094177292e-01	3.013411335848027450e-01
1.696830924999999843e+04	5.726904752281011257e-01	3.026587067060331759e-01
1.696090188000000126e+04	5.645490189322912578e-01	3.039580358812827288e-01
1.695350120999999854e+04	5.563270326483431560e-01	3.052389010594949159e-01
1.694610723000000144e+04	5.480319790819587755e-01	3.065010862571644901e-01
1.693871993999999904e+04	5.396712734092278252e-01	3.077443779466331186e-01
1.693133932999999888e+04	5.312522510537798226e-01	3.089685685288842687e-01
1.692396538000000146e+04	5.227821578072265885e-01	3.101734562682919027e-01
1.691659809999999925e+04	5.142681867998413203e-01	3.113588388352866998e-01
1.690923746000000028e+04	5.057173892303872265e-01	3.125245247337860022e-01
1.690188346000000092e+04	4.971367467646434779e-01	3.136703220263580283e-01
1.689453609000000142e+04	4.885331174334289761e-01	3.147960448441130543e-01
1.688719535000000178e+04	4.799132513682038415e-01	3.159015103192454044e-01
1.687986121999999887e+04	4.712837484271891197e-01	3.169865431614833917e-01
1.687253369000000021e+04	4.626510866187106830e-01	3.180509711173164500e-01
1.686521275999999853e+04	4.540216158660745904e-01	3.190946251445023751e-01
1.685789842000000135e+04	4.454015284924655593e-01	3.201173423578346222e-01
1.685059064999999828e+04	4.367968537051334921e-01	3.211189659306864508e-01
1.684328945999999996e+04	4.282134995950357959e-01	3.220993396757294569e-01
1.683599481999999989e+04	4.196571660877250198e-01	3.230583176033592352e-01
1.682870673000000170e+04	4.111334230182993599e-01	3.239957544847223425e-01
1.682142519000000175e+04	4.026476708599620591e-01	3.249115100376868681e-01
1.681415018000000055e+04	3.942051140531652176e-01	3.258054513859276469e-01
1.680688168999999834e+04	3.858107930495895954e-01	3.266774492402103047e-01
1.679961972999999853e+04	3.774695928662490374e-01	3.275273769119178557e-01
1.679236426999999821e+04	3.691861718363007028e-01	3.283551173879649676e-01
1.678511530000000130e+04	3.609650290108194493e-01	3.291605561815919567e-01
1.677787283000000025e+04	3.528105019584422131e-01	3.299435816473568206e-01
1.677063683999999921e+04	3.447267091248649717e-01	3.307040904797146075e-01
1.676340731999999844e+04	3.367175945395018410e-01	3.314419832534353794e-01
1.675618426000000181e+04	3.287869160478683606e-01	3.321571655625620845e-01
1.674896765999999843e+04	3.209382560892857783e-01	3.328495470874689999e-01
1.674175750999999946e+04	3.131750000070812612e-01	3.335190435849864632e-01
1.673455380000000150e+04	3.055003477863125205e-01	3.341655758598095494e-01
1.672735651000000144e+04	2.979173044999210429e-01	3.347890706205485234e-01
1.672016563999999926e+04	2.904287132034661378e-01	3.353894578685316374e-01
1.671298118999999861e+04	2.830372347534013677e-01	3.359666727891357230e-01
1.670580313999999998e+04	2.757453293626814794e-01	3.365206572649398487e-01
1.669863148999999976e+04	2.685552997854454560e-01	3.370513566604371736e-01
1.669146621999999843e+04	2.614692529788066877e-01	3.375587229050856508e-01
1.668430732999999964e+04	2.544891427203794798e-01	3.380427115281063877e-01
1.667715481000000000e+04	2.476167423376873511e-01	3.385032838554453694e-01
1.667000864999999976e+04	2.408536577533818834e-01	3.389404062447834987e-01
1.666286883999999918e+04	2.342013306321436283e-01	3.393540500747109223e-01
1.665573537999999826e+04	2.276610508019979717e-01	3.397441912015060073e-01
1.664860825000000114e+04	2.212339321666492165e-01	3.401108116019985195e-01
1.664148745000000054e+04	2.149209530259332812e-01	3.404538971701252525e-01
1.663437297000000035e+04	2.087229324352310733e-01	3.407734393239009729e-01
1.662726480000000083e+04	2.026405433701221614e-01	3.410694344229323605e-01
1.662016292999999860e+04	1.966743167632644396e-01	3.413418837474452849e-01
1.661306735000000117e+04	1.908246456440372552e-01	3.415907934756994280e-01
1.660597806000000128e+04	1.850917973762193081e-01	3.418161743583524870e-01
1.659889504999999917e+04	1.794759014764204241e-01	3.420180423944338965e-01
1.659181829999999900e+04	1.739769547782203107e-01	3.421964186395379803e-01
1.658474782000000050e+04	1.685948567866084047e-01	3.423513282016626968e-01
1.657768359000000055e+04	1.633293675297782244e-01	3.424828017232102728e-01
1.657062559999999939e+04	1.581801433065038176e-01	3.425908743079360552e-01
1.656357384000000093e+04	1.531467333657567098e-01	3.426755857561828988e-01
1.655652832000000126e+04	1.482285982518970202e-01	3.427369803888666855e-01
1.654948901000000114e+04	1.434250723103565606e-01	3.427751075671118808e-01
1.654245591000000059e+04	1.387354174815259578e-01	3.427900209622705141e-01
1.653542901999999958e+04	1.341588061787754860e-01	3.427817789267373350e-01
1.652840831999999864e+04	1.296943132290999112e-01	3.427504443313022509e-01
1.652139381000000139e+04	1.253409463907735610e-01	3.426960845704601910e-01
1.651438547000000108e+04	1.210976253369473593e-01	3.426187713411584235e-01
1.650738331000000107e+04	1.169632166874551849e-01	3.425185810681007914e-01
1.650038729999999850e+04	1.129364963204952804e-01	3.423955940043512669e-01
1.649339745000000039e+04	1.090162008730100329e-01	3.422498953293107160e-01
1.648641374999999971e+04	1.052009966593362017e-01	3.420815742096012801e-01
1.647943618000000060e+04	1.014894904996401503e-01	3.418907237139660604e-01
1.647246473999999944e+04	9.788024978470716286e-02	3.416774415678913712e-01
1.646549942000000010e+04	9.437179011783879135e-02	3.414418293632203727e-01
1.645854021999999895e+04	9.096258954853150835e-02	3.411839931175312812e-01
1.645158712000000014e+04	8.765107758696145945e-02	3.409040421256023801e-01
1.644464012000000002e+04	8.443565848486289660e-02	3.406020903872309935e-01
1.643769919999999911e+04	8.131469576247925268e-02	3.402782549420902414e-01
1.643076437000000078e+04	7.828653851062773728e-02	3.399326580665023578e-01
1.642383560999999827e+04	7.534949779226661482e-02	3.395654244172056635e-01
1.641691291999999885e+04	7.250187208039825248e-02	3.391766833855797691e-01
1.640999628999999914e+04	6.974193739004697079e-02	3.387665675281232303e-01
1.640308569999999963e+04	6.706795095390992445e-02	3.383352123499921982e-01
1.639618115000000034e+04	6.447816583010244906e-02	3.378827581023553517e-01
1.638928264000000127e+04	6.197082540616082047e-02	3.374093486287022547e-01
1.638239016000000083e+04	5.954416267873233193e-02	3.369151305695841647e-01
1.637550368999999955e+04	5.719640343774207158e-02	3.364002531462699230e-01
1.636862322999999924e+04	5.492577904207662787e-02	3.358648703261469248e-01
1.636174877000000015e+04	5.273051830322560835e-02	3.353091385927349788e-01
1.635488031000000046e+04	5.060885637439492546e-02	3.347332184370705455e-01
1.634801783000000069e+04	4.855902760003450586e-02	3.341372717925701341e-01
1.634116133000000082e+04	4.657927993186235238e-02	3.335214653237792426e-01
1.633431079999999929e+04	4.466786766399761383e-02	3.328859678302309999e-01
1.632746623999999974e+04	4.282305906188438316e-02	3.322309519757703500e-01
1.632062763000000086e+04	4.104312996795168172e-02	3.315565913656876584e-01
1.631379497000000083e+04	3.932637621890401614e-02	3.308630643076601596e-01
1.630696824999999990e+04	3.767110713976766501e-02	3.301505508589164251e-01
1.630014745000000039e+04	3.607564741840811606e-02	3.294192326150343075e-01
1.629333258999999998e+04	3.453834992262114906e-02	3.286692980742239034e-01
1.628652363999999943e+04	3.305757610082082215e-02	3.279009328484536190e-01
1.627972060000000056e+04	3.163171559320412940e-02	3.271143282572554489e-01
1.627292345000000023e+04	3.025917619899015990e-02	3.263096756882510330e-01
1.626613220999999976e+04	2.893839704675604460e-02	3.254871736027017404e-01
1.625934684999999990e+04	2.766783149397516670e-02	3.246470167435995813e-01
1.625256735999999910e+04	2.644596209112894808e-02	3.237894043406251976e-01
1.624579375000000073e+04	2.527130058544455049e-02	3.229145403109078272e-01
1.623902599999999984e+04	2.414237973089967959e-02	3.220226267973483325e-01
1.623226410000000033e+04	2.305776112960633215e-02	3.211138691333942918e-01
1.622550806000000011e+04	2.201603691043798813e-02	3.201884772877204854e-01
1.621875784999999996e+04	2.101582084684776308e-02	3.192466576018805346e-01
1.621201346999999987e+04	2.005575966337305033e-02	3.182886222451788982e-01
1.620527492999999959e+04	1.913452978100334614e-02	3.173145866083986188e-01
1.619854219000000012e+04	1.825082958540204595e-02	3.163247604608269703e-01
1.619181526999999915e+04	1.740339450862140799e-02	3.153193638431149859e-01
1.618509415000000081e+04	1.659098375388082594e-02	3.142986124204309450e-01
1.617837881999999991e+04	1.581238706078715722e-02	3.132627247038142215e-01
1.617166928999999982e+04	1.506642556084768214e-02	3.122119236801853548e-01
1.616496552999999949e+04	1.435194503655570428e-02	3.111464273704133143e-01
1.615826754000000074e+04	1.366782374987947010e-02	3.100664596659849503e-01
1.615157531999999992e+04	1.301296879142397299e-02	3.089722456670009332e-01
1.614488885999999911e+04	1.238631502389168221e-02	3.078640099440044797e-01
1.613820815000000039e+04	1.178682597848041726e-02	3.067419780494407555e-01
1.613153318000000036e+04	1.121349362831653741e-02	3.056063764516585013e-01
1.612486393999999927e+04	1.066533812978457015e-02	3.044574324692954637e-01
1.611820044000000053e+04	1.014140907179836640e-02	3.032953777148416630e-01
1.611154264999999941e+04	9.640780411684478010e-03	3.021204375862898694e-01
1.610489057999999932e+04	9.162556429530089100e-03	3.009328451526206427e-01
1.609824421000000075e+04	8.705866012930787989e-03	2.997328287887905396e-01
1.609160354999999981e+04	8.269866594171197335e-03	2.985206228214300483e-01
1.608496857000000091e+04	7.853739009913518129e-03	2.972964547775875932e-01
1.607833928000000014e+04	7.456692335077559457e-03	2.960605599242832064e-01
1.607171565999999984e+04	7.077958978870226708e-03	2.948131683405570969e-01
1.606509771000000001e+04	6.716797300647499996e-03	2.935545141281069026e-01
1.605848543000000063e+04	6.372489870863017394e-03	2.922848316767613919e-01
1.605187880000000041e+04	6.044342033856998225e-03	2.910043517069585972e-01
1.604527781999999934e+04	5.731683506165637619e-03	2.897133088901799325e-01
1.603868247999999949e+04	5.433866333579840703e-03	2.884119360197876514e-01
1.603209276999999929e+04	5.150264922860563026e-03	2.871004658637955065e-01
1.602550869000000057e+04	4.880275935444292230e-03	2.857791331222967468e-01
1.601893022000000019e+04	4.623316538365771812e-03	2.844481683575615372e-01
1.601235736999999972e+04	4.378825896098425749e-03	2.831078080115340123e-01
1.600579011999999966e+04	4.146262313058192601e-03	2.817582822104150453e-01
1.599922847000000002e+04	3.925104627564595348e-03	2.803998248644903324e-01
1.599267240999999922e+04	3.714850590875825708e-03	2.790326674876880686e-01
1.598612194000000090e+04	3.515017031539364057e-03	2.776570432826540591e-01
1.597957703000000038e+04	3.325138138739704239e-03	2.762731786730777683e-01
1.597303770000000077e+04	3.144767320300915266e-03	2.748813101231709077e-01
1.596650393000000076e+04	2.973474050953289153e-03	2.734816650914733138e-01
1.595997572000000036e+04	2.810845101234703096e-03	2.720744746789302559e-01
1.595345305000000008e+04	2.656482991048937734e-03	2.706599650112878064e-01
1.594693591999999990e+04	2.510006496776019148e-03	2.692383658116364042e-01
1.594042432000000008e+04	2.371049426684579669e-03	2.678099038784570451e-01
1.593391826000000037e+04	2.239260793100334400e-03	2.663748096106466901e-01
1.592741770999999972e+04	2.114303117273529965e-03	2.649333037370851796e-01
1.592092266999999993e+04	1.995853411042511349e-03	2.634856126811787602e-01
1.591443313999999918e+04	1.883602069078141707e-03	2.620319619499937303e-01
1.590794909999999982e+04	1.777252106542997730e-03	2.605725715749552251e-01
1.590147055999999975e+04	1.676519564275788217e-03	2.591076672941595715e-01
1.589499750999999924e+04	1.581132238306515213e-03	2.576374692813042100e-01
1.588852993000000060e+04	1.490829477503717278e-03	2.561621942874336977e-01
1.588206782000000021e+04	1.405362193059936371e-03	2.546820624391787358e-01
1.587561117000000013e+04	1.324492017837104220e-03	2.531972903796772534e-01
1.586915998000000036e+04	1.247991179256853229e-03	2.517080958086333475e-01
1.586271423999999934e+04	1.175641865708791601e-03	2.502146928438402362e-01
1.585627393999999913e+04	1.107235987530698742e-03	2.487172942698209765e-01
1.584983907999999974e+04	1.042574909442532888e-03	2.472161138382261703e-01
1.584340964999999960e+04	9.814688835495008045e-04	2.457113615810913865e-01
1.583698564000000079e+04	9.237368185643680691e-04	2.442032460889793088e-01
1.583056704999999965e+04	8.692060258751016207e-04	2.426919768351523954e-01
1.582415386000000035e+04	8.177116357666108434e-04	2.411777570820230199e-01
1.581774608000000080e+04	7.690966940908280361e-04	2.396607956369642967e-01
1.581134368999999970e+04	7.232113727858651905e-04	2.381412926541635611e-01
1.580494669000000067e+04	6.799130624918292912e-04	2.366194514243356029e-01
1.579855507000000034e+04	6.390658579709824214e-04	2.350954712396808866e-01
1.579216883000000053e+04	6.005404143720249671e-04	2.335695521215389314e-01
1.578578794999999991e+04	5.642134934890084873e-04	2.320418876265642194e-01
1.577941243000000031e+04	5.299679430187122751e-04	2.305126743768545483e-01
1.577304226999999992e+04	4.976923130987540543e-04	2.289821072676564706e-01
1.576667746000000079e+04	4.672805664245892375e-04	2.274503770310194462e-01
1.576031797999999981e+04	4.386318563432430430e-04	2.259176701916950081e-01
1.575396384000000035e+04	4.116504758195984074e-04	2.243841786879312017e-01
1.574761503000000084e+04	3.862454058484037791e-04	2.228500878056648427e-01
1.574127153999999973e+04	3.623302013784894678e-04	2.213155809663425455e-01
1.573493336000000090e+04	3.398227866181375298e-04	2.197808397062060715e-01
1.572860049000000072e+04	3.186452903781637302e-04	2.182460460809047820e-01
1.572227291999999943e+04	2.987237857872602717e-04	2.167113778025225312e-01
1.571595065000000068e+04	2.799881753472661700e-04	2.151770130667066405e-01
1.570963365999999951e+04	2.623719258192875117e-04	2.136431232547367498e-01
1.570332194999999956e+04	2.458120183371756201e-04	2.121098826239988522e-01
1.569701552000000083e+04	2.302487224915130499e-04	2.105774634404833368e-01
1.569071435000000019e+04	2.156253966772798058e-04	2.090460311000599536e-01
1.568441844999999921e+04	2.018884588762298495e-04	2.075157562640305708e-01
1.567812780000000021e+04	1.889871043306995142e-04	2.059868002630195205e-01
1.567184238999999980e+04	1.768732624526045969e-04	2.044593248058282353e-01
1.566556222999999954e+04	1.655014764277583557e-04	2.029334943958836512e-01
1.565928730999999971e+04	1.548287006124248215e-04	2.014094665974790477e-01
1.565301761000000079e+04	1.448142066412566229e-04	1.998873944597192587e-01
1.564675312999999915e+04	1.354195162210902737e-04	1.983674337910835139e-01
1.564049387000000024e+04	1.266082538781456704e-04	1.968497382882948565e-01
1.563423982000000069e+04	1.183460290474342390e-04	1.953344571039736521e-01
1.562799097000000074e+04	1.106003515324602504e-04	1.938217372676469541e-01
1.562174731000000065e+04	1.033405349938799363e-04	1.923117236792158125e-01
1.561550885000000017e+04	9.653762589967765481e-05	1.908045639322483444e-01
1.560927556000000004e+04	9.016424956068070024e-05	1.893003938098684613e-01
1.560304745999999977e+04	8.419462287210934621e-05	1.877993590150980885e-01
1.559682452000000012e+04	7.860437192677568140e-05	1.863015910360992788e-01
1.559060675000000083e+04	7.337054374401458701e-05	1.848072288401196028e-01
1.558439413000000059e+04	6.847146906487094507e-05	1.833164020151343832e-01
1.557818666999999914e+04	6.388674377828159061e-05	1.818292451864966242e-01
1.557198435000000063e+04	5.959711558573174662e-05	1.803458836175185764e-01
1.556578715999999986e+04	5.558445314137391982e-05	1.788664428117123784e-01
1.555959511000000020e+04	5.183168977774129201e-05	1.773910508721890378e-01
1.555340818000000036e+04	4.832273537659369412e-05	1.759198265762880464e-01
1.554722637000000032e+04	4.504245365478883089e-05	1.744528913011712257e-01
1.554104968000000008e+04	4.197659753775134745e-05	1.729903642448751000e-01
1.553487809000000016e+04	3.911175147527381856e-05	1.715323577075786865e-01
1.552871160000000054e+04	3.643530486520972972e-05	1.700789865656570088e-01
1.552255019999999968e+04	3.393539322694045661e-05	1.686303611743436570e-01
1.551639388999999937e+04	3.160086510032503041e-05	1.671865920846965503e-01
1.551024265999999989e+04	2.942123423859780573e-05	1.657477853455473771e-01
1.550409650999999940e+04	2.738664957627969613e-05	1.643140471982061368e-01
1.549795542000000023e+04	2.548784944515937586e-05	1.628854770807256769e-01
1.549181940000000031e+04	2.371614373392423572e-05	1.614621792811559986e-01
1.548568843000000015e+04	2.206336322562075261e-05	1.600442489868325602e-01
1.547956250999999975e+04	2.052184416135545756e-05	1.586317839057534707e-01
1.547344163999999910e+04	1.908439314013877944e-05	1.572248796138440430e-01
1.546732580000000053e+04	1.774425570846492573e-05	1.558236249868783230e-01
1.546121499000000040e+04	1.649509995180161354e-05	1.544281114032121649e-01
1.545510921000000053e+04	1.533098695507116395e-05	1.530384281330830487e-01
1.544900844999999936e+04	1.424634606977925381e-05	1.516546600826828850e-01
1.544291268999999920e+04	1.323595373009073297e-05	1.502768878432008681e-01
1.543682194999999956e+04	1.229492080093915188e-05	1.489051989824412281e-01
1.543073619999999937e+04	1.141865845595494177e-05	1.475396677338449425e-01
1.542465545000000020e+04	1.060287397946381693e-05	1.461803752962084202e-01
1.541857969000000048e+04	9.843544222813360397e-06	1.448273963408117648e-01
1.541250890000000072e+04	9.136901249066062120e-06	1.434808013223601020e-01
1.540644310000000041e+04	8.479422442554935714e-06	1.421406675605079439e-01
1.540038226000000031e+04	7.867805625090397738e-06	1.408070593111443725e-01
1.539432638000000043e+04	7.298964343524948514e-06	1.394800454982786653e-01
1.538827547000000050e+04	6.770012139282540195e-06	1.381596952363564335e-01
1.538222949999999946e+04	6.278246119117134059e-06	1.368460669559983800e-01
1.537618848000000071e+04	5.821142415601131094e-06	1.355392258743979284e-01
1.537015240000000085e+04	5.396340136027202691e-06	1.342392309264996697e-01
1.536412125000000015e+04	5.001632924835334681e-06	1.329461391534321468e-01
1.535809503000000041e+04	4.634959901596109394e-06	1.316600078471173441e-01
1.535207373000000007e+04	4.294395283671414068e-06	1.303808902774037659e-01
1.534605733999999939e+04	3.978140570913273963e-06	1.291088378664561054e-01
1.534004586000000018e+04	3.684516979427919683e-06	1.278439023039900091e-01
1.533403929000000062e+04	3.411957280048722759e-06	1.265861334234855695e-01
1.532803760999999940e+04	3.158997905351786840e-06	1.253355750608419750e-01
1.532204082000000017e+04	2.924274092067113954e-06	1.240922734469617483e-01
1.531604891999999927e+04	2.706512615990679534e-06	1.228562730053333052e-01
1.531006189000000086e+04	2.504525268531047817e-06	1.216276122746525745e-01
1.530407973999999922e+04	2.317205081878273778e-06	1.204063342134160941e-01
1.529810246000000006e+04	2.143519391225869416e-06	1.191924759296473790e-01
1.529213004000000001e+04	1.982505711427794137e-06	1.179860728348711835e-01
1.528616246999999930e+04	1.833267160881339871e-06	1.167871586621670454e-01
1.528019974999999977e+04	1.694968392618496027e-06	1.155957674769255011e-01
1.527424187999999958e+04	1.566831281124320981e-06	1.144119316582895840e-01
1.526828883999999925e+04	1.448130776802214734e-06	1.132356779763608323e-01
1.526234064000000035e+04	1.338192409466352251e-06	1.120670375178184491e-01
1.525639725999999973e+04	1.236387778785871724e-06	1.109060338492915548e-01
1.525045869999999923e+04	1.142132413835883230e-06	1.097526928874608260e-01
1.524452495000000090e+04	1.054882318983598029e-06	1.086070370295045273e-01
1.523859600999999930e+04	9.741315737861501151e-07	1.074690890561054019e-01
1.523267187999999987e+04	8.994096143821829146e-07	1.063388701910399081e-01
1.522675253999999950e+04	8.302786307214536432e-07	1.052163963389781270e-01
1.522083798999999999e+04	7.663318407653310721e-07	1.041016857360609338e-01
1.521492822999999953e+04	7.071911267024220594e-07	1.029947551188031413e-01
1.520902324000000044e+04	6.525049106820185642e-07	1.018956160321430188e-01
1.520312303000000065e+04	6.019468137229680249e-07	1.008042841849293714e-01
1.519722759000000042e+04	5.552134711574095833e-07	9.972077013327038109e-02
1.519133690999999999e+04	5.120231463188547850e-07	9.864508305800898103e-02
1.518545097999999962e+04	4.721142412820130972e-07	9.757723078446481346e-02
1.517956981000000087e+04	4.352440265839559666e-07	9.651722339505440507e-02
1.517369338000000062e+04	4.011870185712790851e-07	9.546506420734311715e-02
1.516782167999999911e+04	3.697340432619698911e-07	9.442075706270951219e-02
1.516195471999999972e+04	3.406911295914871648e-07	9.338430804717950950e-02
1.515609249000000091e+04	3.138782418039755897e-07	9.235571839687437001e-02
1.515023497999999927e+04	2.891284149168749559e-07	9.133498811069890033e-02
1.514438219000000026e+04	2.662868736070814008e-07	9.032211769471384932e-02
1.513853410000000076e+04	2.452100575423543541e-07	8.931710298414509419e-02
1.513269072000000051e+04	2.257650116350910603e-07	8.831994378585725225e-02
1.512685203999999976e+04	2.078284555613496281e-07	8.733063527522813563e-02
1.512101806000000033e+04	1.912861987972484402e-07	8.634917316532332576e-02
1.511518875999999909e+04	1.760324088540551634e-07	8.537554867354744947e-02
1.510936413999999968e+04	1.619691235978785322e-07	8.440975527052507754e-02
1.510354420000000027e+04	1.490056289446549286e-07	8.345178529870060646e-02
1.509772892999999931e+04	1.370579192701166424e-07	8.250162836395712185e-02
1.509191832000000068e+04	1.260482393793686250e-07	8.155927303135367123e-02
1.508611238000000048e+04	1.159046665651081925e-07	8.062471005172749949e-02
1.508031107999999949e+04	1.065605847770874118e-07	7.969792271089959357e-02
1.507451444000000083e+04	9.795444852611589574e-08	7.877890130563469651e-02
1.506872243999999955e+04	9.002927162022868757e-08	7.786762875457502175e-02
1.506293506999999954e+04	8.273237332918236703e-08	7.696408863536316480e-02
1.505715234000000055e+04	7.601507007204383002e-08	7.606826668619208476e-02
1.505137422999999944e+04	6.983232368998622944e-08	7.518014304884919341e-02
1.504560074999999961e+04	6.414254082506649076e-08	7.429970158239568301e-02
1.503983187999999973e+04	5.890725713900600642e-08	7.342692065959456615e-02
1.503406761000000006e+04	5.409094724366173020e-08	7.256177934576184263e-02
1.502830796000000009e+04	4.966081873253811280e-08	7.170426032263356453e-02
1.502255290000000059e+04	4.558654768271835695e-08	7.085433796006253282e-02
1.501680242999999973e+04	4.184015670000010399e-08	7.001199030515864452e-02
1.501105654999999933e+04	3.839581587037788245e-08	6.917719457993386223e-02
1.500531524999999965e+04	3.522967703273842370e-08	6.834992576457006586e-02
1.499957853000000068e+04	3.231973680918519521e-08	6.753015952114828357e-02
1.499384638000000086e+04	2.964568736408419750e-08	6.671786932966870809e-02
1.498811880000000019e+04	2.718879849853047039e-08	6.591302936377638200e-02
1.498239578000000074e+04	2.493178955865234504e-08	6.511561167418358775e-02
1.497667730999999912e+04	2.285872455506159803e-08	6.432558764094585546e-02
1.497096339000000080e+04	2.095491329756904376e-08	6.354292935450631119e-02
1.496525401000000056e+04	1.920680970514824153e-08	6.276760686979282466e-02
1.495954917000000023e+04	1.760193106223726341e-08	6.199959096278798154e-02
1.495384886999999981e+04	1.612877338839317264e-08	6.123885176016519855e-02
1.494815308999999979e+04	1.477673203570741290e-08	6.048535612206035889e-02
1.494246183000000019e+04	1.353604261175721924e-08	5.973907299683105243e-02
1.493677510000000075e+04	1.239771293179240631e-08	5.899997202738910956e-02
1.493109287000000040e+04	1.135345412355493076e-08	5.826801709813148045e-02
1.492541515000000072e+04	1.039564170506772949e-08	5.754317674863252546e-02
1.491974193000000014e+04	9.517252925197916291e-09	5.682541640299081792e-02
1.491407320000000072e+04	8.711823907794394506e-09	5.611470099642953263e-02
1.490840897000000041e+04	7.973408674021407766e-09	5.541099746413717664e-02
1.490274921999999970e+04	7.296532207594291136e-09	5.471426851654775242e-02
1.489709395000000040e+04	6.676160172582170803e-09	5.402447889493254551e-02
1.489144314999999915e+04	6.107660767396128797e-09	5.334159166503470162e-02
1.488579682999999932e+04	5.586776163312080257e-09	5.266557186328775508e-02
1.488015495999999985e+04	5.109587649684702747e-09	5.199637931677120878e-02
1.487451756000000023e+04	4.672496765428949094e-09	5.133397940554378786e-02
1.486888460999999916e+04	4.272192569151611284e-09	5.067833237413568032e-02
1.486325610000000052e+04	3.905633028321006514e-09	5.002939930408731306e-02
1.485763204000000042e+04	3.570024030986331822e-09	4.938714320920845752e-02
1.485201240999999936e+04	3.262796689106284166e-09	4.875152331232349145e-02
1.484639722000000074e+04	2.981592870745238037e-09	4.812250191114485209e-02
1.484078644999999960e+04	2.724245244724549467e-09	4.750003760531820024e-02
1.483518010999999933e+04	2.488764935009762135e-09	4.688409203136025688e-02
1.482957818000000043e+04	2.273324591640202518e-09	4.627462321931320038e-02
1.482398065999999926e+04	2.076247528073762395e-09	4.567159112598685733e-02
1.481838754999999946e+04	1.895994744890016130e-09	4.507495541856882532e-02
1.481279883999999947e+04	1.731153572284668451e-09	4.448467443671103722e-02
1.480721451999999954e+04	1.580427843172794326e-09	4.390070629814035730e-02
1.480163459999999941e+04	1.442628944495915272e-09	4.332301097102613657e-02
1.479605905999999959e+04	1.316665860464289165e-09	4.275154508366482697e-02
1.479048790000000008e+04	1.201538483156679644e-09	4.218626713908127379e-02
1.478492110999999932e+04	1.096329530410170589e-09	4.162713442597836683e-02
1.477935870000000068e+04	1.000198364306514083e-09	4.107410604895422868e-02
1.477380064999999922e+04	9.123738645156425058e-10	4.052713794349402376e-02
1.476824695000000065e+04	8.321494672867038500e-10	3.998618691481716642e-02
1.476269762000000082e+04	7.588780729251798462e-10	3.945121251637539322e-02
1.475715263000000050e+04	6.919661100392961256e-10	3.892216931873613422e-02
1.475161197999999968e+04	6.308701947729107503e-10	3.839901468250322969e-02
1.474607567999999992e+04	5.750926819004126874e-10	3.788170676158507388e-02
1.474054370999999992e+04	5.241775090629323884e-10	3.737020078622206587e-02
1.473501605999999992e+04	4.777071807835957921e-10	3.686445285961172103e-02
1.472949274999999943e+04	4.352996878691666127e-10	3.636442172010760643e-02
1.472397374999999920e+04	3.966049494659041935e-10	3.587006147995696476e-02
1.471845905999999923e+04	3.613027759094076789e-10	3.538132892551912323e-02
1.471294867999999951e+04	3.291001408208260912e-10	3.489818076783395701e-02
1.470744261000000006e+04	2.997289178736474029e-10	3.442057365235531158e-02
1.470194082999999955e+04	2.729437094320371370e-10	3.394846246157386116e-02
1.469644334999999955e+04	2.485201910619946008e-10	3.348180463784814626e-02
1.469095015000000058e+04	2.262530646944991673e-10	3.302055504344743320e-02
1.468546124000000054e+04	2.059547173284395321e-10	3.256467106265482220e-02
1.467997660999999971e+04	1.874535322769888788e-10	3.211410838906220838e-02
1.467449625000000015e+04	1.705926257837313602e-10	3.166882274058663294e-02
1.466902016000000003e+04	1.552286297306444153e-10	3.122877066652455375e-02
1.466354833999999937e+04	1.412305145080640379e-10	3.079390872084451086e-02
1.465808077000000048e+04	1.284785004457023546e-10	3.036419190729421069e-02
1.465261744999999974e+04	1.168632013389642206e-10	2.993957686588452280e-02
1.464715839000000051e+04	1.062847068642423328e-10	2.952002102896209013e-02
1.464170355999999992e+04	9.665168590259191003e-11	2.910547880775449583e-02
1.463625297999999930e+04	8.788081904696752094e-11	2.869590849518400752e-02
1.463080662999999913e+04	7.989595908929645116e-11	2.829126541179805346e-02
1.462536450999999943e+04	7.262761621968769920e-11	2.789150646397502847e-02
1.461992661000000044e+04	6.601234279260342388e-11	2.749658790047429871e-02
1.461449293000000034e+04	5.999224065139494036e-11	2.710646678827764375e-02
1.460906346999999914e+04	5.451447058705941524e-11	2.672110027222123971e-02
1.460363820999999916e+04	4.953079972290399984e-11	2.634044418647460764e-02
1.459821716000000015e+04	4.499725093608966965e-11	2.596445658917968455e-02
1.459280031000000054e+04	4.087368983680669461e-11	2.559309424002622485e-02
1.458738766000000032e+04	3.712351820882215134e-11	2.522631470721063002e-02
1.458197919000000002e+04	3.371334715611765403e-11	2.486407433610991757e-02
1.457657490999999936e+04	3.061275064185669885e-11	2.450633162331691817e-02
1.457117481000000043e+04	2.779397680438726908e-11	2.415304385365299802e-02
1.456577887999999984e+04	2.523172841366668682e-11	2.380416846832931338e-02
1.456038711999999941e+04	2.290295298520686508e-11	2.345966370495522479e-02
1.455499952999999914e+04	2.078664153660740795e-11	2.311948793704669478e-02
1.454961609999999928e+04	1.886364670160474494e-11	2.278359905903436927e-02
1.454423682999999983e+04	1.711652732478096762e-11	2.245195575391094669e-02
1.453886169999999947e+04	1.552938923505139705e-11	2.212451564439499654e-02
1.453349072999999953e+04	1.408776693664857640e-11	2.180123895988890503e-02
1.452812389000000076e+04	1.277847310595441677e-11	2.148208307636268258e-02
1.452276118999999926e+04	1.158950967969982312e-11	2.116700795594680246e-02
1.451740262000000075e+04	1.050994805979784626e-11	2.085597254681449339e-02
1.451204817999999977e+04	9.529841495132585508e-12	2.054893656782129374e-02
1.450669786999999997e+04	8.640135979250526220e-12	2.024585991440526825e-02
1.450135167000000001e+04	7.832588359924398391e-12	1.994670155034647743e-02
1.449600957999999991e+04	7.099700762768252659e-12	1.965142177706864432e-02
1.449067159999999967e+04	6.434650948461116495e-12	1.935998108360437869e-02
1.448533772999999928e+04	5.831232262148868370e-12	1.907234015028635987e-02
1.448000794999999925e+04	5.283796884472678884e-12	1.878845879365362292e-02
1.447468226999999933e+04	4.787211186870719152e-12	1.850829864930081392e-02
1.446936067000000003e+04	4.336803904070588600e-12	1.823181997889546796e-02
1.446404317000000083e+04	3.928330876513544817e-12	1.795898533952496046e-02
1.445872974000000067e+04	3.557929670148571754e-12	1.768975492667980431e-02
1.445342037999999957e+04	3.222091498276620199e-12	1.742409071374019167e-02
1.444811510000000089e+04	2.917627605264983785e-12	1.716195537750713970e-02
1.444281387999999970e+04	2.641638318334381404e-12	1.690331033086429555e-02
1.443751672999999937e+04	2.391490314926477498e-12	1.664811868998948910e-02
1.443222363000000041e+04	2.164789613835137248e-12	1.639634234903975668e-02
1.442693457999999919e+04	1.959362309501129760e-12	1.614794440640385589e-02
1.442164957999999933e+04	1.773233693458788824e-12	1.590288818510878638e-02
1.441636861999999928e+04	1.604609927821310033e-12	1.566113678025659109e-02
1.441109170000000086e+04	1.451862324101619013e-12	1.542265398834714168e-02
1.440581881000000067e+04	1.313511741329864328e-12	1.518740339344459497e-02
1.440054996000000028e+04	1.188215774874167113e-12	1.495534971040122889e-02
1.439528512000000046e+04	1.074754904486102214e-12	1.472645613813156583e-02
1.439002431000000070e+04	9.720232976233879403e-13	1.450068831088184226e-02
1.438476750999999967e+04	8.790165415646070461e-13	1.427801037258219670e-02
1.437951471999999922e+04	7.948235738917819306e-13	1.405838758119462920e-02
1.437426593999999932e+04	7.186177372549713998e-13	1.384178543509954722e-02
1.436902115000000049e+04	6.496488028574929800e-13	1.362816886531623140e-02
1.436378037000000040e+04	5.872367400615762721e-13	1.341750468579033968e-02
1.435854357999999957e+04	5.307642673292896236e-13	1.320975833608881503e-02
1.435331077000000005e+04	4.796717196973312193e-13	1.300489593191764270e-02
1.434808194999999978e+04	4.334517849683770895e-13	1.280288462329815490e-02
1.434285709999999926e+04	3.916442314884218912e-13	1.260369065080582142e-02
1.433763623000000007e+04	3.538320711819211494e-13	1.240728166452493599e-02
1.433241933000000063e+04	3.196371670929943319e-13	1.221362480576931170e-02
1.432720638999999937e+04	2.887168058398561246e-13	1.202268748519355786e-02
1.432199741999999969e+04	2.607605169917890239e-13	1.183443810096237829e-02
1.431679239000000052e+04	2.354867654833097673e-13	1.164884386587774177e-02
1.431159132999999929e+04	2.126407580359663704e-13	1.146587439772283994e-02
1.430639420000000064e+04	1.919913635712308786e-13	1.128549709592174127e-02
1.430120102000000043e+04	1.733294652463743810e-13	1.110768172720853417e-02
1.429601178000000073e+04	1.564655447778081771e-13	1.093239726679826225e-02
1.429082646999999997e+04	1.412279786636238400e-13	1.075961296074279434e-02
1.428564508999999998e+04	1.274613912296710868e-13	1.058929865218247168e-02
1.428046764000000076e+04	1.150251020242216663e-13	1.042142443686205379e-02
1.427529409999999916e+04	1.037917096296043975e-13	1.025596002803638891e-02
1.427012448000000040e+04	9.364595699358509615e-14	1.009287636647325168e-02
1.426495876999999928e+04	8.448348421825267070e-14	9.932144010140578003e-03
1.425979696999999942e+04	7.620986531420274644e-14	9.773734091422946538e-03
1.425463906999999926e+04	6.873964004056675640e-14	9.617617694470023335e-03
1.424948507000000063e+04	6.199550041421159115e-14	9.463766468691509406e-03
1.424433496000000014e+04	5.590749459639973504e-14	9.312152022962340986e-03
1.423918873999999960e+04	5.041235775798087088e-14	9.162746522257422463e-03
1.423404639999999927e+04	4.545285775697098986e-14	9.015522098329337500e-03
1.422890795000000071e+04	4.097725328834697038e-14	8.870451710224576750e-03
1.422377337000000080e+04	3.693872993257910009e-14	8.727507722192067233e-03
1.421864265999999952e+04	3.329497636037617580e-14	8.586663324576396597e-03
1.421351582000000053e+04	3.000773891635473663e-14	8.447891956783869921e-03
1.420839284000000043e+04	2.704243087600810049e-14	8.311167041801108962e-03
1.420327371999999923e+04	2.436779598417170513e-14	8.176462526854199817e-03
1.419815846000000056e+04	2.195558480535037495e-14	8.043752606403787794e-03
1.419304703999999947e+04	1.978026022812838415e-14	7.913011213604994112e-03
1.418793946999999935e+04	1.781876022524269623e-14	7.784213307464040235e-03
1.418283574000000044e+04	1.605024035428890836e-14	7.657333583923494301e-03
1.417773584999999912e+04	1.445587355641278806e-14	7.532347240603063515e-03
1.417263978999999927e+04	1.301865044453508498e-14	7.409229478579310545e-03
1.416754756000000089e+04	1.172321111962797836e-14	7.287955991588755157e-03
1.416245915000000059e+04	1.055568157283875471e-14	7.168502481759583822e-03
1.415737456000000020e+04	9.503535880307182195e-15	7.050845134906791496e-03
1.415229378999999972e+04	8.555464021288619724e-15	6.934960376321237623e-03
1.414721681999999964e+04	7.701251758141817564e-15	6.820824423478996298e-03
1.414214366999999947e+04	6.931685052053650011e-15	6.708414637072388116e-03
1.413707430999999997e+04	6.238439527174778035e-15	6.597707504557587949e-03
1.413200876000000062e+04	5.614009096973176255e-15	6.488680854963246175e-03
1.412694699000000037e+04	5.051613848628227048e-15	6.381311673584083230e-03
1.412188902000000053e+04	4.545141590269384210e-15	6.275578253273380973e-03
1.411683482999999978e+04	4.089073458354104208e-15	6.171458276264994713e-03
1.411178442999999970e+04	3.678433331353892281e-15	6.068930284069072242e-03
1.410673780000000079e+04	3.308730013474300039e-15	5.967972439974543117e-03
1.410169493999999941e+04	2.975914182525170096e-15	5.868563550217962589e-03
1.409665584999999919e+04	2.676333752097081364e-15	5.770682647775080172e-03
1.409162053000000014e+04	2.406695246110576435e-15	5.674308991166414004e-03
1.408658895999999913e+04	2.164027978863108801e-15	5.579421688861059547e-03
1.408156115999999929e+04	1.945655442636671511e-15	5.486000832209523073e-03
1.407653709999999955e+04	1.749162564051896220e-15	5.394025803640288205e-03
1.407151678999999967e+04	1.572373982468050957e-15	5.303476954478192340e-03
1.406650021999999990e+04	1.413328218245091508e-15	5.214334491332501750e-03
1.406148739000000023e+04	1.270257828307549270e-15	5.126579022577719240e-03
1.405647830000000067e+04	1.141570038938269862e-15	5.040191372600661551e-03
1.405147293999999965e+04	1.025829410140637978e-15	4.955152411839817451e-03
1.404647129999999925e+04	9.217426884950336219e-16	4.871443234119262645e-03
1.404147338999999920e+04	8.281451886587905565e-16	4.789045482201249003e-03
1.403647919000000002e+04	7.439872049168346313e-16	4.707940515702439821e-03
1.403148870999999963e+04	6.683237681639453658e-16	4.628110398841084674e-03
1.402650194000000010e+04	6.003034935529349278e-16	4.549537080744139872e-03
1.402151886999999988e+04	5.391597043029091797e-16	4.472202725928325906e-03
1.401653951000000052e+04	4.842022773124614772e-16	4.396090015955455774e-03
1.401156384000000071e+04	4.348095229414366489e-16	4.321181377743231120e-03
1.400659187000000020e+04	3.904220510751204010e-16	4.247459899214565959e-03
1.400162358999999924e+04	3.505361140550341040e-16	4.174908569203386426e-03
1.399665898999999990e+04	3.146983021166631265e-16	4.103510583729674289e-03
1.399169807000000037e+04	2.825006121496465523e-16	4.033249484778770981e-03
1.398674083000000064e+04	2.535758599395440437e-16	3.964109009423184837e-03
1.398178725999999915e+04	2.275935786992551053e-16	3.896072952049335625e-03
1.397683735999999953e+04	2.042564806362234027e-16	3.829125441707893849e-03
1.397189112999999998e+04	1.832970961187171477e-16	3.763250797907079052e-03
1.396694856000000073e+04	1.644747698612741924e-16	3.698433398986609479e-03
1.396200964000000022e+04	1.475730368627173571e-16	3.634657818740341054e-03
1.395707438000000002e+04	1.323972664880611038e-16	3.571909076955286609e-03
1.395214276000000064e+04	1.187723269582811357e-16	3.510171997109901888e-03
1.394721478999999999e+04	1.065408128950840518e-16	3.449431967685193893e-03
1.394229046000000017e+04	9.556113555588133757e-17	3.389674309715541914e-03
1.393736976999999933e+04	8.570601613181774643e-17	3.330884649813662182e-03
1.393245269999999982e+04	7.686099257363392793e-17	3.273048559082093745e-03
1.392753926999999931e+04	6.892324086479003904e-17	3.216152259080673047e-03
1.392262946000000011e+04	6.180027050283544861e-17	3.160181679204681834e-03
1.391772328000000016e+04	5.540899802549726270e-17	3.105123270319993384e-03
1.391282070000000022e+04	4.967470732020407183e-17	3.050963209440079281e-03
1.390792173999999977e+04	4.453031671572375501e-17	2.997688403748150019e-03
1.390302639000000090e+04	3.991551665070140697e-17	2.945285596496836911e-03
1.389813464999999997e+04	3.577613194257193840e-17	2.893741809102790431e-03
1.389324649999999929e+04	3.206347792160094829e-17	2.843044022493968360e-03
1.388836195000000043e+04	2.873384467500128630e-17	2.793179698169319033e-03
1.388348099999999977e+04	2.574796265130518510e-17	2.744136353562323400e-03
1.387860362999999961e+04	2.307055156536707240e-17	2.695901470512747367e-03
1.387372984999999971e+04	2.066994452692654242e-17	2.648462992062140201e-03
1.386885964000000058e+04	1.851769073666088823e-17	2.601808727388132958e-03
1.386399301999999989e+04	1.658826146605148735e-17	2.555927027803038890e-03
1.385912996000000021e+04	1.485871676026293560e-17	2.510805926751027983e-03
1.385427047999999922e+04	1.330848043267964495e-17	2.466434081116903546e-03
1.384941455999999926e+04	1.191906874691912169e-17	2.422799930811212615e-03
1.384456220000000030e+04	1.067389723971873583e-17	2.379892252428094258e-03
1.383971340000000055e+04	9.558080826501460849e-18	2.337699970713103589e-03
1.383486815999999999e+04	8.558260838483526793e-18	2.296212157089247592e-03
1.383002645999999913e+04	7.662446036449311226e-18	2.255417861031527773e-03
1.382518829999999980e+04	6.859880943741441631e-18	2.215306450952397171e-03
1.382035368999999992e+04	6.140916829603390141e-18	2.175867518228462912e-03
1.381552261999999973e+04	5.496894348552164586e-18	2.137090630394961402e-03
1.381069507999999951e+04	4.920045853227575908e-18	2.098965499379329067e-03
1.380587106999999924e+04	4.403405140011198734e-18	2.061482056941678267e-03
1.380105059000000074e+04	3.940724029896721270e-18	2.024630371004519126e-03
1.379623363000000063e+04	3.526398023241262241e-18	1.988400569624680300e-03
1.379142017999999916e+04	3.155401399289266167e-18	1.952782919005530225e-03
1.378661025999999947e+04	2.823229759663540933e-18	1.917768038514322841e-03
1.378180384000000049e+04	2.525840970994723596e-18	1.883346313264339317e-03
1.377700093000000015e+04	2.259613712837714672e-18	1.849508550826372069e-03
1.377220152000000053e+04	2.021300406224478373e-18	1.816245544131256731e-03
1.376740560999999980e+04	1.807990459593023668e-18	1.783548284319517833e-03
1.376261319999999978e+04	1.617074993259382439e-18	1.751407887163287241e-03
1.375782428000000073e+04	1.446215420247875403e-18	1.719815526271505947e-03
1.375303883999999925e+04	1.293316024059445805e-18	1.688762501440810868e-03
1.374825689000000057e+04	1.156499420141010581e-18	1.658240363745012253e-03
1.374347841999999946e+04	1.034082798472541407e-18	1.628240654592839334e-03
1.373870342999999957e+04	9.245586936817081090e-19	1.598755098502447616e-03
1.373393190999999933e+04	8.265763595516709044e-19	1.569775476116485897e-03
1.372916386000000057e+04	7.389259833708395547e-19	1.541293746325606137e-03
1.372439926999999989e+04	6.605236963083946380e-19	1.513301923396956003e-03
1.371963813999999911e+04	5.903988684375417453e-19	1.485792195086516271e-03
1.371488047999999981e+04	5.276822985259239443e-19	1.458756916462191581e-03
1.371012625999999909e+04	4.715950801523316758e-19	1.432188326862734616e-03
1.370537550000000010e+04	4.214403213569887672e-19	1.406079057645571876e-03
1.370062817999999970e+04	3.765935857933775318e-19	1.380421625521885539e-03
1.369588429999999971e+04	3.364960036151220556e-19	1.355208765625947730e-03
1.369114386999999988e+04	3.006472982425217816e-19	1.330433369394392251e-03
1.368640685999999914e+04	2.685993361124656644e-19	1.306088224199527820e-03
1.368167329000000063e+04	2.399513220543239120e-19	1.282166480275990800e-03
1.367694314999999915e+04	2.143443202281834433e-19	1.258661233975640623e-03
1.367221643000000040e+04	1.914570974534163624e-19	1.235565684539478805e-03
1.366749313000000075e+04	1.710022243874685710e-19	1.212873180409624902e-03
1.366277325000000019e+04	1.527224870086650137e-19	1.190577167080337151e-03
1.365805678000000080e+04	1.363876953176340023e-19	1.168671139867068698e-03
1.365334372000000076e+04	1.217919288615403423e-19	1.147148737167944486e-03
1.364863406000000032e+04	1.087509292476521618e-19	1.126003646338663133e-03
1.364392780999999923e+04	9.709991249241634685e-20	1.105229737596111683e-03
1.363922494999999981e+04	8.669140157460994708e-20	1.084820840234721005e-03
1.363452548999999999e+04	7.739355175587648435e-20	1.064771006326847846e-03
1.362982942000000003e+04	6.908839960402444166e-20	1.045074290711207931e-03
1.362513673000000017e+04	6.167045064991527236e-20	1.025724838803223271e-03
1.362044743000000017e+04	5.504539458468711838e-20	1.006716965761413497e-03
1.361576151000000027e+04	4.912886909011329003e-20	9.880449904400795489e-04
1.361107897000000048e+04	4.384545621709396924e-20	9.697033576383505028e-04
1.360639978999999948e+04	3.912770666915552133e-20	9.516865190952641506e-04
1.360172399000000041e+04	3.491535946955740437e-20	9.339891640792959181e-04
1.359705155000000013e+04	3.115450746126518994e-20	9.166059102561997579e-04
1.359238247000000047e+04	2.779698204087787632e-20	8.995315329782713979e-04
1.358771674999999959e+04	2.479972840144316667e-20	8.827608865845778998e-04
1.358305438999999933e+04	2.212426543666345282e-20	8.662889033814734656e-04
1.357839537000000018e+04	1.973619269253854158e-20	8.501105237811531655e-04
1.357373970000000008e+04	1.760478460347119090e-20	8.342208703808650294e-04
1.356908738000000085e+04	1.570257994645006838e-20	8.186151050510225360e-04
1.356443839999999909e+04	1.400503819188044051e-20	8.032884309069764257e-04
1.355979275000000052e+04	1.249023462651035467e-20	7.882361262698605545e-04
1.355515042999999969e+04	1.113858555526742980e-20	7.734535751807941704e-04
1.355051144999999997e+04	9.932598590218393427e-21	7.589362636381639113e-04
1.354587578000000030e+04	8.856638681398418575e-21	7.446796235430609787e-04
1.354124344999999994e+04	7.896754379296636875e-21	7.306793419945439329e-04
1.353661441999999988e+04	7.040470702609326847e-21	7.169309618144840230e-04
1.353198871999999938e+04	6.276659666343225188e-21	7.034303037839360548e-04
1.352736631999999918e+04	5.595373681714598843e-21	6.901730782549002612e-04
1.352274724000000060e+04	4.987737502207672556e-21	6.771552066127542804e-04
1.351813145000000077e+04	4.445819939618755443e-21	6.643725334998513803e-04
1.351351896999999917e+04	3.962545713201278892e-21	6.518211077762765294e-04
1.350890978999999970e+04	3.531594741752310318e-21	6.394969576437472105e-04
1.350430390000000079e+04	3.147325215550718582e-21	6.273961750015783411e-04
1.349970129000000088e+04	2.804701116897237840e-21	6.155149145233405764e-04
1.349510197999999946e+04	2.499229332537679683e-21	6.038494681663926413e-04
1.349050595000000067e+04	2.226896849327354722e-21	5.923960847697656677e-04
1.348591320000000087e+04	1.984123463041088373e-21	5.811511236404484854e-04
1.348132372000000032e+04	1.767713615776525625e-21	5.701109778172774260e-04
1.347673752000000059e+04	1.574816598204841604e-21	5.592721456370725866e-04
1.347215458000000035e+04	1.402887461545962898e-21	5.486311106922891557e-04
1.346757490999999936e+04	1.249656628899439615e-21	5.381844828401395435e-04
1.346299849999999969e+04	1.113098492604111964e-21	5.279288802703088930e-04
1.345842534999999953e+04	9.914062567747854593e-22	5.178609981798615531e-04
1.345385546000000068e+04	8.829680912630561019e-22	5.079775845931200655e-04
1.344928881999999976e+04	7.863459884209497875e-22	4.982754185578451307e-04
1.344472542000000067e+04	7.002573449277751781e-22	4.887513319520687483e-04
1.344016527999999926e+04	6.235587110648549762e-22	4.794022696498990641e-04
1.343560836999999992e+04	5.552294664586881716e-22	4.702251236675704382e-04
1.343105470000000059e+04	4.943600628772009987e-22	4.612169178673818960e-04
1.342650425999999970e+04	4.401391345978469119e-22	4.523746845706890516e-04
1.342195706000000064e+04	3.918434255717855146e-22	4.436955430061555292e-04
1.341741308000000026e+04	3.488277464949259908e-22	4.351766023028327260e-04
1.341287233000000015e+04	3.105171541910650790e-22	4.268150753237888039e-04
1.340833479000000079e+04	2.763988259797045666e-22	4.186081654613739867e-04
1.340380047999999988e+04	2.460158919762302301e-22	4.105531940588164584e-04
1.339926936999999998e+04	2.189607612413981305e-22	4.026474377462092987e-04
1.339474148000000059e+04	1.948704283508864257e-22	3.948883054441947081e-04
1.339021680000000015e+04	1.734211706823916392e-22	3.872731965491253269e-04
1.338569532000000072e+04	1.543244827062511727e-22	3.797995540241817292e-04
1.338117704000000049e+04	1.373232946528927803e-22	3.724648798128103104e-04
1.337666194999999971e+04	1.221884851501230370e-22	3.652667011350706791e-04
1.337215005999999994e+04	1.087159502236912149e-22	3.582026178442840997e-04
1.336764135999999962e+04	9.672376292449062844e-23	3.512702380470213745e-04
1.336313585000000057e+04	8.604985819623067923e-23	3.444672251867811623e-04
1.335863351999999941e+04	7.654982521749870984e-23	3.377912666798049668e-04
1.335413436000000002e+04	6.809501638383350209e-23	3.312400890907088837e-04
1.334963839000000007e+04	6.057088025571613254e-23	3.248115000246750849e-04
1.334514559000000008e+04	5.387530860781633354e-23	3.185032862944598558e-04
1.334065596000000005e+04	4.791738505688121680e-23	3.123133004513411505e-04
1.333616949000000022e+04	4.261612051336484905e-23	3.062394174362957958e-04
1.333168619000000035e+04	3.789940696445657835e-23	3.002795747709584512e-04
1.332720605000000069e+04	3.370300515491770801e-23	2.944317178622951072e-04
1.332272905999999966e+04	2.996971123519405700e-23	2.886938272612877068e-04
1.331825523000000067e+04	2.664860293990388722e-23	2.830639430415419480e-04
1.331378455000000031e+04	2.369432265183294542e-23	2.775401130125296754e-04
1.330931701000000066e+04	2.106648715525273116e-23	2.721204185192624219e-04
1.330485261999999966e+04	1.872915383590892525e-23	2.668029975084014655e-04
1.330039135999999962e+04	1.665030882294927730e-23	2.615859839158061399e-04
1.329593325000000004e+04	1.480147112686144872e-23	2.564675900162909474e-04
1.329147825999999986e+04	1.315726743480344893e-23	2.514460012071145995e-04
1.328702641000000040e+04	1.169513134592105842e-23	2.465194903499835473e-04
1.328257768000000033e+04	1.039496371824655200e-23	2.416863153125054246e-04
1.327813207999999941e+04	9.238884988040223498e-24	2.369447964878101682e-04
1.327368959999999970e+04	8.210977422985417259e-24	2.322932615011300288e-04
1.326925022999999965e+04	7.297076085291927711e-24	2.277300670652699125e-04
1.326481398000000081e+04	6.484579906220492910e-24	2.232536185014793876e-04
1.326038083000000006e+04	5.762270766322831476e-24	2.188623183675270903e-04
1.325595080000000053e+04	5.120173438700342000e-24	2.145546362022044361e-04
1.325152385999999933e+04	4.549405520182767774e-24	2.103290193861270200e-04
1.324710002999999961e+04	4.042071082926238140e-24	2.061839899661030992e-04
1.324267929999999978e+04	3.591141889894856632e-24	2.021180669829045662e-04
1.323826166000000012e+04	3.190365995930071548e-24	1.981297954777926995e-04
1.323384711000000061e+04	2.834183034323957831e-24	1.942177548425822939e-04
1.322943564999999944e+04	2.517647026707091444e-24	1.903805489692904395e-04
1.322502727000000050e+04	2.236358136430019706e-24	1.866167974037909638e-04
1.322062197000000015e+04	1.986403845860917075e-24	1.829251523488989732e-04
1.321621975000000020e+04	1.764304494989958955e-24	1.793042893431733660e-04
1.321182061000000067e+04	1.566965560345274275e-24	1.757529068893113082e-04
1.320742453000000023e+04	1.391634423879350817e-24	1.722697103886261386e-04
1.320303153000000020e+04	1.235864983592449332e-24	1.688534594591595251e-04
1.319864158999999927e+04	1.097480788923151739e-24	1.655029041802668342e-04
1.319425470999999925e+04	9.745474248539539865e-25	1.622168321251974625e-04
1.318987089000000014e+04	8.653450194577524770e-25	1.589940520202759206e-04
1.318549013000000014e+04	7.683445302703239958e-25	1.558333934043832855e-04
1.318111240999999973e+04	6.821862714601041569e-25	1.527336922646551623e-04
1.317673775000000023e+04	6.056623321337434327e-25	1.496938333140262675e-04
1.317236613000000034e+04	5.376982851063650695e-25	1.467126930092898878e-04
1.316799755999999979e+04	4.773396055663700175e-25	1.437891882019088523e-04
1.316363201999999910e+04	4.237374988873988958e-25	1.409222348862380404e-04
1.315926951999999983e+04	3.761379660931360937e-25	1.381107880372786244e-04
1.315491006000000016e+04	3.338707742514241365e-25	1.353538144105914589e-04
1.315055362000000059e+04	2.963401343553891087e-25	1.326502867002337836e-04
1.314620021000000088e+04	2.630168746346066805e-25	1.299992145529829917e-04
1.314184982999999920e+04	2.334306810717825509e-25	1.273996188604228864e-04
1.313750245999999970e+04	2.071635394093592818e-25	1.248505262372791476e-04
1.313315812000000005e+04	1.838442796035359271e-25	1.223510040215148730e-04
1.312881677999999920e+04	1.631428666623930290e-25	1.199001074840995158e-04
1.312447846000000027e+04	1.447663348728397850e-25	1.174969370895044920e-04
1.312014314999999988e+04	1.284542818179477520e-25	1.151405925153580113e-04
1.311581084000000010e+04	1.139753936902607372e-25	1.128301897896806912e-04
1.311148152999999911e+04	1.011242326737781132e-25	1.105648661911045949e-04
1.310715522000000055e+04	8.971831591978570910e-26	1.083437743969817367e-04
1.310283191000000079e+04	7.959555861529185777e-26	1.061660822274610323e-04
1.309851159000000007e+04	7.061198134683200933e-26	1.040309674983234863e-04
1.309419426000000021e+04	6.263973526519539488e-26	1.019376278402422080e-04
1.308987990999999965e+04	5.556526295420358776e-26	9.988527055977110345e-05
1.308556854999999996e+04	4.928775209706835780e-26	9.787312671235002040e-05
1.308126016999999956e+04	4.371765084482890520e-26	9.590043183336016751e-05
1.307695476000000053e+04	3.877544421998625142e-26	9.396643547857548324e-05
1.307265233000000080e+04	3.439055129545912431e-26	9.207040970819641034e-05
1.306835287000000062e+04	3.050028343020499219e-26	9.021163088911053282e-05
1.306405637999999999e+04	2.704899321192346652e-26	8.838939290271688226e-05
1.305976284999999916e+04	2.398726960998949806e-26	8.660299826989016755e-05
1.305547227999999996e+04	2.127125531735396332e-26	8.485176641208671264e-05
1.305118468000000030e+04	1.886202208116422561e-26	8.313503303997878927e-05
1.304690001999999913e+04	1.672499308597859150e-26	8.145213011653247646e-05
1.304261832999999933e+04	1.482950620545010546e-26	7.980242530736666930e-05
1.303833957999999984e+04	1.314831870395480467e-26	7.818527463573319300e-05
1.303406377000000066e+04	1.165726457577562721e-26	7.660005751254826364e-05
1.302979090999999971e+04	1.033489847554800620e-26	7.504616824544378065e-05
1.302552099000000089e+04	9.162181554753028861e-27	7.352300490323795219e-05
1.302125401000000056e+04	8.122220931981553131e-27	7.202998021028145703e-05
1.301698996000000079e+04	7.200023542548770970e-27	7.056651421732987827e-05
1.301272883999999976e+04	6.382287383830807653e-27	6.913204111092168880e-05
1.300847064999999930e+04	5.657209020775743943e-27	6.772600543083305146e-05
1.300421538999999939e+04	5.014315232153451032e-27	6.634786189206387042e-05
1.299996305000000029e+04	4.444312252696667086e-27	6.499707206370648456e-05
1.299571362000000045e+04	3.938954860313914224e-27	6.367310758392423021e-05
1.299146711999999934e+04	3.490931331761120418e-27	6.237545905780020751e-05
1.298722351999999955e+04	3.093749942737288464e-27	6.110361126221064876e-05
1.298298284000000058e+04	2.741656647736221785e-27	5.985707354066210537e-05
1.297874507000000085e+04	2.429544508995655108e-27	5.863535536911937532e-05
1.297451019000000088e+04	2.152883116619813971e-27	5.743797264289204186e-05
1.297027822000000015e+04	1.907656586296543778e-27	5.626446150999168987e-05
1.296604915000000074e+04	1.690301105904295670e-27	5.511435828635958672e-05
1.296182296999999926e+04	1.497656004588845626e-27	5.398720802748177962e-05
1.295759968999999910e+04	1.326919011184421949e-27	5.288256955007982765e-05
1.295337930000000051e+04	1.175604095775332811e-27	5.180000461525870154e-05
1.294916179000000011e+04	1.041506717842069684e-27	5.073908326707245994e-05
1.294494715999999971e+04	9.226722885094563256e-28	4.969938612446735360e-05
1.294073542000000089e+04	8.173678024563768090e-28	4.868050399658569843e-05
1.293652655000000050e+04	7.240558682142482367e-28	4.768202811718821963e-05
1.293232056000000011e+04	6.413740173959735722e-28	4.670356452353640703e-05
1.292811743999999999e+04	5.681138275836832265e-28	4.574472194167172846e-05
1.292391718000000037e+04	5.032039596163887050e-28	4.480511653327214956e-05
1.291971980000000076e+04	4.456950264898287775e-28	4.388437827571513593e-05
1.291552527000000009e+04	3.947446945610831300e-28	4.298213315534004199e-05
1.291133360999999968e+04	3.496068611601381030e-28	4.209802498030475350e-05
1.290714480000000003e+04	3.096196939057933370e-28	4.123169578810549526e-05
1.290295885000000089e+04	2.741968244608407287e-28	4.038280059506540830e-05
1.289877575000000070e+04	2.428183237230566011e-28	3.955099683188364475e-05
1.289459549999999945e+04	2.150234314075046001e-28	3.873595041085573632e-05
1.289041808999999921e+04	1.904037039210119892e-28	3.793733163052242694e-05
1.288624352999999974e+04	1.685972549365037992e-28	3.715482081659401205e-05
1.288207179999999971e+04	1.492832077876752877e-28	3.638809874342307008e-05
1.287790291000000070e+04	1.321773376518424739e-28	3.563685777167306288e-05
1.287373686000000089e+04	1.170277152444602307e-28	3.490079420765858370e-05
1.286957363000000078e+04	1.036110288696838547e-28	3.417960666132975926e-05
1.286541323999999986e+04	9.172952328892856857e-29	3.347300636905608975e-05
1.286125567000000046e+04	8.120785231969682963e-29	3.278070323137191925e-05
1.285710092000000077e+04	7.189070683583040270e-29	3.210241607093712883e-05
1.285294899000000078e+04	6.364047674876071378e-29	3.143786903615015444e-05
1.284879988000000048e+04	5.633523873004857910e-29	3.078679150525998802e-05
1.284465358000000015e+04	4.986695747871026764e-29	3.014891646886112451e-05
1.284051008999999976e+04	4.413993843722935116e-29	2.952398357335309263e-05
1.283636940999999933e+04	3.906940480156055746e-29	2.891173741344936260e-05
1.283223154000000068e+04	3.458025476557219716e-29	2.831192744268141699e-05
1.282809646000000066e+04	3.060594180372440705e-29	2.772430507141235016e-05
1.282396419000000060e+04	2.708755654215441660e-29	2.714863213306399078e-05
1.281983472000000074e+04	2.397289091778155966e-29	2.658467078028502751e-05
1.281570802999999978e+04	2.121569808846596215e-29	2.603218646250367860e-05
1.281158414000000084e+04	1.877504298256744414e-29	2.549095446631380047e-05
1.280746304000000055e+04	1.661465092000069110e-29	2.496075039582390016e-05
1.280334471999999914e+04	1.470239683746691788e-29	2.444135422629219087e-05
1.279922919000000002e+04	1.300983917175997191e-29	2.393255266936767194e-05
1.279511643000000004e+04	1.151177847047753940e-29	2.343413285089268396e-05
1.279100645000000077e+04	1.018591051250084195e-29	2.294588965282000511e-05
1.278689925000000039e+04	9.012480242947131366e-30	2.246762066985520613e-05
1.278279480999999942e+04	7.973989720671666825e-30	2.199912512539320834e-05
1.277869314999999915e+04	7.054955061459182772e-30	2.154021067005829280e-05
1.277459425000000010e+04	6.241657099006464182e-30	2.109068417812800058e-05
1.277049811000000045e+04	5.521953338273086854e-30	2.065035850302613480e-05
1.276640473999999995e+04	4.885094390214166376e-30	2.021905114717573564e-05
1.276231411999999909e+04	4.321558792002198501e-30	1.979658000228971788e-05
1.275822624999999971e+04	3.822920163176137570e-30	1.938276860336547426e-05
1.275414113999999972e+04	3.381719611148459034e-30	1.897744487539533995e-05
1.275005877999999939e+04	2.991351831015416431e-30	1.858043808457524685e-05
1.274597916000000077e+04	2.645969875037807678e-30	1.819158085886344870e-05
1.274190228999999999e+04	2.340399636179914559e-30	1.781071097318152286e-05
1.273782814999999937e+04	2.070058941662817862e-30	1.743766656973257941e-05
1.273375676000000021e+04	1.830894511383775584e-30	1.707229259260693068e-05
1.272968809999999939e+04	1.619316312432346991e-30	1.671443340342393803e-05
1.272562217000000055e+04	1.432148037744502754e-30	1.636393819899665031e-05
1.272155897000000004e+04	1.266578418227062336e-30	1.602065910608793417e-05
1.271749849999999969e+04	1.120119354124430894e-30	1.568445112687933993e-05
1.271344074999999975e+04	9.905685382691258908e-31	1.535517128206414218e-05
1.270938572999999997e+04	8.759775938571645363e-31	1.503268100028438007e-05
1.270533342000000084e+04	7.746214819180715205e-31	1.471684204820505431e-05
1.270128383000000031e+04	6.849744535449469595e-31	1.440752125101777311e-05
1.269723695000000043e+04	6.056859157105522879e-31	1.410458650460290597e-05
1.269319278999999915e+04	5.355611499262270759e-31	1.380790978263093841e-05
1.268915133000000060e+04	4.735425156125936352e-31	1.351736338187846591e-05
1.268511256999999932e+04	4.186945467246290335e-31	1.323282357873270589e-05
1.268107652000000053e+04	3.701896526053894606e-31	1.295416975404990101e-05
1.267704317000000083e+04	3.272953627050784572e-31	1.268128226993589092e-05
1.267301251000000047e+04	2.893636649801854603e-31	1.241404387470197070e-05
1.266898454999999922e+04	2.558214379047052108e-31	1.215234094261653428e-05
1.266495927999999913e+04	2.261614767813931387e-31	1.189606077816665981e-05
1.266093670000000020e+04	1.999351613858384311e-31	1.164509355564002924e-05
1.265691681000000062e+04	1.767456233741829284e-31	1.139933160785628197e-05
1.265289960000000065e+04	1.562417392210367867e-31	1.115866879237489664e-05
1.264888507000000027e+04	1.381129685250535889e-31	1.092300167325799681e-05
1.264487321999999949e+04	1.220846176776095912e-31	1.069222885154449611e-05
1.264086404000000039e+04	1.079136761686052916e-31	1.046625036873233920e-05
1.263685754000000088e+04	9.538526848097790554e-32	1.024496936518624889e-05
1.263285370999999941e+04	8.430927682432962630e-32	1.002828978781769055e-05
1.262885253999999986e+04	7.451755884489761835e-32	9.816117513523545373e-06
1.262485404000000017e+04	6.586145161339235193e-32	9.608361339803325868e-06
1.262085820000000058e+04	5.820943186966523058e-32	9.404930827993258428e-06
1.261686503000000084e+04	5.144522039793309547e-32	9.205738347566742218e-06
1.261287449999999990e+04	4.546592198740934406e-32	9.010696037738076449e-06
1.260888664000000063e+04	4.018063231813801623e-32	8.819720711829745724e-06
1.260490142000000014e+04	3.550888324364355598e-32	8.632727958082016018e-06
1.260091885000000002e+04	3.137956868180828808e-32	8.449636945554698199e-06
1.259693893000000025e+04	2.772979930519811282e-32	8.270367973700823433e-06
1.259296166000000085e+04	2.450396566552523284e-32	8.094842925276291717e-06
1.258898702000000048e+04	2.165288342462325801e-32	7.922984380057791236e-06
1.258501502000000073e+04	1.913308672205742440e-32	7.754717768316376681e-06
1.258104565999999977e+04	1.690613657974214508e-32	7.589969567445466909e-06
1.257707892999999967e+04	1.493804257614540744e-32	7.428667316661269455e-06
1.257311483000000044e+04	1.319875872222918093e-32	7.270740418330594825e-06
1.256915336000000025e+04	1.166172120857166335e-32	7.116119682403452350e-06
1.256519451999999910e+04	1.030344549544180895e-32	6.964737299331709415e-06
1.256123830000000089e+04	9.103167090150669085e-33	6.816526442687103674e-06
1.255728470000000016e+04	8.042533040724957017e-33	6.671422007256393572e-06
1.255333371000000079e+04	7.105316862503823467e-33	6.529359833248986175e-06
1.254938534000000072e+04	6.277179234875095164e-33	6.390277763296428871e-06
1.254543958999999995e+04	5.545442182308468396e-33	6.254114520778794406e-06
1.254149644000000080e+04	4.898896041165633675e-33	6.120809387215278692e-06
1.253755589999999938e+04	4.327637553084291964e-33	5.990303885588672298e-06
1.253361795999999958e+04	3.822910283608861145e-33	5.862540048596302507e-06
1.252968262999999934e+04	3.376977176613483600e-33	5.737461720873398295e-06
1.252574990000000071e+04	2.982997511903944873e-33	5.615013238488231039e-06
1.252181976000000031e+04	2.634925587116374837e-33	5.495140074825398470e-06
1.251789221999999972e+04	2.327419894721251321e-33	5.377789409162110680e-06
1.251396726999999919e+04	2.055758076104409217e-33	5.262908885163678933e-06
1.251004491000000053e+04	1.815767470409210185e-33	5.150447501781787799e-06
1.250612513000000035e+04	1.603759980503903905e-33	5.040355006738867370e-06
1.250220794000000024e+04	1.416477409904824138e-33	4.932582721815493998e-06
