Wavenumber	Minor Gaussian	Major Gaussian
1.999839949999999953e+04	6.315085557979246802e-11	1.149540662478372834e-03
1.998799624000000040e+04	7.495156210334883158e-11	1.191027282258746859e-03
1.997760411999999997e+04	8.888446046291305409e-11	1.233831123179685973e-03
1.996722313999999824e+04	1.053211478709178142e-10	1.277987254611540795e-03
1.995685327999999936e+04	1.246955478189136803e-10	1.323531537457060814e-03
1.994649451000000045e+04	1.475139283292869879e-10	1.370500599298863980e-03
1.993614682000000175e+04	1.743663911514498735e-10	1.418931706587248359e-03
1.992581019999999990e+04	2.059402091897201028e-10	1.468862855257690005e-03
1.991548461999999927e+04	2.430352269475511521e-10	1.520332878742102194e-03
1.990517007000000012e+04	2.865813718057915868e-10	1.573381261649818130e-03
1.989486652999999933e+04	3.376590163492999689e-10	1.628048292209696973e-03
1.988457398000000103e+04	3.975222275250920432e-10	1.684375021393850124e-03
1.987429239999999845e+04	4.676254746008885310e-10	1.742403269417282978e-03
1.986402178999999887e+04	5.496540738812354459e-10	1.802175513873546841e-03
1.985376210999999967e+04	6.455597162918410127e-10	1.863735243108211341e-03
1.984351335000000108e+04	7.576000654790543414e-10	1.927126559145510417e-03
1.983327549999999974e+04	8.883848067199760744e-10	1.992394349673165619e-03
1.982304853000000003e+04	1.040928354030220538e-09	2.059584426450059014e-03
1.981283242999999857e+04	1.218709152924674652e-09	2.128743275472820985e-03
1.980262718999999925e+04	1.425738066054305222e-09	2.199918183376999275e-03
1.979243277999999918e+04	1.666636564118466225e-09	2.273157387563610587e-03
1.978224918999999863e+04	1.946724381884401130e-09	2.348509801672119240e-03
1.977207640000000174e+04	2.272120767719259694e-09	2.426025230069043300e-03
1.976191439000000173e+04	2.649858657945592739e-09	2.505754303185685553e-03
1.975176314999999886e+04	3.088014064655121295e-09	2.587748399348964445e-03
1.974162266000000091e+04	3.595854095990764562e-09	2.672059804982742422e-03
1.973149290000000110e+04	4.184003625865160966e-09	2.758741642726631350e-03
1.972137385999999969e+04	4.864633662757295472e-09	2.847847785026853557e-03
1.971126551000000109e+04	5.651677258075262657e-09	2.939433119557527917e-03
1.970116785000000164e+04	6.561067710237154235e-09	3.033553104610626182e-03
1.969108084999999846e+04	7.611016446736328032e-09	3.130264314598806431e-03
1.968100449999999910e+04	8.822317125134385525e-09	3.229623981905531318e-03
1.967093878000000041e+04	1.021869609827729657e-08	3.331690279024941172e-03
1.966088366999999926e+04	1.182720336530497390e-08	3.436522227619790652e-03
1.965083915999999954e+04	1.367865165013725927e-08	3.544179590460865264e-03
1.964080523000000176e+04	1.580811555479749662e-08	3.654723079930938950e-03
1.963078186999999889e+04	1.825548513409740506e-08	3.768214143120980544e-03
1.962076904999999897e+04	2.106609894690794836e-08	3.884715299336396772e-03
1.961076675999999861e+04	2.429143645649269276e-08	4.004289686134664995e-03
1.960077497999999832e+04	2.798991264995129952e-08	4.127001399141660629e-03
1.959079371000000174e+04	3.222774835722812007e-08	4.252915122989987459e-03
1.958082290999999896e+04	3.707998152349397838e-08	4.382096882497392258e-03
1.957086258000000089e+04	4.263153600045333320e-08	4.514613030608158155e-03
1.956091269000000102e+04	4.897848644484490185e-08	4.650531143877593282e-03
1.955097323999999935e+04	5.622939960512537827e-08	4.789919220202243713e-03
1.954104420000000027e+04	6.450690651852130332e-08	4.932846494517062995e-03
1.953112556000000041e+04	7.394937727371840611e-08	5.079382742123651068e-03
1.952121730000000025e+04	8.471284640975304468e-08	5.229598696400807045e-03
1.951131941000000006e+04	9.697311017644951574e-08	5.383565747681878094e-03
1.950143187000000034e+04	1.109281009047915329e-07	5.541356240538639240e-03
1.949155466000000160e+04	1.268004916033193386e-07	5.703043321856046677e-03
1.948168777000000046e+04	1.448405765869951198e-07	5.868700764247457118e-03
1.947183118000000104e+04	1.653295179239778771e-07	6.038403286080845991e-03
1.946198487999999998e+04	1.885828688162729321e-07	6.212226207636146504e-03
1.945214884000000166e+04	2.149545846531537044e-07	6.390245970332029263e-03
1.944232305999999880e+04	2.448412551481869984e-07	6.572539234027684023e-03
1.943250750999999946e+04	2.786870820050065130e-07	6.759183953786694794e-03
1.942270218999999997e+04	3.169890110527105367e-07	6.950258256432237380e-03
1.941290707000000111e+04	3.603028052532644140e-07	7.145841571275096671e-03
1.940312213999999949e+04	4.092493248799997589e-07	7.346013656617114175e-03
1.939334737999999925e+04	4.645217671974119709e-07	7.550855175487613570e-03
1.938358279000000039e+04	5.268933298883898942e-07	7.760447057099364478e-03
1.937382833000000028e+04	5.972261982558340535e-07	7.974871767121726948e-03
1.936408399999999892e+04	6.764804928488558329e-07	8.194211577404846014e-03
1.935434977000000072e+04	7.657251401514786749e-07	8.418550078620403929e-03
1.934462565000000177e+04	8.661486555116234131e-07	8.647970576435671380e-03
1.933491159999999945e+04	9.790724724424594776e-07	8.882558164728639183e-03
1.932520761000000130e+04	1.105963833948848074e-06	9.122397850440045614e-03
1.931551367000000027e+04	1.248450981744465460e-06	9.367575220510536427e-03
1.930582977000000028e+04	1.408339472790308594e-06	9.618176424966370236e-03
1.929615587999999843e+04	1.587630388075670073e-06	9.874288694971493710e-03
1.928649198999999862e+04	1.788539128160734626e-06	1.013599929045182549e-02
1.927683809000000110e+04	2.013516883486491060e-06	1.040339598155736421e-02
1.926719414999999935e+04	2.265274269058604392e-06	1.067656760238056002e-02
1.925756017000000065e+04	2.546805227179213031e-06	1.095560263126247637e-02
1.924793612999999823e+04	2.861415591784545371e-06	1.124059057158052939e-02
1.923832200999999986e+04	3.212752359401129869e-06	1.153162138422957235e-02
1.922871779999999853e+04	3.604835512056798063e-06	1.182878515452798381e-02
1.921912349000000177e+04	4.042093233486476572e-06	1.213217235673067981e-02
1.920953904999999941e+04	4.529400843063142052e-06	1.244187448480747922e-02
1.919996446999999898e+04	5.072120007801918647e-06	1.275798276539164521e-02
1.919039975000000049e+04	5.676143199505460414e-06	1.308058840541632267e-02
1.918084485000000132e+04	6.347944959785289288e-06	1.340978427246294208e-02
1.917129977000000144e+04	7.094628650730696540e-06	1.374566217240074870e-02
1.916176449000000139e+04	7.923986217002099947e-06	1.408831485583926686e-02
1.915223900000000140e+04	8.844556270482264949e-06	1.443783495536306825e-02
1.914272327999999834e+04	9.865690745525173170e-06	1.479431567868444430e-02
1.913321731999999975e+04	1.099762280490425393e-05	1.515785004844150824e-02
1.912372109999999884e+04	1.225154410602276490e-05	1.552853162485672012e-02
1.911423460999999952e+04	1.363968309382198831e-05	1.590645371351390863e-02
1.910475782999999865e+04	1.517539426533932929e-05	1.629171011844926520e-02
1.909529074000000037e+04	1.687324999205763609e-05	1.668439473598054557e-02
1.908583334000000104e+04	1.874913595448248391e-05	1.708460067176598152e-02
1.907638560000000143e+04	2.082036710889788062e-05	1.749242230638829720e-02
1.906694752000000153e+04	2.310578966628967036e-05	1.790795272625171630e-02
1.905751907999999821e+04	2.562591327291240654e-05	1.833128583039431506e-02
1.904810024999999951e+04	2.840304043237870327e-05	1.876251592482187577e-02
1.903869104000000152e+04	3.146138981441020505e-05	1.920173538051601209e-02
1.902929142000000138e+04	3.482726760492823128e-05	1.964903826458108335e-02
1.901990137999999934e+04	3.852920681607478081e-05	2.010451755217130404e-02
1.901052089999999953e+04	4.259814465150918276e-05	2.056826649938385543e-02
1.900114996999999858e+04	4.706759244425940373e-05	2.104037764018096626e-02
1.899178858000000037e+04	5.197382773022865646e-05	2.152094322390495085e-02
1.898243671000000177e+04	5.735610038134317544e-05	2.201005570896158794e-02
1.897309433999999965e+04	6.325684095930913966e-05	2.250780723970519787e-02
1.896376147000000128e+04	6.972187120868962758e-05	2.301428851730355843e-02
1.895443807000000015e+04	7.680067484886625212e-05	2.352959145359638862e-02
1.894512413000000015e+04	8.454661571728080386e-05	2.405380644741188234e-02
1.893581965000000127e+04	9.301720521734986190e-05	2.458702282607969081e-02
1.892652459000000090e+04	1.022744292738334026e-04	2.512933170028274626e-02
1.891723895999999877e+04	1.123849588076364359e-04	2.568082074422563602e-02
1.890796272999999928e+04	1.234205474722162776e-04	2.624157938448030969e-02
1.889869589999999880e+04	1.354582834227595486e-04	2.681169463148842108e-02
1.888943844000000172e+04	1.485810035040249300e-04	2.739125467010916290e-02
1.888019034000000102e+04	1.628775905213558737e-04	2.798034577319125776e-02
1.887095159000000058e+04	1.784433722662192873e-04	2.857905346195490498e-02
1.886172218000000066e+04	1.953805154581669974e-04	2.918746246775937372e-02
1.885250207999999839e+04	2.137984794084882105e-04	2.980565804599021040e-02
1.884329130000000077e+04	2.338143287450328994e-04	3.043372192622227634e-02
1.883408980000000156e+04	2.555533677046307388e-04	3.107173833699884008e-02
1.882489758000000074e+04	2.791494177910828372e-04	3.171978785879180779e-02
1.881571462999999858e+04	3.047454096149515329e-04	3.237795076569214420e-02
1.880654091999999946e+04	3.324939322390936492e-04	3.304630777900145755e-02
1.879737644999999975e+04	3.625576158080496322e-04	3.372493641528255537e-02
1.878822120999999970e+04	3.951097873804841512e-04	3.441391380192058286e-02
1.877907517000000007e+04	4.303350908710446357e-04	3.511331746836542089e-02
1.876993832000000111e+04	4.684299329108364426e-04	3.582322229711952521e-02
1.876081065999999919e+04	5.096031053067161124e-04	3.654370115752778730e-02
1.875169215999999869e+04	5.540765947959936256e-04	3.727482803577211734e-02
1.874258281999999963e+04	6.020859580915902554e-04	3.801667325929906222e-02
1.873348260999999911e+04	6.538812812366385065e-04	3.876930826883148024e-02
1.872439153000000078e+04	7.097275470067104927e-04	3.953280069256610851e-02
1.871530956000000151e+04	7.699056116449630666e-04	4.030721841054527022e-02
1.870623669000000154e+04	8.347127516013444623e-04	4.109262702774160031e-02
1.869717291000000114e+04	9.044634543810697608e-04	4.188909065527761377e-02
1.868811819000000105e+04	9.794903426512283160e-04	4.269667366806043779e-02
1.867907253000000128e+04	1.060144544533772951e-03	4.351543623950862583e-02
1.867003591999999844e+04	1.146796777378139565e-03	4.434543780419496900e-02
1.866100833000000057e+04	1.239838282239788883e-03	4.518673802404746948e-02
1.865198976000000039e+04	1.339681136133441660e-03	4.603939212407003739e-02
1.864298020000000179e+04	1.446759445919066148e-03	4.690345451426992940e-02
1.863397961999999825e+04	1.561530346415889456e-03	4.777897979874245332e-02
1.862498802000000069e+04	1.684474221576855646e-03	4.866601790855023396e-02
1.861600537999999869e+04	1.816096162409826589e-03	4.956461889369473406e-02
1.860703168999999980e+04	1.956926424423401697e-03	5.047482996056165683e-02
1.859806694000000061e+04	2.107521395799790732e-03	5.139669640051327398e-02
1.858911111000000164e+04	2.268464627618366550e-03	5.233026260239618394e-02
1.858016417999999976e+04	2.440367540631452076e-03	5.327557102321981569e-02
1.857122615999999834e+04	2.623869632293096815e-03	5.423265891875124478e-02
1.856229702000000179e+04	2.819640683042906517e-03	5.520156573922872095e-02
1.855337673999999970e+04	3.028380652369317642e-03	5.618232784712982875e-02
1.854446532999999908e+04	3.250819903416961743e-03	5.717497616876346389e-02
1.853556275000000096e+04	3.487721941745473755e-03	5.817954502770632252e-02
1.852666901000000144e+04	3.739881685153378064e-03	5.919606097145034551e-02
1.851778408000000127e+04	4.008128566709220041e-03	6.022455285743712888e-02
1.850890796000000046e+04	4.293325309726532361e-03	6.126504385546383685e-02
1.850004061999999976e+04	4.596370433735205534e-03	6.231755836082499694e-02
1.849118206999999893e+04	4.918196605503750984e-03	6.338211371961394169e-02
1.848233227999999872e+04	5.259773991690205354e-03	6.445872969294721977e-02
1.847349123999999938e+04	5.622108762776571733e-03	6.554742128953273961e-02
1.846465894000000117e+04	6.006244281196992767e-03	6.664820109431719708e-02
1.845583536000000095e+04	6.413262051189448816e-03	6.776108050730730858e-02
1.844702049999999872e+04	6.844280771015499171e-03	6.888606593804698364e-02
1.843821433999999863e+04	7.300458542565804905e-03	7.002316382207113277e-02
1.842941686000000118e+04	7.782992338616267700e-03	7.117237811554119609e-02
1.842062805999999910e+04	8.293117053672190847e-03	7.233370761036764240e-02
1.841184792000000016e+04	8.832107859418769288e-03	7.350715113282667301e-02
1.840307643000000098e+04	9.401278627537765567e-03	7.469270359123379721e-02
1.839431356999999844e+04	1.000198316702827391e-02	7.589035862381415809e-02
1.838555933999999979e+04	1.063561310329341411e-02	7.710010448160688201e-02
1.837681371999999828e+04	1.130360044780189151e-02	7.832192947174748676e-02
1.836807669000000169e+04	1.200741608174149197e-02	7.955581924658426674e-02
1.835934824999999910e+04	1.274856766049985851e-02	8.080175391152283337e-02
1.835062839000000167e+04	1.352860144845947042e-02	8.205971220244664965e-02
1.834191707999999926e+04	1.434910292595662114e-02	8.332967300656048126e-02
1.833321431999999913e+04	1.521169151569807913e-02	8.461160809149786965e-02
1.832452009000000180e+04	1.611802437256558765e-02	8.590548933759888095e-02
1.831583438999999998e+04	1.706979148502133295e-02	8.721128282780837848e-02
1.830715720000000147e+04	1.806871879688048965e-02	8.852895478333620838e-02
1.829848849999999948e+04	1.911656511593098906e-02	8.985846861642608763e-02
1.828982829000000129e+04	2.021511822724514004e-02	9.119978180204495188e-02
1.828117655000000013e+04	2.136619829018810215e-02	9.255285199815793673e-02
1.827253326999999990e+04	2.257165260741919241e-02	9.391763242348061258e-02
1.826389843000000110e+04	2.383335658196835197e-02	9.529407497256112136e-02
1.825527203999999983e+04	2.515320594779087149e-02	9.668212381282434431e-02
1.824665406000000075e+04	2.653312680726433587e-02	9.808172820132123049e-02
1.823804449999999997e+04	2.797505818360393123e-02	9.949282638427062175e-02
1.822944332999999824e+04	2.948096397860279147e-02	1.009153601670398498e-01
1.822085054999999920e+04	3.105281899525508260e-02	1.023492634707597188e-01
1.821226613999999972e+04	3.269261492852536255e-02	1.037944705575061105e-01
1.820369009000000005e+04	3.440235234857373647e-02	1.052509110552947852e-01
1.819512240000000020e+04	3.618403741370108950e-02	1.067185098794441039e-01
1.818656304000000091e+04	3.803968725266013151e-02	1.081971940952599770e-01
1.817801199999999881e+04	3.997131663119209144e-02	1.096868843868634841e-01
1.816946928000000116e+04	4.198093614782564403e-02	1.111874966734136827e-01
1.816093485000000146e+04	4.407055828986541912e-02	1.126989491492739748e-01
1.815240871999999945e+04	4.624217714169388815e-02	1.142211499521438300e-01
1.814389085999999952e+04	4.849778426718444335e-02	1.157540113321177677e-01
1.813538127000000168e+04	5.083934727937509251e-02	1.172974371925915166e-01
1.812687992999999915e+04	5.326881886687649670e-02	1.188513320556842251e-01
1.811838682999999946e+04	5.578812471065682649e-02	1.204155956607298322e-01
1.810990194999999949e+04	5.839916500792930593e-02	1.219901266249251715e-01
1.810142529999999897e+04	6.110379773683398408e-02	1.235748150132919970e-01
1.809295684999999867e+04	6.390385606412060659e-02	1.251695553706394515e-01
1.808449658999999883e+04	6.680112526471694567e-02	1.267742355819709843e-01
1.807604450999999972e+04	6.979734416416004394e-02	1.283887405798193604e-01
1.806760060000000158e+04	7.289420045901393030e-02	1.300129523551223631e-01
1.805916485000000102e+04	7.609332596675355553e-02	1.316467499691696130e-01
1.805073723999999856e+04	7.939629579765740408e-02	1.332900115229807836e-01
1.804231777000000147e+04	8.280461180139871147e-02	1.349426083281126676e-01
1.803390641999999934e+04	8.631971334368204740e-02	1.366044127209213033e-01
1.802550316999999995e+04	8.994296493049247498e-02	1.382752942171082966e-01
1.801710802999999942e+04	9.367563772774735453e-02	1.399551135060529417e-01
1.800872096999999849e+04	9.751893511521672608e-02	1.416437364191014125e-01
1.800034199000000081e+04	1.014739569367560379e-01	1.433410199737679136e-01
1.799197106999999960e+04	1.055417171321673953e-01	1.450468224292911501e-01
1.798360820999999851e+04	1.097231199344651797e-01	1.467609952058205047e-01
1.797525337999999829e+04	1.140189796459637334e-01	1.484833931250254813e-01
1.796690657999999894e+04	1.184299858157821100e-01	1.502138621348585446e-01
1.795856780000000072e+04	1.229567183404134678e-01	1.519522475212474466e-01
1.795023702000000048e+04	1.275996435035348375e-01	1.536983939914511044e-01
1.794191423999999824e+04	1.323590927477597823e-01	1.554521394178429716e-01
1.793359944000000178e+04	1.372352804944518279e-01	1.572133232490978139e-01
1.792529261000000042e+04	1.422282829994487297e-01	1.589817802447190398e-01
1.791699374000000171e+04	1.473380396362920230e-01	1.607573425948988499e-01
1.790870281999999861e+04	1.525643488285370886e-01	1.625398399509815905e-01
1.790041982999999891e+04	1.579068706687464796e-01	1.643291016220927991e-01
1.789214476999999897e+04	1.633651039141631733e-01	1.661249501317502153e-01
1.788387762999999904e+04	1.689384014352668939e-01	1.679272077064965507e-01
1.787561837999999989e+04	1.746259745708728939e-01	1.697356985542013974e-01
1.786736703000000125e+04	1.804268488372780532e-01	1.715502357701098046e-01
1.785912356000000000e+04	1.863399088852220054e-01	1.733706366763551887e-01
1.785088795000000027e+04	1.923638758408382221e-01	1.751967163314091247e-01
1.784266020999999819e+04	1.984972823322042612e-01	1.770282808745662351e-01
1.783444029999999839e+04	2.047385295809929229e-01	1.788651453464902563e-01
1.782622824000000037e+04	2.110858032179808719e-01	1.807071092210015273e-01
1.781802400000000125e+04	2.175371548991120729e-01	1.825539810046524769e-01
1.780982757000000129e+04	2.240904479628664236e-01	1.844055626390549707e-01
1.780163894000000073e+04	2.307433715297692867e-01	1.862616540037139168e-01
1.779345809999999983e+04	2.374934398713096362e-01	1.881220529588450707e-01
1.778528503999999884e+04	2.443379921045250591e-01	1.899865553889753811e-01
1.777711975000000166e+04	2.512741922197607725e-01	1.918549552473087783e-01
1.776896222000000125e+04	2.582990294483710203e-01	1.937270446008443336e-01
1.776081244000000152e+04	2.654093189762672944e-01	1.956026136762196166e-01
1.775267037999999957e+04	2.726017207821902488e-01	1.974814555274622130e-01
1.774453605999999854e+04	2.798726791581065965e-01	1.993633499265610454e-01
1.773640943999999945e+04	2.872185219076390239e-01	2.012480888089190345e-01
1.772829052999999840e+04	2.946353644332774802e-01	2.031354508887212307e-01
1.772017930999999953e+04	3.021191840382504989e-01	2.050252202328700923e-01
1.771207575999999972e+04	3.096657960823893663e-01	2.069171793764495726e-01
1.770397988999999870e+04	3.172708288598141135e-01	2.088111023457124571e-01
1.769589168000000063e+04	3.249297830708366419e-01	2.107067687178875437e-01
1.768781110999999873e+04	3.326380081704267133e-01	2.126039566882614029e-01
1.767973818000000028e+04	3.403906873468187655e-01	2.145024384126175410e-01
1.767167287999999826e+04	3.481828706296567488e-01	2.164019870937284595e-01
1.766361519000000044e+04	3.560094801949242327e-01	2.183023770529488594e-01
1.765556510999999955e+04	3.638652865784646750e-01	2.202033767095156469e-01
1.764752261999999973e+04	3.717449531857459633e-01	2.221047580679247624e-01
1.763948771000000124e+04	3.796430131120967499e-01	2.240062896949925886e-01
1.763146038000000044e+04	3.875538752761952255e-01	2.259077367620401511e-01
1.762344060000000172e+04	3.954718704814478847e-01	2.278088705773166078e-01
1.761542838000000120e+04	4.033911892978780944e-01	2.297094520562483755e-01
1.760742369999999937e+04	4.113059583169891287e-01	2.316092483667593349e-01
1.759942655000000013e+04	4.192102081290369209e-01	2.335080235050050745e-01
1.759143691000000035e+04	4.270979007673357808e-01	2.354055430970425078e-01
1.758345478999999978e+04	4.349628981844472775e-01	2.373015649552863704e-01
1.757548015999999916e+04	4.427990394895555126e-01	2.391958557614788372e-01
1.756751301999999851e+04	4.506000803208353167e-01	2.410881744979309349e-01
1.755955336000000170e+04	4.583597408701456377e-01	2.429782820066787585e-01
1.755160115999999834e+04	4.660717144476462792e-01	2.448659410455414631e-01
1.754365641999999934e+04	4.737296472628625965e-01	2.467509092240162683e-01
1.753571912000000157e+04	4.813271862528087919e-01	2.486329485559698182e-01
1.752778926000000138e+04	4.888579497205589042e-01	2.505118160284687812e-01
1.751986681999999928e+04	4.963155748803453893e-01	2.523872731442179385e-01
1.751195179999999891e+04	5.036936892473420357e-01	2.542590765035794287e-01
1.750404418000000078e+04	5.109859576901759626e-01	2.561269873317340018e-01
1.749614395000000150e+04	5.181860636796452591e-01	2.579907644362878227e-01
1.748825111000000106e+04	5.252877192876562740e-01	2.598501642804800227e-01
1.748036563999999998e+04	5.322847017331047148e-01	2.617049481117828535e-01
1.747248752999999851e+04	5.391708355396732655e-01	2.635548749443824001e-01
1.746461677000000054e+04	5.459400111202425965e-01	2.653997039787163170e-01
1.745675335999999879e+04	5.525861857540039779e-01	2.672391923233560784e-01
1.744889727000000130e+04	5.591034265159977590e-01	2.690731044063495170e-01
1.744104851000000053e+04	5.654858606704944446e-01	2.709011956711165903e-01
1.743320706000000064e+04	5.717277431690404033e-01	2.727232289877780658e-01
1.742537290999999823e+04	5.778234321972860466e-01	2.745389653686643450e-01
1.741754605000000083e+04	5.837674062811188946e-01	2.763481663633610141e-01
1.740972646000000168e+04	5.895542801351516538e-01	2.781505964183409452e-01
1.740191415000000052e+04	5.951787835983815000e-01	2.799460137211022270e-01
1.739410910000000149e+04	6.006358141714942533e-01	2.817341840882863213e-01
1.738631130000000121e+04	6.059204150978549919e-01	2.835148717960052078e-01
1.737852073999999993e+04	6.110277904911717295e-01	2.852878419451741476e-01
1.737073741000000155e+04	6.159533126920018198e-01	2.870528605182281479e-01
1.736296129999999903e+04	6.206925293357999918e-01	2.888096944355307838e-01
1.735519239999999991e+04	6.252411701173318237e-01	2.905581116114425155e-01
1.734743070000000080e+04	6.295951532371490966e-01	2.922978810100488878e-01
1.733967618999999831e+04	6.337505915165294601e-01	2.940287727005098106e-01
1.733192885000000024e+04	6.377038031411601526e-01	2.957505601294939668e-01
1.732418868999999904e+04	6.414512969207321058e-01	2.974630112956782590e-01
1.731645568999999887e+04	6.449898079602066625e-01	2.991659021388780038e-01
1.730872983999999997e+04	6.483162816583029064e-01	3.008590076939816060e-01
1.730101111999999921e+04	6.514278871171169660e-01	3.025421065464498072e-01
1.729329953999999998e+04	6.543220051828304573e-01	3.042149721737700263e-01
1.728559507999999914e+04	6.569962561299208526e-01	3.058773860813996381e-01
1.727789773000000059e+04	6.594484863415280840e-01	3.075291291210095479e-01
1.727020748000000094e+04	6.616767751514429641e-01	3.091699837277268603e-01
1.726252432000000044e+04	6.636794371016079275e-01	3.107997339707579965e-01
1.725484823999999935e+04	6.654550237814118585e-01	3.124181656034465959e-01
1.724717923000000155e+04	6.670023252469858832e-01	3.140250661127455545e-01
1.723951728000000003e+04	6.683203710197566094e-01	3.156202247680920392e-01
1.723186238999999841e+04	6.694084293930173679e-01	3.172034306083795774e-01
1.722421453000000110e+04	6.702660129774676845e-01	3.187744807488474552e-01
1.721657371000000057e+04	6.708928692436242347e-01	3.203331659855520597e-01
1.720893991000000096e+04	6.712889884487862613e-01	3.218792852561979667e-01
1.720131312999999864e+04	6.714545977036050495e-01	3.234126354515652890e-01
1.719369335000000137e+04	6.713901615607983375e-01	3.249330195612027961e-01
1.718608055999999851e+04	6.710963787261455815e-01	3.264402406484607777e-01
1.717847475000000122e+04	6.705741804550057195e-01	3.279341039267221758e-01
1.717087591999999859e+04	6.698247290320917813e-01	3.294144148622543122e-01
1.716328406000000177e+04	6.688494133630666916e-01	3.308809831455654660e-01
1.715569915000000037e+04	6.676498440831989400e-01	3.323336226518572856e-01
1.714812117999999828e+04	6.662278523830403865e-01	3.337721476169596135e-01
1.714055015999999887e+04	6.645854897104043202e-01	3.351963708882814696e-01
1.713298605999999927e+04	6.627250106147809516e-01	3.366061152689383551e-01
1.712542886999999973e+04	6.606488795664531288e-01	3.380012021822037527e-01
1.711787859000000026e+04	6.583597656244830620e-01	3.393814537034474665e-01
1.711033522000000085e+04	6.558605350437466397e-01	3.407466944891453520e-01
1.710279872999999861e+04	6.531542344364412722e-01	3.420967571613482971e-01
1.709526912000000084e+04	6.502441047748128700e-01	3.434314714830489779e-01
1.708774638000000050e+04	6.471335622863125803e-01	3.447506716501766988e-01
1.708023050000000148e+04	6.438261952647200692e-01	3.460541945057734048e-01
1.707272147000000041e+04	6.403257574915284245e-01	3.473418795723283159e-01
1.706521928000000116e+04	6.366361614567849214e-01	3.486135690832396494e-01
1.705772393000000011e+04	6.327614766891606068e-01	3.498691063484043462e-01
1.705023540000000139e+04	6.287059072316233399e-01	3.511083408196690181e-01
1.704275368000000162e+04	6.244737992488790246e-01	3.523311230438967989e-01
1.703527877000000080e+04	6.200696348280141379e-01	3.535373047927064527e-01
1.702781064999999944e+04	6.154980068747831767e-01	3.547267439412469803e-01
1.702034932000000117e+04	6.107636350326026697e-01	3.558992980403000717e-01
1.701289476999999897e+04	6.058713401605145821e-01	3.570548291723850132e-01
1.700544699000000037e+04	6.008260423212893331e-01	3.581932023519989183e-01
1.699800595999999859e+04	5.956327458641218486e-01	3.593142870446172643e-01
1.699057168000000092e+04	5.902965524013494836e-01	3.604179526579144310e-01
1.698314414000000033e+04	5.848226324808799559e-01	3.615040731382274664e-01
1.697572333000000071e+04	5.792162243641230113e-01	3.625725254518343266e-01
1.696830924999999843e+04	5.734826339682604912e-01	3.636231881989287484e-01
1.696090188000000126e+04	5.676272038923663166e-01	3.646559458954594657e-01
1.695350120999999854e+04	5.616553283801211105e-01	3.656706846824758772e-01
1.694610723000000144e+04	5.555724381098819942e-01	3.666672937940931298e-01
1.693871993999999904e+04	5.493840009708453875e-01	3.676456642608605940e-01
1.693133932999999888e+04	5.430954979946145400e-01	3.686056916212219758e-01
1.692396538000000146e+04	5.367124151336357674e-01	3.695472758177877348e-01
1.691659809999999925e+04	5.302402706480203731e-01	3.704703161266582612e-01
1.690923746000000028e+04	5.236845469416655519e-01	3.713747200478635380e-01
1.690188346000000092e+04	5.170507446188049583e-01	3.722603944864410486e-01
1.689453609000000142e+04	5.103443404977118236e-01	3.731272507985587406e-01
1.688719535000000178e+04	5.035707987988506940e-01	3.739752023932775837e-01
1.687986121999999887e+04	4.967355368579259300e-01	3.748041682190944579e-01
1.687253369000000021e+04	4.898439461103087922e-01	3.756140692440846918e-01
1.686521275999999853e+04	4.829013862588431572e-01	3.764048285871639532e-01
1.685789842000000135e+04	4.759131603541633115e-01	3.771763737349551060e-01
1.685059064999999828e+04	4.688845085417975844e-01	3.779286364204911264e-01
1.684328945999999996e+04	4.618206409283059366e-01	3.786615485349230092e-01
1.683599481999999989e+04	4.547266646586526906e-01	3.793750492723323431e-01
1.682870673000000170e+04	4.476076462607120332e-01	3.800690780411706826e-01
1.682142519000000175e+04	4.404685778045208111e-01	3.807435775932010991e-01
1.681415018000000055e+04	4.333143523618301907e-01	3.813984957993351022e-01
1.680688168999999834e+04	4.261497887956704478e-01	3.820337828049664708e-01
1.679961972999999853e+04	4.189796374626634790e-01	3.826493903247057959e-01
1.679236426999999821e+04	4.118085168925418316e-01	3.832452767530900584e-01
1.678511530000000130e+04	4.046409691439160627e-01	3.838214019431039348e-01
1.677787283000000025e+04	3.974814562891506586e-01	3.843777274668534472e-01
1.677063683999999921e+04	3.903343076033468639e-01	3.849142205185034915e-01
1.676340731999999844e+04	3.832037560196897563e-01	3.854308507028095798e-01
1.675618426000000181e+04	3.760939253871207755e-01	3.859275908365690233e-01
1.674896765999999843e+04	3.690088376601181053e-01	3.864044162939872518e-01
1.674175750999999946e+04	3.619523908188723715e-01	3.868613063741563884e-01
1.673455380000000150e+04	3.549283666081355371e-01	3.872982435639381604e-01
1.672735651000000144e+04	3.479404189548183646e-01	3.877152140937919489e-01
1.672016563999999926e+04	3.409921014640536208e-01	3.881122061753413677e-01
1.671298118999999861e+04	3.340868463304200175e-01	3.884892112850129031e-01
1.670580313999999998e+04	3.272279440337531597e-01	3.888462251196986852e-01
1.669863148999999976e+04	3.204185807925805096e-01	3.891832454848667133e-01
1.669146621999999843e+04	3.136617995903974165e-01	3.895002742701299536e-01
1.668430732999999964e+04	3.069605375954971849e-01	3.897973155551074931e-01
1.667715481000000000e+04	3.003175973600173410e-01	3.900743769903036173e-01
1.667000864999999976e+04	2.937356562088441758e-01	3.903314692974497180e-01
1.666286883999999918e+04	2.872172663000266968e-01	3.905686062527918279e-01
1.665573537999999826e+04	2.807648638785574802e-01	3.907858043790352065e-01
1.664860825000000114e+04	2.743807425289143676e-01	3.909830838545333420e-01
1.664148745000000054e+04	2.680670899650174355e-01	3.911604672766276769e-01
1.663437297000000035e+04	2.618259617214548363e-01	3.913179805417856261e-01
1.662726480000000083e+04	2.556592911971355964e-01	3.914556525071378190e-01
1.662016292999999860e+04	2.495688907696785586e-01	3.915735149696768502e-01
1.661306735000000117e+04	2.435564530615711154e-01	3.916716026448208154e-01
1.660597806000000128e+04	2.376235606666637357e-01	3.917499530476959424e-01
1.659889504999999917e+04	2.317716707430837464e-01	3.918086067469026545e-01
1.659181829999999900e+04	2.260021172218419638e-01	3.918476072026525481e-01
1.658474782000000050e+04	2.203161451124941994e-01	3.918670005501427300e-01
1.657768359000000055e+04	2.147148635022302909e-01	3.918668359057137507e-01
1.657062559999999939e+04	2.091992803059449235e-01	3.918471650937022654e-01
1.656357384000000093e+04	2.037702961871153406e-01	3.918080426898168378e-01
1.655652832000000126e+04	1.984287218252530904e-01	3.917495261886879132e-01
1.654948901000000114e+04	1.931752346143469079e-01	3.916716755063076594e-01
1.654245591000000059e+04	1.880104344162035479e-01	3.915745534652930182e-01
1.653542901999999958e+04	1.829348227412462558e-01	3.914582256417641903e-01
1.652840831999999864e+04	1.779487911864444383e-01	3.913227599234240794e-01
1.652139381000000139e+04	1.730526529140410941e-01	3.911682271429723912e-01
1.651438547000000108e+04	1.682466168857232325e-01	3.909947002772863334e-01
1.650738331000000107e+04	1.635308251403894686e-01	3.908022555873772452e-01
1.650038729999999850e+04	1.589053078234319849e-01	3.905909707870866554e-01
1.649339745000000039e+04	1.543700398217119629e-01	3.903609272110465933e-01
1.648641374999999971e+04	1.499249032628369449e-01	3.901122081073386538e-01
1.647943618000000060e+04	1.455696977343191034e-01	3.898448987321206372e-01
1.647246473999999944e+04	1.413041618916590636e-01	3.895590874539460735e-01
1.646549942000000010e+04	1.371279572560767102e-01	3.892548646396756240e-01
1.645854021999999895e+04	1.330406832883140877e-01	3.889323234415316133e-01
1.645158712000000014e+04	1.290418625426609511e-01	3.885915583871126788e-01
1.644464012000000002e+04	1.251309669888346632e-01	3.882326672000163126e-01
1.643769919999999911e+04	1.213073978232871719e-01	3.878557488063009706e-01
1.643076437000000078e+04	1.175705161193390524e-01	3.874609059495233154e-01
1.642383560999999827e+04	1.139196125578269270e-01	3.870482418983518524e-01
1.641691291999999885e+04	1.103539374316976213e-01	3.866178631928646192e-01
1.640999628999999914e+04	1.068726872720225235e-01	3.861698778885762073e-01
1.640308569999999963e+04	1.034750081364926161e-01	3.857043953913598111e-01
1.639618115000000034e+04	1.001600130786639009e-01	3.852215284304360554e-01
1.638928264000000127e+04	9.692677436358096421e-02	3.847213918046232806e-01
1.638239016000000083e+04	9.377432154491979754e-02	3.842041015823922101e-01
1.637550368999999955e+04	9.070164457232848809e-02	3.836697749382489975e-01
1.636862322999999924e+04	8.770770972214191052e-02	3.831185324321365049e-01
1.636174877000000015e+04	8.479144837657742739e-02	3.825504957088711744e-01
1.635488031000000046e+04	8.195176812487034446e-02	3.819657890634361452e-01
1.634801783000000069e+04	7.918754264526231545e-02	3.813645368629410282e-01
1.634116133000000082e+04	7.649763052622993165e-02	3.807468669149494112e-01
1.633431079999999929e+04	7.388086514242654668e-02	3.801129078642365156e-01
1.632746623999999974e+04	7.133606467429771947e-02	3.794627909568323298e-01
1.632062763000000086e+04	6.886202301005196758e-02	3.787966471655631606e-01
1.631379497000000083e+04	6.645752666360071892e-02	3.781146109520630016e-01
1.630696824999999990e+04	6.412134565390863183e-02	3.774168173677975857e-01
1.630014745000000039e+04	6.185223591086121131e-02	3.767034018968203890e-01
1.629333258999999998e+04	5.964895752638215559e-02	3.759745057075341013e-01
1.628652363999999943e+04	5.751024684264138820e-02	3.752302661423640995e-01
1.627972060000000056e+04	5.543484451281781300e-02	3.744708251185888126e-01
1.627292345000000023e+04	5.342148121842733854e-02	3.736963236852760550e-01
1.626613220999999976e+04	5.146889713530772986e-02	3.729069087985862896e-01
1.625934684999999990e+04	4.957581702842350779e-02	3.721027229714591877e-01
1.625256735999999910e+04	4.774097249168019613e-02	3.712839122014347515e-01
1.624579375000000073e+04	4.596310250600024044e-02	3.704506261603022210e-01
1.623902599999999984e+04	4.424094145929686334e-02	3.696030120609284375e-01
1.623226410000000033e+04	4.257323132848830211e-02	3.687412194288458567e-01
1.622550806000000011e+04	4.095872484778886186e-02	3.678654014831073127e-01
1.621875784999999996e+04	3.939617225115822630e-02	3.669757073422938443e-01
1.621201346999999987e+04	3.788433928204348877e-02	3.660722910073012648e-01
1.620527492999999959e+04	3.642200285937672449e-02	3.651553089035129429e-01
1.619854219000000012e+04	3.500793932467636399e-02	3.642249115928068992e-01
1.619181526999999915e+04	3.364094905583848993e-02	3.632812587579782315e-01
1.618509415000000081e+04	3.231983597398579988e-02	3.623245054523621667e-01
1.617837881999999991e+04	3.104341901838697515e-02	3.613548089203641456e-01
1.617166928999999982e+04	2.981053437045024998e-02	3.603723301385987066e-01
1.616496552999999949e+04	2.862002506484617390e-02	3.593772250134365520e-01
1.615826754000000074e+04	2.747075465186250842e-02	3.583696545443690873e-01
1.615157531999999992e+04	2.636160200546161167e-02	3.573497804848028148e-01
1.614488885999999911e+04	2.529146030822734120e-02	3.563177637512565110e-01
1.613820815000000039e+04	2.425923935191190775e-02	3.552737658623053574e-01
1.613153318000000036e+04	2.326386598548279422e-02	3.542179489033334128e-01
1.612486393999999927e+04	2.230428451856987168e-02	3.531504754914907562e-01
1.611820044000000053e+04	2.137945980762389828e-02	3.520715119977700924e-01
1.611154264999999941e+04	2.048836920206929466e-02	3.509812188148503931e-01
1.610489057999999932e+04	1.963001393252293211e-02	3.498797632754149234e-01
1.609824421000000075e+04	1.880340985739133858e-02	3.487673082007150538e-01
1.609160354999999981e+04	1.800759541932276525e-02	3.476440217996388249e-01
1.608496857000000091e+04	1.724162321894003036e-02	3.465100658742664708e-01
1.607833928000000014e+04	1.650456974084464970e-02	3.453656093176383224e-01
1.607171565999999984e+04	1.579552726207890737e-02	3.442108161610716865e-01
1.606509771000000001e+04	1.511360959181191552e-02	3.430458541288818886e-01
1.605848543000000063e+04	1.445794977050375747e-02	3.418708912028479152e-01
1.605187880000000041e+04	1.382769822152262601e-02	3.406860919846442237e-01
1.604527781999999934e+04	1.322202670371311166e-02	3.394916247710105250e-01
1.603868247999999949e+04	1.264012531572884096e-02	3.382876561824904038e-01
1.603209276999999929e+04	1.208120344049119083e-02	3.370743529006114958e-01
1.602550869000000057e+04	1.154449045510918745e-02	3.358518835010894099e-01
1.601893022000000019e+04	1.102923316045543480e-02	3.346204128601314443e-01
1.601235736999999972e+04	1.053469965078688945e-02	3.333801114446243163e-01
1.600579011999999966e+04	1.006017446593365262e-02	3.321311440497208833e-01
1.599922847000000002e+04	9.604962266996090042e-03	3.308736791654207088e-01
1.599267240999999922e+04	9.168385411823035125e-03	3.296078832781011436e-01
1.598612194000000090e+04	8.749785148866769113e-03	3.283339246726161287e-01
1.597957703000000038e+04	8.348518874148636373e-03	3.270519656098955785e-01
1.597303770000000077e+04	7.963964888755841950e-03	3.257621779259549100e-01
1.596650393000000076e+04	7.595516580084382512e-03	3.244647254091397870e-01
1.595997572000000036e+04	7.242585830342230038e-03	3.231597755367831004e-01
1.595345305000000008e+04	6.904600498430197610e-03	3.218474915051828811e-01
1.594693591999999990e+04	6.581006314847290956e-03	3.205280401976717819e-01
1.594042432000000008e+04	6.271264994940056042e-03	3.192015861540716815e-01
1.593391826000000037e+04	5.974855397550076462e-03	3.178682976473569677e-01
1.592741770999999972e+04	5.691270482844414634e-03	3.165283343730866950e-01
1.592092266999999993e+04	5.420020254635774491e-03	3.151818617381757504e-01
1.591443313999999918e+04	5.160630007665601912e-03	3.138290447406500983e-01
1.590794909999999982e+04	4.912639280167645922e-03	3.124700437394002939e-01
1.590147055999999975e+04	4.675603502390904449e-03	3.111050248799944185e-01
1.589499750999999924e+04	4.449091732509661071e-03	3.097341496178203091e-01
1.588852993000000060e+04	4.232686831878568028e-03	3.083575767184416616e-01
1.588206782000000021e+04	4.025986159179983925e-03	3.069754686146383138e-01
1.587561117000000013e+04	3.828600212567625539e-03	3.055879850241816631e-01
1.586915998000000036e+04	3.640152955672994097e-03	3.041952872033635291e-01
1.586271423999999934e+04	3.460280891167340483e-03	3.027975336260435024e-01
1.585627393999999913e+04	3.288633071344338864e-03	3.013948820954737151e-01
1.584983907999999974e+04	3.124871031373030461e-03	2.999874919145310015e-01
1.584340964999999960e+04	2.968667944310539840e-03	2.985755195079417001e-01
1.583698564000000079e+04	2.819708594625388188e-03	2.971591205653490442e-01
1.583056704999999965e+04	2.677689284698296212e-03	2.957384522386241610e-01
1.582415386000000035e+04	2.542316859710449291e-03	2.943136664857334828e-01
1.581774608000000080e+04	2.413309486383738173e-03	2.928849211378845574e-01
1.581134368999999970e+04	2.290395086460836511e-03	2.914523665502525285e-01
1.580494669000000067e+04	2.173312072357562377e-03	2.900161567107827909e-01
1.579855507000000034e+04	2.061808455368919699e-03	2.885764425284744195e-01
1.579216883000000053e+04	1.955641924854062408e-03	2.871333763044147114e-01
1.578578794999999991e+04	1.854579061199791408e-03	2.856871049385190653e-01
1.577941243000000031e+04	1.758395721147406167e-03	2.842377789505754482e-01
1.577304226999999992e+04	1.666876408030901896e-03	2.827855479636555702e-01
1.576667746000000079e+04	1.579813870491969746e-03	2.813305583966118073e-01
1.576031797999999981e+04	1.497008871522815046e-03	2.798729534164361987e-01
1.575396384000000035e+04	1.418270441549974873e-03	2.784128820969758444e-01
1.574761503000000084e+04	1.343414956668619129e-03	2.769504879575819811e-01
1.574127153999999973e+04	1.272266168195046194e-03	2.754859135142846416e-01
1.573493336000000090e+04	1.204654957199004835e-03	2.740193002655546550e-01
1.572860049000000072e+04	1.140419193315093255e-03	2.725507909997169076e-01
1.572227291999999943e+04	1.079403287645025467e-03	2.710805251527990123e-01
1.571595065000000068e+04	1.021458167798210484e-03	2.696086434318805680e-01
1.570963365999999951e+04	9.664407771733511156e-04	2.681352808199716220e-01
1.570332194999999956e+04	9.142142237204171906e-04	2.666605758756012690e-01
1.569701552000000083e+04	8.646473713860328928e-04	2.651846660762668395e-01
1.569071435000000019e+04	8.176144891986307506e-04	2.637076831133367549e-01
1.568441844999999921e+04	7.729954331377788526e-04	2.622297645908260866e-01
1.567812780000000021e+04	7.306750019440427660e-04	2.607510399504487375e-01
1.567184238999999980e+04	6.905430481956391624e-04	2.592716398337688299e-01
1.566556222999999954e+04	6.524943338588799855e-04	2.577916984457854777e-01
1.565928730999999971e+04	6.164280954901160594e-04	2.563113441289331385e-01
1.565301761000000079e+04	5.822479537729200556e-04	2.548307016892972787e-01
1.564675312999999915e+04	5.498619079886927098e-04	2.533498994716960051e-01
1.564049387000000024e+04	5.191820479236766142e-04	2.518690646388645482e-01
1.563423982000000069e+04	4.901243498510954527e-04	2.503883207928255250e-01
1.562799097000000074e+04	4.626085772949120015e-04	2.489077903275357662e-01
1.562174731000000065e+04	4.365581307112578204e-04	2.474275944214779643e-01
1.561550885000000017e+04	4.118999789032432631e-04	2.459478577756342710e-01
1.560927556000000004e+04	3.885642792979116639e-04	2.444686943755050024e-01
1.560304745999999977e+04	3.664845929360726197e-04	2.429902288337617289e-01
1.559682452000000012e+04	3.455973783170193181e-04	2.415125726543539131e-01
1.559060675000000083e+04	3.258421888027221696e-04	2.400358455882541375e-01
1.558439413000000059e+04	3.071613099844328933e-04	2.385601590081704304e-01
1.557818666999999914e+04	2.894998323903855424e-04	2.370856301520626874e-01
1.557198435000000063e+04	2.728053566496612889e-04	2.356123678664101273e-01
1.556578715999999986e+04	2.570280048797859399e-04	2.341404821030482475e-01
1.555959511000000020e+04	2.421203300681076310e-04	2.326700862887551569e-01
1.555340818000000036e+04	2.280370899754804342e-04	2.312012854462138223e-01
1.554722637000000032e+04	2.147352723191341172e-04	2.297341880642928269e-01
1.554104968000000008e+04	2.021739478079830218e-04	2.282689013427918190e-01
1.553487809000000016e+04	1.903141416776577455e-04	2.268055264469730214e-01
1.552871160000000054e+04	1.791188268935900874e-04	2.253441679939244824e-01
1.552255019999999968e+04	1.685527788962877538e-04	2.238849269338659687e-01
1.551639388999999937e+04	1.585825305971338506e-04	2.224279052870170026e-01
1.551024265999999989e+04	1.491762597913976461e-04	2.209732014047727511e-01
1.550409650999999940e+04	1.403037464361609702e-04	2.195209147009431205e-01
1.549795542000000023e+04	1.319362565707700333e-04	2.180711385608051778e-01
1.549181940000000031e+04	1.240465431060425313e-04	2.166239721490955672e-01
1.548568843000000015e+04	1.166086973828414083e-04	2.151795062447994789e-01
1.547956250999999975e+04	1.095981515063109454e-04	2.137378350386141268e-01
1.547344163999999910e+04	1.029915892666966395e-04	2.122990514078788860e-01
1.546732580000000053e+04	9.676686784505996342e-05	2.108632422232163406e-01
1.546121499000000040e+04	9.090300462325016755e-05	2.094304977514579447e-01
1.545510921000000053e+04	8.538009988036827100e-05	2.080009069457289805e-01
1.544900844999999936e+04	8.017927703404166833e-05	2.065745551090321097e-01
1.544291268999999920e+04	7.528263572568306234e-05	2.051515239123849477e-01
1.543682194999999956e+04	7.067324333349950119e-05	2.037319030599039349e-01
1.543073619999999937e+04	6.633501851853369237e-05	2.023157692894385074e-01
1.542465545000000020e+04	6.225275722269800992e-05	2.009032073602403934e-01
1.541857969000000048e+04	5.841204625679384185e-05	1.994942960740951066e-01
1.541250890000000072e+04	5.479923340815302969e-05	1.980891106309503880e-01
1.540644310000000041e+04	5.140141836301350119e-05	1.966877341944819058e-01
1.540038226000000031e+04	4.820636384819121254e-05	1.952902370738476279e-01
1.539432638000000043e+04	4.520250762212686050e-05	1.938966952311120262e-01
1.538827547000000050e+04	4.237891574922816987e-05	1.925071856271519111e-01
1.538222949999999946e+04	3.972522861299386825e-05	1.911217747546287149e-01
1.537618848000000071e+04	3.723166823405880211e-05	1.897405370124703172e-01
1.537015240000000085e+04	3.488898191133851519e-05	1.883635409364540492e-01
1.536412125000000015e+04	3.268842447446827955e-05	1.869908538013418942e-01
1.535809503000000041e+04	3.062173552242724949e-05	1.856225438935125427e-01
1.535207373000000007e+04	2.868110731824342224e-05	1.842586759634812221e-01
1.534605733999999939e+04	2.685916510746157876e-05	1.828993135149484250e-01
1.534004586000000018e+04	2.514894732136988481e-05	1.815445210609126503e-01
1.533403929000000062e+04	2.354388067828592742e-05	1.801943618547303949e-01
1.532803760999999940e+04	2.203775498307725873e-05	1.788488934171229561e-01
1.532204082000000017e+04	2.062471438713025997e-05	1.775081765330292771e-01
1.531604891999999927e+04	1.929923311084361248e-05	1.761722707434138224e-01
1.531006189000000086e+04	1.805609391053866885e-05	1.748412299103917211e-01
1.530407973999999922e+04	1.689038210160191800e-05	1.735151133549981128e-01
1.529810246000000006e+04	1.579745897794701301e-05	1.721939747313296076e-01
1.529213004000000001e+04	1.477295126086023021e-05	1.708778664985506068e-01
1.528616246999999930e+04	1.381273673971901692e-05	1.695668399277727167e-01
1.528019974999999977e+04	1.291293209683657635e-05	1.682609472957229957e-01
1.527424187999999958e+04	1.206987813564240020e-05	1.669602396773757491e-01
1.526828883999999925e+04	1.128012497915090473e-05	1.656647626070577306e-01
1.526234064000000035e+04	1.054042728230984591e-05	1.643745669838374279e-01
1.525639725999999973e+04	9.847725213113861184e-06	1.630896960220019898e-01
1.525045869999999923e+04	9.199140402164345952e-06	1.618101961214128692e-01
1.524452495000000090e+04	8.591962306743358997e-06	1.605361103716004267e-01
1.523859600999999930e+04	8.023640986585087959e-06	1.592674828682931198e-01
1.523267187999999987e+04	7.491776998686610615e-06	1.580043565551601803e-01
1.522675253999999950e+04	6.994111334427375887e-06	1.567467689897607264e-01
1.522083798999999999e+04	6.528520991448924774e-06	1.554947608803340653e-01
1.521492822999999953e+04	6.093009426148540819e-06	1.542483718064486808e-01
1.520902324000000044e+04	5.685698053281993437e-06	1.530076360323087969e-01
1.520312303000000065e+04	5.304823011521039772e-06	1.517725930405293133e-01
1.519722759000000042e+04	4.948725164954250335e-06	1.505432770148959487e-01
1.519133690999999999e+04	4.615845524160928100e-06	1.493197210750512594e-01
1.518545097999999962e+04	4.304719475019799472e-06	1.481019572853741750e-01
1.517956981000000087e+04	4.013972277634511684e-06	1.468900207770707789e-01
1.517369338000000062e+04	3.742311362394596302e-06	1.456839394326990278e-01
1.516782167999999911e+04	3.488523601171095248e-06	1.444837421792965204e-01
1.516195471999999972e+04	3.251470933818817043e-06	1.432894609872679414e-01
1.515609249000000091e+04	3.030084299446036448e-06	1.421011227030115898e-01
1.515023497999999927e+04	2.823360478780649636e-06	1.409187531713979036e-01
1.514438219000000026e+04	2.630358528681102750e-06	1.397423792507840601e-01
1.513853410000000076e+04	2.450195117437103973e-06	1.385720227882365485e-01
1.513269072000000051e+04	2.282042664218812427e-06	1.374077106568084294e-01
1.512685203999999976e+04	2.125124486151267678e-06	1.362494647367895051e-01
1.512101806000000033e+04	1.978712640852810462e-06	1.350973079243191211e-01
1.511518875999999909e+04	1.842124259991661624e-06	1.339512582118201622e-01
1.510936413999999968e+04	1.714719814432079082e-06	1.328113365972291016e-01
1.510354420000000027e+04	1.595899984481810748e-06	1.316775631169546656e-01
1.509772892999999931e+04	1.485103049457682527e-06	1.305499549206859955e-01
1.509191832000000068e+04	1.381802833896512435e-06	1.294285282517085300e-01
1.508611238000000048e+04	1.285506864562849298e-06	1.283133022892885000e-01
1.508031107999999949e+04	1.195753328762185815e-06	1.272042876242631682e-01
1.507451444000000083e+04	1.112110624798707717e-06	1.261015035332919976e-01
1.506872243999999955e+04	1.034174136870769534e-06	1.250049607607606750e-01
1.506293506999999954e+04	9.615653344617520325e-07	1.239146711100539977e-01
1.505715234000000055e+04	8.939302367943557770e-07	1.228306492771102237e-01
1.505137422999999944e+04	8.309373034159639691e-07	1.217529034639842495e-01
1.504560074999999961e+04	7.722767229689098162e-07	1.206814466360894983e-01
1.503983187999999973e+04	7.176584262981982567e-07	1.196162853408654636e-01
1.503406761000000006e+04	6.668112758872795518e-07	1.185574271881214142e-01
1.502830796000000009e+04	6.194820119838725243e-07	1.175048844582393809e-01
1.502255290000000059e+04	5.754334721494017954e-07	1.164586594639985540e-01
1.501680242999999973e+04	5.344442380610327283e-07	1.154187592275719709e-01
1.501105654999999933e+04	4.963073865400576415e-07	1.143851899653085119e-01
1.500531524999999965e+04	4.608295139682313561e-07	1.133579553131437989e-01
1.499957853000000068e+04	4.278300074117697271e-07	1.123370599341095705e-01
1.499384638000000086e+04	3.971401111819154664e-07	1.113225059498958169e-01
1.498811880000000019e+04	3.686022821897521865e-07	1.103142965099200012e-01
1.498239578000000074e+04	3.420693691122731907e-07	1.093124322614112548e-01
1.497667730999999912e+04	3.174040011663183915e-07	1.083169131438251054e-01
1.497096339000000080e+04	2.944779974139899609e-07	1.073277401251429702e-01
1.496525401000000056e+04	2.731716908891835232e-07	1.063449117300200586e-01
1.495954917000000023e+04	2.533734562899296782e-07	1.053684275119781411e-01
1.495384886999999981e+04	2.349791478277196496e-07	1.043982863174610365e-01
1.494815308999999979e+04	2.178915561726807231e-07	1.034344829211370220e-01
1.494246183000000019e+04	2.020200814510245645e-07	1.024770148434093059e-01
1.493677510000000075e+04	1.872802600626892098e-07	1.015258805947036463e-01
1.493109287000000040e+04	1.735932403413953143e-07	1.005810713469644374e-01
1.492541515000000072e+04	1.608856149650674433e-07	9.964258432381634112e-02
1.491974193000000014e+04	1.490889159810322114e-07	9.871041278481126890e-02
1.491407320000000072e+04	1.381393390946772955e-07	9.778454939006706037e-02
1.490840897000000041e+04	1.279774697792549746e-07	9.686498944702885694e-02
1.490274921999999970e+04	1.185479019435528764e-07	9.595172277827616891e-02
1.489709395000000040e+04	1.097990611636596684e-07	9.504474187295891552e-02
1.489144314999999915e+04	1.016828987261253851e-07	9.414403703093734976e-02
1.488579682999999932e+04	9.415469925947597526e-08	9.324960115905450708e-02
1.488015495999999985e+04	8.717277861852596848e-08	9.236142026616583900e-02
1.487451756000000023e+04	8.069839487345178469e-08	9.147948770493111170e-02
1.486888460999999916e+04	7.469544112504590546e-08	9.060378998823118146e-02
1.486325610000000052e+04	6.913032866963455856e-08	8.973431469444273501e-02
1.485763204000000042e+04	6.397182259784525247e-08	8.887105195761658971e-02
1.485201240999999936e+04	5.919083629138332196e-08	8.801398677746874455e-02
1.484639722000000074e+04	5.476033907274860344e-08	8.716310823829723220e-02
1.484078644999999960e+04	5.065516712811423249e-08	8.631840036737312150e-02
1.483518010999999933e+04	4.685194221546075312e-08	8.547985123598704493e-02
1.482957818000000043e+04	4.332890733906604193e-08	8.464744393542848744e-02
1.482398065999999926e+04	4.006584965252069606e-08	8.382116408906435667e-02
1.481838754999999946e+04	3.704398058688169748e-08	8.300099684053431626e-02
1.481279883999999947e+04	3.424583330314189918e-08	8.218692541095679038e-02
1.480721451999999954e+04	3.165517770268032985e-08	8.137893259854990513e-02
1.480163459999999941e+04	2.925694330651424120e-08	8.057700365198559866e-02
1.479605905999999959e+04	2.703711739083184462e-08	7.978111906898509298e-02
1.479048790000000008e+04	2.498269310726851136e-08	7.899126181514980194e-02
1.478492110999999932e+04	2.308158747303152679e-08	7.820741302588882227e-02
1.477935870000000068e+04	2.132258727997686662e-08	7.742955624411083926e-02
1.477380064999999922e+04	1.969527249487480995e-08	7.665767041249844926e-02
1.476824695000000065e+04	1.818997398652228744e-08	7.589173552383998711e-02
1.476269762000000082e+04	1.679772485874585183e-08	7.513173531059870458e-02
1.475715263000000050e+04	1.551019109977121933e-08	7.437764626817880420e-02
1.475161197999999968e+04	1.431964722442753044e-08	7.362944866743210970e-02
1.474607567999999992e+04	1.321892752166548069e-08	7.288712374714255426e-02
1.474054370999999992e+04	1.220137893778425501e-08	7.215064836847030760e-02
1.473501605999999992e+04	1.126083308743226821e-08	7.142000043394518272e-02
1.472949274999999943e+04	1.039157435235778452e-08	7.069516146295590220e-02
1.472397374999999920e+04	9.588295136549598395e-09	6.997610607268019145e-02
1.471845905999999923e+04	8.846079467886124680e-09	6.926281253186446218e-02
1.471294867999999951e+04	8.160370190743181079e-09	6.855525878906051918e-02
1.470744261000000006e+04	7.526943371796944811e-09	6.785342248045515834e-02
1.470194082999999955e+04	6.941882440417917425e-09	6.715727841635722728e-02
1.469644334999999955e+04	6.401561529827880630e-09	6.646680493865203543e-02
1.469095015000000058e+04	5.902618438626681775e-09	6.578197633635900210e-02
1.468546124000000054e+04	5.441941358993732496e-09	6.510277038903491964e-02
1.467997660999999971e+04	5.016646309874261043e-09	6.442916211748461741e-02
1.467449625000000015e+04	4.624062565815188567e-09	6.376112631217330240e-02
1.466902016000000003e+04	4.261717850502474772e-09	6.309863874548246598e-02
1.466354833999999937e+04	3.927323156806845077e-09	6.244167493694509352e-02
1.465808077000000048e+04	3.618758366418956457e-09	6.179020778653390028e-02
1.465261744999999974e+04	3.334062313472176767e-09	6.114421238408327547e-02
1.464715839000000051e+04	3.071420397437827751e-09	6.050366475646754699e-02
1.464170355999999992e+04	2.829151615378161906e-09	5.986853603035374033e-02
1.463625297999999930e+04	2.605702891685150189e-09	5.923880297674215950e-02
1.463080662999999913e+04	2.399635780515267778e-09	5.861443751597086166e-02
1.462536450999999943e+04	2.209620554766794787e-09	5.799541370141753083e-02
1.461992661000000044e+04	2.034427053546198833e-09	5.738170426436516036e-02
1.461449293000000034e+04	1.872918022442003070e-09	5.677328289543868284e-02
1.460906346999999914e+04	1.724041899721206178e-09	5.617012310030016636e-02
1.460363820999999916e+04	1.586826002126002608e-09	5.557219601066680503e-02
1.459821716000000015e+04	1.460371961903916072e-09	5.497947592306327846e-02
1.459280031000000054e+04	1.343848957053233987e-09	5.439193477247006303e-02
1.458738766000000032e+04	1.236489407221132222e-09	5.380954544049528637e-02
1.458197919000000002e+04	1.137583676373218507e-09	5.323227852900681845e-02
1.457657490999999936e+04	1.046476676827688924e-09	5.266010772432849762e-02
1.457117481000000043e+04	9.625628866371576910e-10	5.209300444484531167e-02
1.456577887999999984e+04	8.852830210290452299e-10	5.153094000722296952e-02
1.456038711999999941e+04	8.141206920230237848e-10	5.097388666085643505e-02
1.455499952999999914e+04	7.485990297361698139e-10	5.042181653066825364e-02
1.454961609999999928e+04	6.882776068718727170e-10	4.987470061076319100e-02
1.454423682999999983e+04	6.327499294890105313e-10	4.933251081937704147e-02
1.453886169999999947e+04	5.816405705892789449e-10	4.879521697621694992e-02
1.453349072999999953e+04	5.346033877896036241e-10	4.826279281372569674e-02
1.452812389000000076e+04	4.913184986689405106e-10	4.773520700669477840e-02
1.452276118999999926e+04	4.514910640968483256e-10	4.721243211994263778e-02
1.451740262000000075e+04	4.148488950401441182e-10	4.669443867385311697e-02
1.451204817999999977e+04	3.811409582587185069e-10	4.618119809457645747e-02
1.450669786999999997e+04	3.501356892884307240e-10	4.567268173204311332e-02
1.450135167000000001e+04	3.216194066939165454e-10	4.516885898830419466e-02
1.449600957999999991e+04	2.953951685684902010e-10	4.466970112402026544e-02
1.449067159999999967e+04	2.712813720486016783e-10	4.417517933824264414e-02
1.448533772999999928e+04	2.491105791631011318e-10	4.368526477330645502e-02
1.448000794999999925e+04	2.287283575130077188e-10	4.319992670627750830e-02
1.447468226999999933e+04	2.099924740117826547e-10	4.271913712623939124e-02
1.446936067000000003e+04	1.927717348836775424e-10	4.224286527492659288e-02
1.446404317000000083e+04	1.769453667459603886e-10	4.177108395128571738e-02
1.445872974000000067e+04	1.624019371490140053e-10	4.130376148032555150e-02
1.445342037999999957e+04	1.490388709648662636e-10	4.084086885381755377e-02
1.444811510000000089e+04	1.367616940495728922e-10	4.038237789850789017e-02
1.444281387999999970e+04	1.254833168411345976e-10	3.992825783122259248e-02
1.443751672999999937e+04	1.151235946991238571e-10	3.947848044836808901e-02
1.443222363000000041e+04	1.056086648496347424e-10	3.903301498996771673e-02
1.442693457999999919e+04	9.687055436890272079e-11	3.859183240785545033e-02
1.442164957999999933e+04	8.884668031141797002e-11	3.815490364890835456e-02
1.441636861999999928e+04	8.147941570703756997e-11	3.772219884334655077e-02
1.441109170000000086e+04	7.471573117681444351e-11	3.729368896196646327e-02
1.440581881000000067e+04	6.850680794912122906e-11	3.686934418100364097e-02
1.440054996000000028e+04	6.280774264488881366e-11	3.644913630378699559e-02
1.439528512000000046e+04	5.757717557003408451e-11	3.603303397178602568e-02
1.439002431000000070e+04	5.277710382418935850e-11	3.562100982794080828e-02
1.438476750999999967e+04	4.837252925699327050e-11	3.521303338893575635e-02
1.437951471999999922e+04	4.433127719174992443e-11	3.480907578347019332e-02
1.437426593999999932e+04	4.062375450083992782e-11	3.440910816788080723e-02
1.436902115000000049e+04	3.722273315451228747e-11	3.401310022640224168e-02
1.436378037000000040e+04	3.410320135778939049e-11	3.362102471161466238e-02
1.435854357999999957e+04	3.124213797282028623e-11	3.323285140713541641e-02
1.435331077000000005e+04	2.861838597719808071e-11	3.284855092304628937e-02
1.434808194999999978e+04	2.621250669387876518e-11	3.246809538855680022e-02
1.434285709999999926e+04	2.400661971477786596e-11	3.209145479988893823e-02
1.433763623000000007e+04	2.198430521931241044e-11	3.171860138893615316e-02
1.433241933000000063e+04	2.013046637797950242e-11	3.134950600488219802e-02
1.432720638999999937e+04	1.843123232905578059e-11	3.098413957869523491e-02
1.432199741999999969e+04	1.687386568398340299e-11	3.062247450764219586e-02
1.431679239000000052e+04	1.544665393963285297e-11	3.026448048539904026e-02
1.431159132999999929e+04	1.413885498429535138e-11	2.991013141521746757e-02
1.430639420000000064e+04	1.294058529996225626e-11	2.955939648724988794e-02
1.430120102000000043e+04	1.184278271684832016e-11	2.921224905426788102e-02
1.429601178000000073e+04	1.083711913103807604e-11	2.886866051202505862e-02
1.429082646999999997e+04	9.915948472822267201e-12	2.852860235495752531e-02
1.428564508999999998e+04	9.072253128286672945e-12	2.819204682465606404e-02
1.428046764000000076e+04	8.299591119114802623e-12	2.785896624063523286e-02
1.427529409999999916e+04	7.592046902079737618e-12	2.752933173454343366e-02
1.427012448000000040e+04	6.944195592067915620e-12	2.720311645343589241e-02
1.426495876999999928e+04	6.351056334271365140e-12	2.688029236065006197e-02
1.425979696999999942e+04	5.808060052062766528e-12	2.656083214633214035e-02
1.425463906999999926e+04	5.311013724503100463e-12	2.624470797945803804e-02
1.424948507000000063e+04	4.856071765779708257e-12	2.593189274756478244e-02
1.424433496000000014e+04	4.439705825632835462e-12	2.562235883275829074e-02
1.423918873999999960e+04	4.058680573404425303e-12	2.531607932743260014e-02
1.423404639999999927e+04	3.710028178899509800e-12	2.501302683391812623e-02
1.422890795000000071e+04	3.391028426528280644e-12	2.471317523720526280e-02
1.422377337000000080e+04	3.099185278929846580e-12	2.441649677444964611e-02
1.421864265999999952e+04	2.832211559806599960e-12	2.412296496871960128e-02
1.421351582000000053e+04	2.588010503491519553e-12	2.383255344629990960e-02
1.420839284000000043e+04	2.364659683757528719e-12	2.354523538036551455e-02
1.420327371999999923e+04	2.160397569133148983e-12	2.326098462540178088e-02
1.419815846000000056e+04	1.973609765452689831e-12	2.297977514388821127e-02
1.419304703999999947e+04	1.802816237334218177e-12	2.270157992481687190e-02
1.418793946999999935e+04	1.646661890422812859e-12	2.242637372000780629e-02
1.418283574000000044e+04	1.503904572720501166e-12	2.215413031041211026e-02
1.417773584999999912e+04	1.373406654906258211e-12	2.188482413754725894e-02
1.417263978999999927e+04	1.254125823097089218e-12	2.161842923781077605e-02
1.416754756000000089e+04	1.145107655807469898e-12	2.135492029981390233e-02
1.416245915000000059e+04	1.045477867412476097e-12	2.109427161995976185e-02
1.415737456000000020e+04	9.544360502655660349e-13	2.083645813851610004e-02
1.415229378999999972e+04	8.712492995515424438e-13	2.058145491546384265e-02
1.414721681999999964e+04	7.952463005298280179e-13	2.032923614320503516e-02
1.414214366999999947e+04	7.258130726947244460e-13	2.007977813341128848e-02
1.413707430999999997e+04	6.623869099915402619e-13	1.983305485944741875e-02
1.413200876000000062e+04	6.044534045596974760e-13	1.958904287471234171e-02
1.412694699000000037e+04	5.515411982972631247e-13	1.934771644630093809e-02
1.412188902000000053e+04	5.032194708688105645e-13	1.910905237313583957e-02
1.411683482999999978e+04	4.590936153505784724e-13	1.887302568345274739e-02
1.411178442999999970e+04	4.188028544170239301e-13	1.863961295101708437e-02
1.410673780000000079e+04	3.820168905743575980e-13	1.840878949373610241e-02
1.410169493999999941e+04	3.484337348021585074e-13	1.818053169719043710e-02
1.409665584999999919e+04	3.177771540682312226e-13	1.795481607663301782e-02
1.409162053000000014e+04	2.897944987440716354e-13	1.773161927778734229e-02
1.408658895999999913e+04	2.642546141254117685e-13	1.751091720494488482e-02
1.408156115999999929e+04	2.409463229105502517e-13	1.729268765797354820e-02
1.407653709999999955e+04	2.196763042954006290e-13	1.707690639652554784e-02
1.407151678999999967e+04	2.002679885221350401e-13	1.686355105844965577e-02
1.406650021999999990e+04	1.825598767268381150e-13	1.665259856047072648e-02
1.406148739000000023e+04	1.664043793806268037e-13	1.644402638494684224e-02
1.405647830000000067e+04	1.516665938977569561e-13	1.623781214867722061e-02
1.405147293999999965e+04	1.382231998418910146e-13	1.603393319828898961e-02
1.404647129999999925e+04	1.259615051402957700e-13	1.583236703311087512e-02
1.404147338999999920e+04	1.147785817073307937e-13	1.563309209845279574e-02
1.403647919000000002e+04	1.045803187769543819e-13	1.543608578161255115e-02
1.403148870999999963e+04	9.528079822952768251e-14	1.524132680454223787e-02
1.402650194000000010e+04	8.680149236724717943e-14	1.504879324112443593e-02
1.402151886999999988e+04	7.907067340500762239e-14	1.485846331887505367e-02
1.401653951000000052e+04	7.202285723276666488e-14	1.467031617055157902e-02
1.401156384000000071e+04	6.559819617782117797e-14	1.448432993479940520e-02
1.400659187000000020e+04	5.974207641822850370e-14	1.430048402350954026e-02
1.400162358999999924e+04	5.440460393705574533e-14	1.411875724281865668e-02
1.399665898999999990e+04	4.954022514684019718e-14	1.393912855278209816e-02
1.399169807000000037e+04	4.510736129591156264e-14	1.376157742318154936e-02
1.398674083000000064e+04	4.106805474273708421e-14	1.358608346194303644e-02
1.398178725999999915e+04	3.738764956989791912e-14	1.341262606704839849e-02
1.397683735999999953e+04	3.403452200301968493e-14	1.324118513457277907e-02
1.397189112999999998e+04	3.097980987055207210e-14	1.307174069894985122e-02
1.396694856000000073e+04	2.819716837798879055e-14	1.290427259610048803e-02
1.396200964000000022e+04	2.566255897635405334e-14	1.273876081524574766e-02
1.395707438000000002e+04	2.335405818081431688e-14	1.257518615784403854e-02
1.395214276000000064e+04	2.125165036472499958e-14	1.241352857108553656e-02
1.394721478999999999e+04	1.933708894296979922e-14	1.225376913649458936e-02
1.394229046000000017e+04	1.759372139197125414e-14	1.209588842168225938e-02
1.393736976999999933e+04	1.600636243566175528e-14	1.193986746183731303e-02
1.393245269999999982e+04	1.456115663177741874e-14	1.178568680642529988e-02
1.392753926999999931e+04	1.324547983104304614e-14	1.163332840386636056e-02
1.392262946000000011e+04	1.204780924172452386e-14	1.148277309279864371e-02
1.391772328000000016e+04	1.095764571484588662e-14	1.133400278126987099e-02
1.391282070000000022e+04	9.965408278634540806e-15	1.118699830831399941e-02
1.390792173999999977e+04	9.062372544149593065e-15	1.104174216431914358e-02
1.390302639000000090e+04	8.240579477565098362e-15	1.089821607509327585e-02
1.389813464999999997e+04	7.492776085926473902e-15	1.075640220443200429e-02
1.389324649999999929e+04	6.812348919481268485e-15	1.061628228231575183e-02
1.388836195000000043e+04	6.193274943241818815e-15	1.047783904590744719e-02
1.388348099999999977e+04	5.630063836849840090e-15	1.034105507645984544e-02
1.387860362999999961e+04	5.117710617323139333e-15	1.020591253959169699e-02
1.387372984999999971e+04	4.651658214371311645e-15	1.007239457815248783e-02
1.386885964000000058e+04	4.227751956142539357e-15	9.940483649207623382e-03
1.386399301999999989e+04	3.842210334455027777e-15	9.810163433673890418e-03
1.385912996000000021e+04	3.491584722153200739e-15	9.681416405822927326e-03
1.385427047999999922e+04	3.172737557164372427e-15	9.554226510827235411e-03
1.384941455999999926e+04	2.882808494144339018e-15	9.428576773939136013e-03
1.384456220000000030e+04	2.619193882229677443e-15	9.304450885490242462e-03
1.383971340000000055e+04	2.379522666840080355e-15	9.181832668019043742e-03
1.383486815999999999e+04	2.161635783791979556e-15	9.060706075903772819e-03
1.383002645999999913e+04	1.963566582556462620e-15	8.941054703573921708e-03
1.382518829999999980e+04	1.783525453078445317e-15	8.822862784862892452e-03
1.382035368999999992e+04	1.619883482198382947e-15	8.706114924016638418e-03
1.381552261999999973e+04	1.471157172783835253e-15	8.590795369482441199e-03
1.381069507999999951e+04	1.335996271073666806e-15	8.476888510310606403e-03
1.380587106999999924e+04	1.213172130875594940e-15	8.364379107315930359e-03
1.380105059000000074e+04	1.101566555007765053e-15	8.253252049749483163e-03
1.379623363000000063e+04	1.000161745200667426e-15	8.143492128306352093e-03
1.379142017999999916e+04	9.080315970369942570e-16	8.035084271711378720e-03
1.378661025999999947e+04	8.243339969729168631e-16	7.928014209884893040e-03
1.378180384000000049e+04	7.483019172351630262e-16	7.822266684732365888e-03
1.377700093000000015e+04	6.792382241546673954e-16	7.717827459519454626e-03
1.377220152000000053e+04	6.165084489633753541e-16	7.614681985186525122e-03
1.376740560999999980e+04	5.595356107212878868e-16	7.512816058542579924e-03
1.376261319999999978e+04	5.077949102784175281e-16	7.412215600443134225e-03
1.375782428000000073e+04	4.608089537173794958e-16	7.312866449027688627e-03
1.375303883999999925e+04	4.181436137666056371e-16	7.214754575106248520e-03
1.374825689000000057e+04	3.794042902596164696e-16	7.117866484196160200e-03
1.374347841999999946e+04	3.442320129867785107e-16	7.022188395827810153e-03
1.373870342999999957e+04	3.123004808557669386e-16	6.927706856798260433e-03
1.373393190999999933e+04	2.833129757350237314e-16	6.834408340000520075e-03
1.372916386000000057e+04	2.569998216226655512e-16	6.742279639494808130e-03
1.372439926999999989e+04	2.331158267447221276e-16	6.651307478718931215e-03
1.371963813999999911e+04	2.114381770330425120e-16	6.561478896256197658e-03
1.371488047999999981e+04	1.917643954908875141e-16	6.472781233871923931e-03
1.371012625999999909e+04	1.739103096841361919e-16	6.385201209323688662e-03
1.370537550000000010e+04	1.577087423265195842e-16	6.298726588020846576e-03
1.370062817999999970e+04	1.430076409835780669e-16	6.213344518792338934e-03
1.369588429999999971e+04	1.296689149530657520e-16	6.129042636284934807e-03
1.369114386999999988e+04	1.175671216700375491e-16	6.045808864240293651e-03
1.368640685999999914e+04	1.065881993282323332e-16	5.963630542236258644e-03
1.368167329000000063e+04	9.662864739699003891e-17	5.882495999976156305e-03
1.367694314999999915e+04	8.759438048488682486e-17	5.802393158256841099e-03
1.367221643000000040e+04	7.939994377523155945e-17	5.723310058038636079e-03
1.366749313000000075e+04	7.196774135813827453e-17	5.645235023889865096e-03
1.366277325000000019e+04	6.522730027800613970e-17	5.568156490911998872e-03
1.365805678000000080e+04	5.911460885992041750e-17	5.492062843740706454e-03
1.365334372000000076e+04	5.357155424345838523e-17	5.416942742431738594e-03
1.364863406000000032e+04	4.854535872771880735e-17	5.342784799011876355e-03
1.364392780999999923e+04	4.398812381835249838e-17	5.269578050128330762e-03
1.363922494999999981e+04	3.985633494943947269e-17	5.197311173781892987e-03
1.363452548999999999e+04	3.611051579235814380e-17	5.125973421953440752e-03
1.362982942000000003e+04	3.271481476732599506e-17	5.055553846817071283e-03
1.362513673000000017e+04	2.963669101002740680e-17	4.986041612881734163e-03
1.362044743000000017e+04	2.684662182002836574e-17	4.917426286983362337e-03
1.361576151000000027e+04	2.431780067955915019e-17	4.849697245060738231e-03
1.361107897000000048e+04	2.202590602938027950e-17	4.782844114934195479e-03
1.360639978999999948e+04	1.994885829584327504e-17	4.716856346286669652e-03
1.360172399000000041e+04	1.806663994556381002e-17	4.651724057810143267e-03
1.359705155000000013e+04	1.636107182701245753e-17	4.587436908254107631e-03
1.359238247000000047e+04	1.481566847032474259e-17	4.523984940096855388e-03
1.358771674999999959e+04	1.341547363159472768e-17	4.461358295086321167e-03
1.358305438999999933e+04	1.214691934655745446e-17	4.399547213568426145e-03
1.357839537000000018e+04	1.099769319117816777e-17	4.338541773555104966e-03
1.357373970000000008e+04	9.956634802834177364e-18	4.278332548731785846e-03
1.356908738000000085e+04	9.013619118155875567e-18	4.218910075854580624e-03
1.356443839999999909e+04	8.159461539809455659e-18	4.160264862111268114e-03
1.355979275000000052e+04	7.385833206053476448e-18	4.102387516023066165e-03
1.355515042999999969e+04	6.685183144913245512e-18	4.045268868866389728e-03
1.355051144999999997e+04	6.050665621420731344e-18	3.988899966230786097e-03
1.354587578000000030e+04	5.476068409996123399e-18	3.933271463578923849e-03
1.354124344999999994e+04	4.955766593128600180e-18	3.878374833105393670e-03
1.353661441999999988e+04	4.484652878209282798e-18	3.824200806635262746e-03
1.353198871999999938e+04	4.058104559463118733e-18	3.770741034109987601e-03
1.352736631999999918e+04	3.671925642706710726e-18	3.717986557674143790e-03
1.352274724000000060e+04	3.322317049092316950e-18	3.665929085980186575e-03
1.351813145000000077e+04	3.005831685173908092e-18	3.614559852062511954e-03
1.351351896999999917e+04	2.719348905639603373e-18	3.563870739690385130e-03
1.350890978999999970e+04	2.460038607803974174e-18	3.513853385289630003e-03
1.350430390000000079e+04	2.225336285903015423e-18	3.464499517350013314e-03
1.349970129000000088e+04	2.012918236783135737e-18	3.415800955601663424e-03
1.349510197999999946e+04	1.820680260397093785e-18	3.367749921635708899e-03
1.349050595000000067e+04	1.646714173534005741e-18	3.320338300921340299e-03
1.348591320000000087e+04	1.489292045865287748e-18	3.273558275588241227e-03
1.348132372000000032e+04	1.346848179151562367e-18	3.227402010880141715e-03
1.347673752000000059e+04	1.217964849089183134e-18	3.181861956818120198e-03
1.347215458000000035e+04	1.101357029291993889e-18	3.136930347812737392e-03
1.346757490999999936e+04	9.958615712912221394e-19	3.092599797774301610e-03
1.346299849999999969e+04	9.004245176504207284e-19	3.048862806051415124e-03
1.345842534999999953e+04	8.140915676323732909e-19	3.005712050252127340e-03
1.345385546000000068e+04	7.359984874410515021e-19	2.963140286927306091e-03
1.344928881999999976e+04	6.653625098764107965e-19	2.921140259539290688e-03
1.344472542000000067e+04	6.014748727154772822e-19	2.879704793858558175e-03
1.344016527999999926e+04	5.436942179956960794e-19	2.838827064382850977e-03
1.343560836999999992e+04	4.914392374249198250e-19	2.798499873061555641e-03
1.343105470000000059e+04	4.441841325412773720e-19	2.758716458276600728e-03
1.342650425999999970e+04	4.014526849764051015e-19	2.719469957422272505e-03
1.342195706000000064e+04	3.628139839396196475e-19	2.680753755764519238e-03
1.341741308000000026e+04	3.278777244489371575e-19	2.642561057278176428e-03
1.341287233000000015e+04	2.962908637138921093e-19	2.604885394855748285e-03
1.340833479000000079e+04	2.677336626400045558e-19	2.567720125264741186e-03
1.340380047999999988e+04	2.419169933998826379e-19	2.531059006668720263e-03
1.339926936999999998e+04	2.185789180256839247e-19	2.494895463402900700e-03
1.339474148000000059e+04	1.974826616547097116e-19	2.459223393892516225e-03
1.339021680000000015e+04	1.784138196665407194e-19	2.424036526312267278e-03
1.338569532000000072e+04	1.611784011173383228e-19	2.389328661982423763e-03
1.338117704000000049e+04	1.456009268258536320e-19	2.355093749915461269e-03
1.337666194999999971e+04	1.315226022297559674e-19	2.321325732611313145e-03
1.337215005999999994e+04	1.187998281261119430e-19	2.288018770287684068e-03
1.336764135999999962e+04	1.073026407792005540e-19	2.255166941094875494e-03
1.336313585000000057e+04	9.691350428280797997e-20	2.222764464377657324e-03
1.335863351999999941e+04	8.752608149783962784e-20	2.190805554283009778e-03
1.335413436000000002e+04	7.904419606023403671e-20	2.159284493357671586e-03
1.334963839000000007e+04	7.138091439890953791e-20	2.128195837934055302e-03
1.334514559000000008e+04	6.445754485174355504e-20	2.097533929402438206e-03
1.334065596000000005e+04	5.820295752675559228e-20	2.067293313031381627e-03
1.333616949000000022e+04	5.255281685454013319e-20	2.037468530308720292e-03
1.333168619000000035e+04	4.744897171499753505e-20	2.008054318215319982e-03
1.332720605000000069e+04	4.283881813039926207e-20	1.979045342719152126e-03
1.332272905999999966e+04	3.867479635659727920e-20	1.950436333699879198e-03
1.331825523000000067e+04	3.491392522821963730e-20	1.922222209577887286e-03
1.331378455000000031e+04	3.151732974648259918e-20	1.894397821118402794e-03
1.330931701000000066e+04	2.844986815983212188e-20	1.866958081124907949e-03
1.330485261999999966e+04	2.567978674960821282e-20	1.839898084207900386e-03
1.330039135999999962e+04	2.317836449687141430e-20	1.813212801108289975e-03
1.329593325000000004e+04	2.091966333346449884e-20	1.786897500448580544e-03
1.329147825999999986e+04	1.888021472112627584e-20	1.760947211753208404e-03
1.328702641000000040e+04	1.703883155920357113e-20	1.735357315193325521e-03
1.328257768000000033e+04	1.537634941057003489e-20	1.710123014792009222e-03
1.327813207999999941e+04	1.387546112930483255e-20	1.685239742183533215e-03
1.327368959999999970e+04	1.252052020782308377e-20	1.660702870532908791e-03
1.326925022999999965e+04	1.129738918895581183e-20	1.636507829643188720e-03
1.326481398000000081e+04	1.019329943477447259e-20	1.612650212181156520e-03
1.326038083000000006e+04	9.196707069035843353e-21	1.589125502419359848e-03
1.325595080000000053e+04	8.297191475508710385e-21	1.565929450389513420e-03
1.325152385999999933e+04	7.485328447452829105e-21	1.543057595483762149e-03
1.324710002999999961e+04	6.752613737536966556e-21	1.520505789560613408e-03
1.324267929999999978e+04	6.091359850021986609e-21	1.498269779619360378e-03
1.323826166000000012e+04	5.494623138133846694e-21	1.476345365345929509e-03
1.323384711000000061e+04	4.956133264411216627e-21	1.454728447168119124e-03
1.322943564999999944e+04	4.470226777727216802e-21	1.433414974439637529e-03
1.322502727000000050e+04	4.031787688139591017e-21	1.412400897599173661e-03
1.322062197000000015e+04	3.636196759816776539e-21	1.391682264277921801e-03
1.321621975000000020e+04	3.279282440038512476e-21	1.371255169517734095e-03
1.321182061000000067e+04	2.957277659042998357e-21	1.351115755289357704e-03
1.320742453000000023e+04	2.666779524207689759e-21	1.331260120289269339e-03
1.320303153000000020e+04	2.404718031965422265e-21	1.311684591047488323e-03
1.319864158999999927e+04	2.168318851804210320e-21	1.292385360087514989e-03
1.319425470999999925e+04	1.955078375423690163e-21	1.273358755822635640e-03
1.318987089000000014e+04	1.762736277470809525e-21	1.254601151148172907e-03
1.318549013000000014e+04	1.589251974651769691e-21	1.236108962981454428e-03
1.318111240999999973e+04	1.432782673732788698e-21	1.217878569081926477e-03
1.317673775000000023e+04	1.291666317443258374e-21	1.199906557999115379e-03
1.317236613000000034e+04	1.164401341853527659e-21	1.182189395441434962e-03
1.316799755999999979e+04	1.049633332803364660e-21	1.164723712810903505e-03
1.316363201999999910e+04	9.461390784879665579e-22	1.147506063535304365e-03
1.315926951999999983e+04	8.528153369321834855e-22	1.130533162501040374e-03
1.315491006000000016e+04	7.686661924209603557e-22	1.113801725157613628e-03
1.315055362000000059e+04	6.927925514816517649e-22	1.097308432135163771e-03
1.314620021000000088e+04	6.243836112456012618e-22	1.081050119375187753e-03
1.314184982999999920e+04	5.627075445660686235e-22	1.065023623668893450e-03
1.313750245999999970e+04	5.071037608795239705e-22	1.049225748696230431e-03
1.313315812000000005e+04	4.569767284420628775e-22	1.033653483116241502e-03
1.312881677999999920e+04	4.117885670389575868e-22	1.018303674296689148e-03
1.312447846000000027e+04	3.710545329948280674e-22	1.003173386358379750e-03
1.312014314999999988e+04	3.343370075528078525e-22	9.882596144582915521e-04
1.311581084000000010e+04	3.012412276657556527e-22	9.735593925966789424e-04
1.311148152999999911e+04	2.714111684704966685e-22	9.590698263952866223e-04
1.310715522000000055e+04	2.445256761810671656e-22	9.447880575857217893e-04
1.310283191000000079e+04	2.202950657844290427e-22	9.307112636165841557e-04
1.309851159000000007e+04	1.984580013550859382e-22	9.168366253698235005e-04
1.309419426000000021e+04	1.787788330524613320e-22	9.031613918727299933e-04
1.308987990999999965e+04	1.610449898386831909e-22	8.896828156502840056e-04
1.308556854999999996e+04	1.450648448476471116e-22	8.763982462753647056e-04
1.308126016999999956e+04	1.306655107305352441e-22	8.633050050148285883e-04
1.307695476000000053e+04	1.176910910003914440e-22	8.504004481894704166e-04
1.307265233000000080e+04	1.060010670646626342e-22	8.376820254640035936e-04
1.306835287000000062e+04	9.546867785052333423e-23	8.251471595773048539e-04
1.306405637999999999e+04	8.597965528879951531e-23	8.127933356819310590e-04
1.305976284999999916e+04	7.743095288348547931e-23	8.006180426434012995e-04
1.305547227999999996e+04	6.972968741059047655e-23	7.886188301710071779e-04
1.305118468000000030e+04	6.279213457282608664e-23	7.767933064982222163e-04
1.304690001999999913e+04	5.654275537831762267e-23	7.651390010857230580e-04
1.304261832999999933e+04	5.091354047826995026e-23	7.536536381708149827e-04
1.303833957999999984e+04	4.584310400658378000e-23	7.423348099891766269e-04
1.303406377000000066e+04	4.127615328231185750e-23	7.311802206428691039e-04
1.302979090999999971e+04	3.716285785952685772e-23	7.201876291433894663e-04
1.302552099000000089e+04	3.345828442977149438e-23	7.093547717281684963e-04
1.302125401000000056e+04	3.012194467723427829e-23	6.986794396034154203e-04
1.301698996000000079e+04	2.711734127635022789e-23	6.881594278481138532e-04
1.301272883999999976e+04	2.441158990478632649e-23	6.777925851095582214e-04
1.300847064999999930e+04	2.197505540015284908e-23	6.675767877354393982e-04
1.300421538999999939e+04	1.978103183434773090e-23	6.575099394563932356e-04
1.299996305000000029e+04	1.780544956535189848e-23	6.475899479062735033e-04
1.299571362000000045e+04	1.602662116884651356e-23	6.378147487661226748e-04
1.299146711999999934e+04	1.442501707069446832e-23	6.281823729855168454e-04
1.298722351999999955e+04	1.298302247238220606e-23	6.186907640421640368e-04
1.298298284000000058e+04	1.168478433060564082e-23	6.093380044739623918e-04
1.297874507000000085e+04	1.051601020976553988e-23	6.001221350546200733e-04
1.297451019000000088e+04	9.463822401902346708e-24	5.910412016908350892e-04
1.297027822000000015e+04	8.516629596014156155e-24	5.820933615512762210e-04
1.296604915000000074e+04	7.663982744573635964e-24	5.732767319132510940e-04
1.296182296999999926e+04	6.896469884141913253e-24	5.645894555357373846e-04
1.295759968999999910e+04	6.205616585487540359e-24	5.560297405860220718e-04
1.295337930000000051e+04	5.583786301549180698e-24	5.475957781255157402e-04
1.294916179000000011e+04	5.024101194129501163e-24	5.392857837820727975e-04
1.294494715999999971e+04	4.520368088940379908e-24	5.310980167261974971e-04
1.294073542000000089e+04	4.067010162703153151e-24	5.230307780058419996e-04
1.293652655000000050e+04	3.659001816846046877e-24	5.150823339329351630e-04
1.293232056000000011e+04	3.291820192569330554e-24	5.072510307352423803e-04
1.292811743999999999e+04	2.961390512778929739e-24	4.995351991786547508e-04
1.292391718000000037e+04	2.664043645538686211e-24	4.919331928493305339e-04
1.291971980000000076e+04	2.396477639924629358e-24	4.844434410118759809e-04
1.291552527000000009e+04	2.155716178618608038e-24	4.770643048293019082e-04
1.291133360999999968e+04	1.939082320733956669e-24	4.697942555504875045e-04
1.290714480000000003e+04	1.744163728929130096e-24	4.626317152774298653e-04
1.290295885000000089e+04	1.568789936991641137e-24	4.555751787467015776e-04
1.289877575000000070e+04	1.411006001191211048e-24	4.486231269613926158e-04
1.289459549999999945e+04	1.269052357763352139e-24	4.417740781180089986e-04
1.289041808999999921e+04	1.141344668320988370e-24	4.350265541070287936e-04
1.288624352999999974e+04	1.026457292839471765e-24	4.283791288413805434e-04
1.288207179999999971e+04	9.231061012332959402e-25	4.218303478175661897e-04
1.287790291000000070e+04	8.301359578449390366e-25	4.153788234196977079e-04
1.287373686000000089e+04	7.465068364368659823e-25	4.090231707690112403e-04
1.286957363000000078e+04	6.712822759105354317e-25	4.027619936691560873e-04
1.286541323999999986e+04	6.036201260702306965e-25	3.965939748203222174e-04
1.286125567000000046e+04	5.427617717996366372e-25	3.905177552684272282e-04
1.285710092000000077e+04	4.880247975477574749e-25	3.845320241942647393e-04
1.285294899000000078e+04	4.387950473178167521e-25	3.786354884011128427e-04
1.284879988000000048e+04	3.945198167136442153e-25	3.728268720986609034e-04
1.284465358000000015e+04	3.547016308312443988e-25	3.671049029878499536e-04
1.284051008999999976e+04	3.188929324912009204e-25	3.614683400382182749e-04
1.283636940999999933e+04	2.866909865094265832e-25	3.559159589749486549e-04
1.283223154000000068e+04	2.577334036170981886e-25	3.504465520720915724e-04
1.282809646000000066e+04	2.316939906121153654e-25	3.450589020767857486e-04
1.282396419000000060e+04	2.082795035108796244e-25	3.397518603600801156e-04
1.281983472000000074e+04	1.872259220678829476e-25	3.345242550402290592e-04
1.281570802999999978e+04	1.682956796236017922e-25	3.293749183103707331e-04
1.281158414000000084e+04	1.512752271636707616e-25	3.243027481597250900e-04
1.280746304000000055e+04	1.359723157413789059e-25	3.193066203797589528e-04
1.280334471999999914e+04	1.222140071211007791e-25	3.143854266002880059e-04
1.279922919000000002e+04	1.098447952671401108e-25	3.095380974627482025e-04
1.279511643000000004e+04	9.872470765120500569e-26	3.047635431042761741e-04
1.279100645000000077e+04	8.872792027887954169e-26	3.000607236382368402e-04
1.278689925000000039e+04	7.974122602115439372e-26	2.954286016903750187e-04
1.278279480999999942e+04	7.166276118515003897e-26	2.908661320102750290e-04
1.277869314999999915e+04	6.440098389100169242e-26	2.863723281413906485e-04
1.277459425000000010e+04	5.787348880952517538e-26	2.819461733066665849e-04
1.277049811000000045e+04	5.200619847310955835e-26	2.775866867609495629e-04
1.276640473999999995e+04	4.673250253574091084e-26	2.732929116390465994e-04
1.276231411999999909e+04	4.199245942234321085e-26	2.690638729806410587e-04
1.275822624999999971e+04	3.773219015996233126e-26	2.648986303805980465e-04
1.275414113999999972e+04	3.390325125453014749e-26	2.607962663513705261e-04
1.275005877999999939e+04	3.046206110447621632e-26	2.567558559623026688e-04
1.274597916000000077e+04	2.736943278506633775e-26	2.527764874835832518e-04
1.274190228999999999e+04	2.459014470020109344e-26	2.488572812921606859e-04
1.273782814999999937e+04	2.209250716901041077e-26	2.449973412857502563e-04
1.273375676000000021e+04	1.984805121270294605e-26	2.411958216716498116e-04
1.272968809999999939e+04	1.783115779341230994e-26	2.374518510085090101e-04
1.272562217000000055e+04	1.601880460821822281e-26	2.337645887535922317e-04
1.272155897000000004e+04	1.439029309505419880e-26	2.301332060243599939e-04
1.271749849999999969e+04	1.292701446935300870e-26	2.265568854486419423e-04
1.271344074999999975e+04	1.161223618379159523e-26	2.230348123999293850e-04
1.270938572999999997e+04	1.043092243286628592e-26	2.195662009508429118e-04
1.270533342000000084e+04	9.369548338225065838e-27	2.161502506367664908e-04
1.270128383000000031e+04	8.415964223481885757e-27	2.127861976334858218e-04
1.269723695000000043e+04	7.559243910770641067e-27	2.094732721500231984e-04
1.269319278999999915e+04	6.789570311060598885e-27	2.062107315216714636e-04
1.268915133000000060e+04	6.098113849959958978e-27	2.029978194309659608e-04
1.268511256999999932e+04	5.476942190641500003e-27	1.998338063958668388e-04
1.268107652000000053e+04	4.918926980283561711e-27	1.967179808058802594e-04
1.267704317000000083e+04	4.417658624025817637e-27	1.936496255753646512e-04
1.267301251000000047e+04	3.967376855873419142e-27	1.906280340126576044e-04
1.266898454999999922e+04	3.562906977108701330e-27	1.876525243404602228e-04
1.266495927999999913e+04	3.199596436625665628e-27	1.847224095779689639e-04
1.266093670000000020e+04	2.873265122124004236e-27	1.818370198459972286e-04
1.265691681000000062e+04	2.580156545645429567e-27	1.789956946901597704e-04
1.265289960000000065e+04	2.316894389326242919e-27	1.761977760435960369e-04
1.264888507000000027e+04	2.080445423094244149e-27	1.734426222355402441e-04
1.264487321999999949e+04	1.868084029741612018e-27	1.707296006448892655e-04
1.264086404000000039e+04	1.677360628094523536e-27	1.680580809666201367e-04
1.263685754000000088e+04	1.506075132502691791e-27	1.654274551312887769e-04
1.263285370999999941e+04	1.352249881437384823e-27	1.628371105315307187e-04
1.262885253999999986e+04	1.214108089437769206e-27	1.602864435183645210e-04
1.262485404000000017e+04	1.090054064963845433e-27	1.577748717441678839e-04
1.262085820000000058e+04	9.786535479409492951e-28	1.553018085483969868e-04
1.261686503000000084e+04	8.786185335836799633e-28	1.528666879751819602e-04
1.261287449999999990e+04	7.887909583908361583e-28	1.504689279761074793e-04
1.260888664000000063e+04	7.081318033848152520e-28	1.481079908343237649e-04
1.260490142000000014e+04	6.357064481803829741e-28	1.457833109456493795e-04
1.260091885000000002e+04	5.706760849112158025e-28	1.434943543559450102e-04
1.259693893000000025e+04	5.122870177414001703e-28	1.412405888359529751e-04
1.259296166000000085e+04	4.598622172239943309e-28	1.390214897429102570e-04
1.258898702000000048e+04	4.127933137278676653e-28	1.368365290060572371e-04
1.258501502000000073e+04	3.705342213811417123e-28	1.346852027114003479e-04
1.258104565999999977e+04	3.325943136278371266e-28	1.325670086031226561e-04
1.257707892999999967e+04	2.985328334323276891e-28	1.304814463882823219e-04
1.257311483000000044e+04	2.679540057134489127e-28	1.284280283088110627e-04
1.256915336000000025e+04	2.405023655799826192e-28	1.264062735898837081e-04
1.256519451999999910e+04	2.158586610718318831e-28	1.244157083459923835e-04
1.256123830000000089e+04	1.937361184763363813e-28	1.224558605711330371e-04
1.255728470000000016e+04	1.738772562305513771e-28	1.205262700993856381e-04
1.255333371000000079e+04	1.560507972432955483e-28	1.186264786003093393e-04
1.254938534000000072e+04	1.400491355725745864e-28	1.167560439488774877e-04
1.254543958999999995e+04	1.256857903047135749e-28	1.149145255337694473e-04
1.254149644000000080e+04	1.127932410040742396e-28	1.131014799598721528e-04
1.253755589999999938e+04	1.012211617031013848e-28	1.113164841191228446e-04
1.253361795999999958e+04	9.083450718049088435e-29	1.095591119389879040e-04
1.252968262999999934e+04	8.151206862450786834e-29	1.078289524203423117e-04
1.252574990000000071e+04	7.314496363265311497e-29	1.061255917019106852e-04
1.252181976000000031e+04	6.563543432569729501e-29	1.044486220965533212e-04
1.251789221999999972e+04	5.889574479129474536e-29	1.027976503457843311e-04
1.251396726999999919e+04	5.284708672310956166e-29	1.011722804703558970e-04
1.251004491000000053e+04	4.741872149340578861e-29	9.957212645912099475e-05
1.250612513000000035e+04	4.254712738879615509e-29	9.799680390378986527e-05
1.250220794000000024e+04	3.817530002126384222e-29	9.644594200776081998e-05
