Wavenumber	Minor Gaussian	Major Gaussian
1.999839949999999953e+04	4.987280764991107331e-11	3.955030309099532107e-04
1.998799624000000040e+04	5.939801754213357455e-11	4.122868179623379883e-04
1.997760411999999997e+04	7.068287987516900107e-11	4.297096260861978209e-04
1.996722313999999824e+04	8.404107317661698753e-11	4.477925784973378403e-04
1.995685327999999936e+04	9.984011415557787672e-11	4.665574041665206031e-04
1.994649451000000045e+04	1.185102188638648799e-10	4.860264363051586397e-04
1.993614682000000175e+04	1.405545025543555050e-10	5.062225674142081409e-04
1.992581019999999990e+04	1.665608516351541727e-10	5.271692943133328944e-04
1.991548461999999927e+04	1.972156738571727292e-10	5.488907718844876537e-04
1.990517007000000012e+04	2.333195977458618002e-10	5.714117431161889939e-04
1.989486652999999933e+04	2.758057688917735844e-10	5.947576114227339601e-04
1.988457398000000103e+04	3.257608164842665571e-10	6.189544319702671837e-04
1.987429239999999845e+04	3.844490121312838248e-10	6.440289229081272481e-04
1.986402178999999887e+04	4.533399060914280590e-10	6.700084250948606110e-04
1.985376210999999967e+04	5.341406311500268196e-10	6.969210640906340357e-04
1.984351335000000108e+04	6.288320942439150593e-10	7.247955865890210380e-04
1.983327549999999974e+04	7.397111323354605947e-10	7.536614431797728072e-04
1.982304853000000003e+04	8.694389056103807416e-10	7.835488587460155002e-04
1.981283242999999857e+04	1.021095571151735714e-09	8.144887307908431351e-04
1.980262718999999925e+04	1.198243459977798986e-09	8.465126936813832789e-04
1.979243277999999918e+04	1.404999510909012656e-09	8.796531955850401228e-04
1.978224918999999863e+04	1.646116808435413674e-09	9.139433839202872317e-04
1.977207640000000174e+04	1.927078923011438779e-09	9.494172109820941344e-04
1.976191439000000173e+04	2.254206670659101718e-09	9.861094140369464252e-04
1.975176314999999886e+04	2.634779459888882293e-09	1.024055488139383142e-03
1.974162266000000091e+04	3.077174418887684312e-09	1.063291768961048761e-03
1.973149290000000110e+04	3.591023579877366852e-09	1.103855409185432439e-03
1.972137385999999969e+04	4.187392048392682795e-09	1.145784346920094383e-03
1.971126551000000109e+04	4.878982591315919241e-09	1.189117439670186929e-03
1.970116785000000164e+04	5.680362400531666985e-09	1.233894263721722548e-03
1.969108084999999846e+04	6.608227692244498641e-09	1.280155381472430735e-03
1.968100449999999910e+04	7.681694763596098105e-09	1.327942133257016674e-03
1.967093878000000041e+04	8.922635746142005224e-09	1.377296780930323955e-03
1.966088366999999926e+04	1.035605445267779230e-08	1.428262473983162853e-03
1.965083915999999954e+04	1.201050967225388240e-08	1.480883205829937191e-03
1.964080523000000176e+04	1.391859725679051946e-08	1.535203924353739126e-03
1.963078186999999889e+04	1.611748671267372646e-08	1.591270435986546659e-03
1.962076904999999897e+04	1.864953557076868034e-08	1.649129581463830256e-03
1.961076675999999861e+04	2.156296439158892758e-08	1.708829020689139238e-03
1.960077497999999832e+04	2.491263196618069878e-08	1.770417409859852478e-03
1.959079371000000174e+04	2.876088796113021983e-08	1.833944225357278524e-03
1.958082290999999896e+04	3.317856336271278112e-08	1.899460151399642339e-03
1.957086258000000089e+04	3.824602436506196052e-08	1.967016578347376317e-03
1.956091269000000102e+04	4.405441715335051335e-08	2.036666064978672960e-03
1.955097323999999935e+04	5.070699628626857933e-08	2.108461938217037323e-03
1.954104420000000027e+04	5.832067963016732362e-08	2.182458719911150192e-03
1.953112556000000041e+04	6.702771443835666743e-08	2.258711777555386015e-03
1.952121730000000025e+04	7.697759253813822122e-08	2.337277548242514338e-03
1.951131941000000006e+04	8.833914475156698789e-08	2.418213390417239990e-03
1.950143187000000034e+04	1.013029142816757075e-07	2.501577747763396829e-03
1.949155466000000160e+04	1.160837687591957377e-07	2.587430078691339407e-03
1.948168777000000046e+04	1.329237962928619930e-07	2.675830770196591536e-03
1.947183118000000104e+04	1.520955727588483704e-07	2.766841315869453775e-03
1.946198487999999998e+04	1.739057212389011853e-07	2.860524140317027668e-03
1.945214884000000166e+04	1.986989647822100979e-07	2.956942886675425521e-03
1.944232305999999880e+04	2.268624268895806499e-07	3.056161936585987532e-03
1.943250750999999946e+04	2.588306772372715207e-07	3.158247001011549229e-03
1.942270218999999997e+04	2.950909718743252017e-07	3.263264516066856011e-03
1.941290707000000111e+04	3.361894350789444335e-07	3.371282268791493588e-03
1.940312213999999949e+04	3.827374961811696211e-07	3.482368870464610123e-03
1.939334737999999925e+04	4.354192996941918495e-07	3.596594080261689488e-03
1.938358279000000039e+04	4.949995878831146544e-07	3.714028456144054680e-03
1.937382833000000028e+04	5.623329214928740607e-07	3.834744072646500534e-03
1.936408399999999892e+04	6.383729452335888241e-07	3.958813557777048769e-03
1.935434977000000072e+04	7.241835828251594204e-07	4.086310949482692238e-03
1.934462565000000177e+04	8.209502458619550121e-07	4.217310792720391222e-03
1.933491159999999945e+04	9.299935970348807671e-07	4.351889325103127856e-03
1.932520761000000130e+04	1.052783008528307460e-06	4.490123414900020968e-03
1.931551367000000027e+04	1.190952359701451265e-06	4.632090944245999264e-03
1.930582977000000028e+04	1.346317062319934493e-06	4.777870804334934628e-03
1.929615587999999843e+04	1.520893068452443675e-06	4.927543203678180599e-03
1.928649198999999862e+04	1.716916605616449632e-06	5.081189060617953210e-03
1.927683809000000110e+04	1.936866683325009073e-06	5.238890285550818621e-03
1.926719414999999935e+04	2.183489899471135637e-06	5.400730113792001283e-03
1.925756017000000065e+04	2.459825704242935618e-06	5.566792270269137026e-03
1.924793612999999823e+04	2.769236441007343399e-06	5.737161789263213116e-03
1.923832200999999986e+04	3.115438315993102540e-06	5.911924683813878610e-03
1.922871779999999853e+04	3.502535118725145800e-06	6.091167747696881601e-03
1.921912349000000177e+04	3.935055548399807098e-06	6.274978714899633915e-03
1.920953904999999941e+04	4.417994500017380953e-06	6.463446646730298083e-03
1.919996446999999898e+04	4.956854926651455688e-06	6.656661154281279073e-03
1.919039975000000049e+04	5.557695212122817401e-06	6.854712544386072463e-03
1.918084485000000132e+04	6.227183664726527578e-06	7.057692854880322740e-03
1.917129977000000144e+04	6.972648887619103101e-06	7.265694184527940296e-03
1.916176449000000139e+04	7.802143494534833363e-06	7.478809926582495951e-03
1.915223900000000140e+04	8.724506584682827377e-06	7.697134113382154801e-03
1.914272327999999834e+04	9.749435229429703189e-06	7.920761847720312471e-03
1.913321731999999975e+04	1.088755768802049353e-05	8.149788827815309181e-03
1.912372109999999884e+04	1.215051651834380639e-05	8.384311800220485555e-03
1.911423460999999952e+04	1.355105325565697919e-05	8.624428059844802680e-03
1.910475782999999865e+04	1.510310470303815808e-05	8.870235925282082476e-03
1.909529074000000037e+04	1.682190241057959489e-05	9.121834481950493942e-03
1.908583334000000104e+04	1.872407641191408079e-05	9.379323011334783980e-03
1.907638560000000143e+04	2.082778042668897726e-05	9.642802314945027320e-03
1.906694752000000153e+04	2.315280358558171453e-05	9.912373058561742625e-03
1.905751907999999821e+04	2.572071354134152957e-05	1.018813712746217265e-02
1.904810024999999951e+04	2.855499760661204248e-05	1.047019736873918035e-02
1.903869104000000152e+04	3.168119841080145745e-05	1.075865605286561999e-02
1.902929142000000138e+04	3.512709944854481501e-05	1.105361724454385734e-02
1.901990137999999934e+04	3.892287883160573236e-05	1.135518497309159595e-02
1.901052089999999953e+04	4.310130287398883462e-05	1.166346412978452179e-02
1.900114996999999858e+04	4.769791306162646320e-05	1.197855979826946936e-02
1.899178858000000037e+04	5.275123674033674955e-05	1.230057753620649938e-02
1.898243671000000177e+04	5.830301336293663950e-05	1.262962370180365640e-02
1.897309433999999965e+04	6.439842414099688985e-05	1.296580510017111831e-02
1.896376147000000128e+04	7.108632497292446896e-05	1.330922820964805520e-02
1.895443807000000015e+04	7.841954289438157245e-05	1.366000097032521107e-02
1.894512413000000015e+04	8.645511934181522324e-05	1.401823093294171999e-02
1.893581965000000127e+04	9.525460559956704185e-05	1.438402554003266609e-02
1.892652459000000090e+04	1.048844214697675412e-04	1.475749407934026820e-02
1.891723895999999877e+04	1.154160942231975163e-04	1.513874408985053759e-02
1.890796272999999928e+04	1.269266936238753476e-04	1.552788492189520475e-02
1.889869589999999880e+04	1.394991165001884708e-04	1.592502484901606175e-02
1.888943844000000172e+04	1.532225420650672892e-04	1.633027354943003551e-02
1.888019034000000102e+04	1.681927667462494507e-04	1.674373994924806958e-02
1.887095159000000058e+04	1.845126467254068275e-04	1.716553301441281140e-02
1.886172218000000066e+04	2.022925368033249834e-04	1.759576171190962990e-02
1.885250207999999839e+04	2.216507935788950012e-04	1.803453593190978282e-02
1.884329130000000077e+04	2.427141320681670247e-04	1.848196360258877805e-02
1.883408980000000156e+04	2.656183219684472006e-04	1.893815495793477882e-02
1.882489758000000074e+04	2.905085104589543257e-04	1.940321814960115424e-02
1.881571462999999858e+04	3.175398771250761672e-04	1.987726160887766727e-02
1.880654091999999946e+04	3.468782462671383092e-04	2.036039458703617355e-02
1.879737644999999975e+04	3.787005245007066365e-04	2.085272450568394914e-02
1.878822120999999970e+04	4.131954285423796868e-04	2.135435896734098199e-02
1.877907517000000007e+04	4.505641772197207552e-04	2.186540632841736664e-02
1.876993832000000111e+04	4.910210003876598617e-04	2.238597346359687268e-02
1.876081065999999919e+04	5.347938362131503601e-04	2.291616619765544233e-02
1.875169215999999869e+04	5.821252294753538267e-04	2.345609159395837390e-02
1.874258281999999963e+04	6.332727691450199632e-04	2.400585442291429741e-02
1.873348260999999911e+04	6.885101489965176312e-04	2.456556066882042977e-02
1.872439153000000078e+04	7.481275992112983251e-04	2.513531386144052943e-02
1.871530956000000151e+04	8.124329686387151122e-04	2.571521807500764395e-02
1.870623669000000154e+04	8.817523498172446942e-04	2.630537602910006448e-02
1.869717291000000114e+04	9.564309654793722070e-04	2.690588964907026856e-02
1.868811819000000105e+04	1.036834199263728497e-03	2.751686137863621276e-02
1.867907253000000128e+04	1.123348034013621054e-03	2.813839078782225459e-02
1.867003591999999844e+04	1.216380254853221404e-03	2.877057716094500936e-02
1.866100833000000057e+04	1.316361494195642141e-03	2.941352022695149782e-02
1.865198976000000039e+04	1.423745608524030343e-03	3.006731658014736089e-02
1.864298020000000179e+04	1.539011002205343181e-03	3.073206241501981115e-02
1.863397961999999825e+04	1.662661742624846556e-03	3.140785429654164435e-02
1.862498802000000069e+04	1.795227838176754066e-03	3.209478538790982299e-02
1.861600537999999869e+04	1.937266848022942654e-03	3.279294912113234206e-02
1.860703168999999980e+04	2.089364413854553296e-03	3.350243688642606105e-02
1.859806694000000061e+04	2.252135341370004040e-03	3.422333872456972959e-02
1.858911111000000164e+04	2.426224748816644804e-03	3.495574409947237865e-02
1.858016417999999976e+04	2.612308865234684932e-03	3.569974107662982066e-02
1.857122615999999834e+04	2.811095285287017534e-03	3.645541371471208020e-02
1.856229702000000179e+04	3.023325387858492169e-03	3.722284786894329567e-02
1.855337673999999970e+04	3.249774252327578949e-03	3.800212701659554798e-02
1.854446532999999908e+04	3.491250925431741651e-03	3.879333034535999147e-02
1.853556275000000096e+04	3.748601415543755498e-03	3.959653976129389602e-02
1.852666901000000144e+04	4.022706833534215633e-03	4.041183095781309548e-02
1.851778408000000127e+04	4.314486779135611252e-03	4.123928144823440362e-02
1.850890796000000046e+04	4.624898022015025770e-03	4.207896413282972287e-02
1.850004061999999976e+04	4.954937236178998637e-03	4.293095283549634711e-02
1.849118206999999893e+04	5.305639208938920000e-03	4.379531559275693514e-02
1.848233227999999872e+04	5.678080492243718289e-03	4.467212228908239158e-02
1.847349123999999938e+04	6.073377768883520683e-03	4.556143882597459699e-02
1.846465894000000117e+04	6.492689137313523672e-03	4.646332897747629254e-02
1.845583536000000095e+04	6.937215133855326177e-03	4.737785538332857371e-02
1.844702049999999872e+04	7.408197677322183629e-03	4.830507639675686582e-02
1.843821433999999863e+04	7.906922456443045075e-03	4.924505018015980229e-02
1.842941686000000118e+04	8.434718317388496464e-03	5.019783262905306437e-02
1.842062805999999910e+04	8.992956186816501371e-03	5.116347511014786298e-02
1.841184792000000016e+04	9.583051603954688760e-03	5.214202874441688229e-02
1.840307643000000098e+04	1.020646294441913612e-02	5.313354110159435734e-02
1.839431356999999844e+04	1.086469271715615435e-02	5.413805838141717147e-02
1.838555933999999979e+04	1.155928517577837350e-02	5.515562193496222759e-02
1.837681371999999828e+04	1.229182906225170097e-02	5.618627280291990655e-02
1.836807669000000169e+04	1.306395586683917719e-02	5.723004942479622409e-02
1.835934824999999910e+04	1.387733744149073113e-02	5.828698515540674946e-02
1.835062839000000167e+04	1.473368791717668755e-02	5.935711176276984441e-02
1.834191707999999926e+04	1.563476427005721509e-02	6.044046071652987157e-02
1.833321431999999913e+04	1.658236042085267994e-02	6.153705696705542849e-02
1.832452009000000180e+04	1.757831127781020464e-02	6.264692507934194188e-02
1.831583438999999998e+04	1.862448722909784346e-02	6.377008414992102470e-02
1.830715720000000147e+04	1.972279743912385558e-02	6.490655287125955686e-02
1.829848849999999948e+04	2.087518631013728782e-02	6.605634698746296052e-02
1.828982829000000129e+04	2.208362905727759978e-02	6.721947655150338485e-02
1.828117655000000013e+04	2.335013528677290853e-02	6.839595119131304524e-02
1.827253326999999990e+04	2.467674307708280987e-02	6.958577608374176549e-02
1.826389843000000110e+04	2.606551985908927768e-02	7.078895463666813603e-02
1.825527203999999983e+04	2.751855368405496660e-02	7.200548286177153867e-02
1.824665406000000075e+04	2.903796408628105813e-02	7.323536057013550760e-02
1.823804449999999997e+04	3.062588268087273330e-02	7.447857723492216919e-02
1.822944332999999824e+04	3.228446612903067975e-02	7.573512475943131039e-02
1.822085054999999920e+04	3.401588053956615398e-02	7.700498737846551978e-02
1.821226613999999972e+04	3.582230785409015739e-02	7.828814888882980327e-02
1.820369009000000005e+04	3.770593679936923986e-02	7.958458822742742189e-02
1.819512240000000020e+04	3.966895904294041181e-02	8.089427935694143423e-02
1.818656304000000091e+04	4.171357489695257104e-02	8.221719736881913376e-02
1.817801199999999881e+04	4.384197839752516229e-02	8.355331085503313326e-02
1.816946928000000116e+04	4.605635508259393884e-02	8.490258330039468504e-02
1.816093485000000146e+04	4.835888842921737263e-02	8.626497939221396127e-02
1.815240871999999945e+04	5.075173725685861587e-02	8.764045389810548592e-02
1.814389085999999952e+04	5.323705298933378849e-02	8.902896441414481776e-02
1.813538127000000168e+04	5.581695580251795630e-02	9.043046009303587485e-02
1.812687992999999915e+04	5.849354433190604580e-02	9.184488973234128384e-02
1.811838682999999946e+04	6.126888212242146553e-02	9.327219685684523531e-02
1.810990194999999949e+04	6.414499907266929535e-02	9.471232302838906991e-02
1.810142529999999897e+04	6.712387276958066418e-02	9.616520102380966828e-02
1.809295684999999867e+04	7.020744743573383018e-02	9.763076674282986089e-02
1.808449658999999883e+04	7.339760828506092238e-02	9.910894899397326707e-02
1.807604450999999972e+04	7.669618289827387358e-02	1.005996728602889662e-01
1.806760060000000158e+04	8.010493586258478349e-02	1.021028596886163764e-01
1.805916485000000102e+04	8.362556334308879347e-02	1.036184270802567725e-01
1.805073723999999856e+04	8.725969197937881450e-02	1.051462907041262468e-01
1.804231777000000147e+04	9.100886049172178527e-02	1.066863588594963580e-01
1.803390641999999934e+04	9.487453137076337639e-02	1.082385397224681356e-01
1.802550316999999995e+04	9.885807710407233662e-02	1.098027377647082664e-01
1.801710802999999942e+04	1.029607597214909770e-01	1.113788480942799614e-01
1.800872096999999849e+04	1.071837587618862386e-01	1.129667695248252474e-01
1.800034199000000081e+04	1.115281318680611256e-01	1.145663914744783629e-01
1.799197106999999960e+04	1.159948340728852584e-01	1.161776033944820069e-01
1.798360820999999851e+04	1.205846915819215187e-01	1.178002871368178245e-01
1.797525337999999829e+04	1.252984234313910539e-01	1.194343266217878508e-01
1.796690657999999894e+04	1.301366032328919453e-01	1.210795962024931727e-01
1.795856780000000072e+04	1.350996757444355434e-01	1.227359684190251765e-01
1.795023702000000048e+04	1.401879525296061968e-01	1.244033140845724611e-01
1.794191423999999824e+04	1.454015887280190045e-01	1.260814962996759658e-01
1.793359944000000178e+04	1.507406026480047068e-01	1.277703784704045109e-01
1.792529261000000042e+04	1.562048526876787802e-01	1.294698183106076372e-01
1.791699374000000171e+04	1.617940388645680294e-01	1.311796698516153048e-01
1.790870281999999861e+04	1.675076985099415161e-01	1.328997834595623539e-01
1.790041982999999891e+04	1.733452092988488902e-01	1.346300079501528413e-01
1.789214476999999897e+04	1.793057643144654045e-01	1.363701843491147703e-01
1.788387762999999904e+04	1.853883891733966172e-01	1.381201521455720505e-01
1.787561837999999989e+04	1.915919470158514437e-01	1.398797515223680066e-01
1.786736703000000125e+04	1.979150904871609107e-01	1.416488106111531975e-01
1.785912356000000000e+04	2.043563111152062184e-01	1.434271603976923493e-01
1.785088795000000027e+04	2.109139149377535216e-01	1.452146284182547764e-01
1.784266020999999819e+04	2.175859957339316975e-01	1.470110322177695106e-01
1.783444029999999839e+04	2.243704975746776686e-01	1.488161968081908870e-01
1.782622824000000037e+04	2.312651237248107561e-01	1.506299306525898385e-01
1.781802400000000125e+04	2.382674258748600504e-01	1.524520498234750443e-01
1.780982757000000129e+04	2.453747455974307490e-01	1.542823626711489482e-01
1.780163894000000073e+04	2.525842302475469481e-01	1.561206742398043856e-01
1.779345809999999983e+04	2.598928328780787389e-01	1.579667863055413402e-01
1.778528503999999884e+04	2.672973125422313800e-01	1.598204974158001224e-01
1.777711975000000166e+04	2.747942349903296777e-01	1.616816029301964275e-01
1.776896222000000125e+04	2.823799737671865429e-01	1.635498950627480852e-01
1.776081244000000152e+04	2.900507117152642533e-01	1.654251629254669675e-01
1.775267037999999957e+04	2.978024620343489026e-01	1.673071972066379753e-01
1.774453605999999854e+04	3.056310038981977506e-01	1.691957740308354108e-01
1.773640943999999945e+04	3.135319901669483267e-01	1.710906804579223339e-01
1.772829052999999840e+04	3.215008449508003352e-01	1.729916890190881795e-01
1.772017930999999953e+04	3.295328444583330296e-01	1.748985763703543583e-01
1.771207575999999972e+04	3.376230922075927343e-01	1.768111163914242723e-01
1.770397988999999870e+04	3.457664930818257765e-01	1.787290731153816092e-01
1.769589168000000063e+04	3.539578180471030788e-01	1.806522149437641833e-01
1.768781110999999873e+04	3.621916797212851313e-01	1.825803076602369734e-01
1.767973818000000028e+04	3.704625173742396860e-01	1.845131096878108168e-01
1.767167287999999826e+04	3.787646333527480147e-01	1.864503792841768481e-01
1.766361519000000044e+04	3.870921997197117048e-01	1.883918746400117250e-01
1.765556510999999955e+04	3.954392340077814150e-01	1.903373467133650798e-01
1.764752261999999973e+04	4.037996476552959124e-01	1.922865489277119644e-01
1.763948771000000124e+04	4.121672224324010037e-01	1.942392300010904183e-01
1.763146038000000044e+04	4.205356181283824712e-01	1.961951339751301371e-01
1.762344060000000172e+04	4.288984223860804468e-01	1.981540100315007102e-01
1.761542838000000120e+04	4.372490861543377183e-01	2.001155954859757391e-01
1.760742369999999937e+04	4.455810053953780936e-01	2.020796329370282418e-01
1.759942655000000013e+04	4.538874883654091530e-01	2.040458605679718318e-01
1.759143691000000035e+04	4.621617856358983811e-01	2.060140171198414083e-01
1.758345478999999978e+04	4.703970581916161464e-01	2.079838321015653746e-01
1.757548015999999916e+04	4.785864595370584729e-01	2.099550431138924589e-01
1.756751301999999851e+04	4.867230732936196347e-01	2.119273786561558515e-01
1.755955336000000170e+04	4.947999646076884916e-01	2.139005680643323026e-01
1.755160115999999834e+04	5.028101900920182166e-01	2.158743416005600990e-01
1.754365641999999934e+04	5.107467779326806401e-01	2.178484230802419652e-01
1.753571912000000157e+04	5.186027786524858296e-01	2.198225398725319746e-01
1.752778926000000138e+04	5.263712357537446707e-01	2.217964130358186237e-01
1.751986681999999928e+04	5.340452359335481347e-01	2.237697673398413301e-01
1.751195179999999891e+04	5.416178806059358530e-01	2.257423213848115950e-01
1.750404418000000078e+04	5.490823353310277932e-01	2.277137976394871810e-01
1.749614395000000150e+04	5.564318114949756700e-01	2.296839150433283017e-01
1.748825111000000106e+04	5.636595776375442624e-01	2.316523890790948559e-01
1.748036563999999998e+04	5.707589976252075425e-01	2.336189393324511754e-01
1.747248752999999851e+04	5.777235133288793900e-01	2.355832820873195732e-01
1.746461677000000054e+04	5.845466644239636356e-01	2.375451328972139897e-01
1.745675335999999879e+04	5.912220902934938183e-01	2.395042041727906967e-01
1.744889727000000130e+04	5.977435739548491167e-01	2.414602152247314060e-01
1.744104851000000053e+04	6.041049930816411173e-01	2.434128749070026965e-01
1.743320706000000064e+04	6.103003883552310382e-01	2.453618991283639528e-01
1.742537290999999823e+04	6.163239396188634478e-01	2.473070009704711469e-01
1.741754605000000083e+04	6.221699835889846764e-01	2.492478932580289852e-01
1.740972646000000168e+04	6.278330300333179181e-01	2.511842911129583689e-01
1.740191415000000052e+04	6.333077417969639189e-01	2.531159021321943148e-01
1.739410910000000149e+04	6.385889867313088164e-01	2.550424413261857537e-01
1.738631130000000121e+04	6.436718166331438784e-01	2.569636212895900496e-01
1.737852073999999993e+04	6.485514824044621429e-01	2.588791547593586317e-01
1.737073741000000155e+04	6.532234414978682624e-01	2.607887546946895396e-01
1.736296129999999903e+04	6.576833649881915766e-01	2.626921343569384448e-01
1.735519239999999991e+04	6.619271442549919948e-01	2.645890073894412997e-01
1.734743070000000080e+04	6.659508972617612654e-01	2.664790878972372878e-01
1.733967618999999831e+04	6.697509744186013192e-01	2.683620905266370649e-01
1.733192885000000024e+04	6.733239684823596471e-01	2.702377329618717572e-01
1.732418868999999904e+04	6.766667013917888607e-01	2.721057263274110904e-01
1.731645568999999887e+04	6.797762564911492555e-01	2.739657897935509068e-01
1.730872983999999997e+04	6.826499638761334143e-01	2.758176409633167347e-01
1.730101111999999921e+04	6.852854120338357502e-01	2.776610007591586160e-01
1.729329953999999998e+04	6.876804376414523690e-01	2.794955839570067435e-01
1.728559507999999914e+04	6.898331487322886257e-01	2.813211135934786111e-01
1.727789773000000059e+04	6.917419129240862663e-01	2.831373114811945313e-01
1.727020748000000094e+04	6.934053626993160746e-01	2.849439006781881445e-01
1.726252432000000044e+04	6.948223966344072577e-01	2.867406055642172102e-01
1.725484823999999935e+04	6.959921801454973522e-01	2.885271519165777399e-01
1.724717923000000155e+04	6.969141457519452132e-01	2.903032669853866099e-01
1.723951728000000003e+04	6.975879928600648983e-01	2.920686795683072878e-01
1.723186238999999841e+04	6.980136866764385939e-01	2.938231177989911735e-01
1.722421453000000110e+04	6.981914589449510489e-01	2.955663183761131352e-01
1.721657371000000057e+04	6.981218032336005130e-01	2.972980106244075826e-01
1.720893991000000096e+04	6.978054752824223161e-01	2.990179325535031185e-01
1.720131312999999864e+04	6.972434901100857951e-01	3.007258195667127376e-01
1.719369335000000137e+04	6.964371173776026103e-01	3.024214135430416950e-01
1.718608055999999851e+04	6.953878793844144868e-01	3.041044561541920710e-01
1.717847475000000122e+04	6.940975469863122083e-01	3.057746911935221856e-01
1.717087591999999859e+04	6.925681375286648622e-01	3.074318624713350823e-01
1.716328406000000177e+04	6.908019068123681938e-01	3.090757182758065436e-01
1.715569915000000037e+04	6.888013425047575522e-01	3.107060113628957732e-01
1.714812117999999828e+04	6.865691634228631157e-01	3.123224946901790866e-01
1.714055015999999887e+04	6.841083187519603204e-01	3.139249194540187360e-01
1.713298605999999927e+04	6.814219627684482417e-01	3.155130478706799635e-01
1.712542886999999973e+04	6.785134664482108668e-01	3.170866404557103890e-01
1.711787859000000026e+04	6.753864094847898958e-01	3.186454583129685325e-01
1.711033522000000085e+04	6.720445701796294857e-01	3.201892653239964970e-01
1.710279872999999861e+04	6.684919035973780899e-01	3.217178342682287528e-01
1.709526912000000084e+04	6.647325606712956025e-01	3.232309346019586749e-01
1.708774638000000050e+04	6.607708630548224660e-01	3.247283407209037298e-01
1.708023050000000148e+04	6.566112994886109666e-01	3.262098299613390151e-01
1.707272147000000041e+04	6.522585176913517913e-01	3.276751826557710578e-01
1.706521928000000116e+04	6.477173160806571905e-01	3.291241821874834050e-01
1.705772393000000011e+04	6.429926417701454788e-01	3.305566131431371124e-01
1.705023540000000139e+04	6.380895632111853732e-01	3.319722671091039357e-01
1.704275368000000162e+04	6.330132798186457466e-01	3.333709369377704235e-01
1.703527877000000080e+04	6.277691144113605182e-01	3.347524169015223539e-01
1.702781064999999944e+04	6.223624834322996069e-01	3.361165082971631635e-01
1.702034932000000117e+04	6.167989161079102667e-01	3.374630121014736694e-01
1.701289476999999897e+04	6.110840243539095162e-01	3.387917345517044709e-01
1.700544699000000037e+04	6.052235007408414136e-01	3.401024853316777508e-01
1.699800595999999859e+04	5.992231014033257974e-01	3.413950793411122953e-01
1.699057168000000092e+04	5.930886612401461422e-01	3.426693315147263941e-01
1.698314414000000033e+04	5.868260613263317493e-01	3.439250621323465262e-01
1.697572333000000071e+04	5.804412278703939831e-01	3.451620950875428084e-01
1.696830924999999843e+04	5.739401323254934573e-01	3.463802562952211228e-01
1.696090188000000126e+04	5.673287565040583402e-01	3.475793786704954313e-01
1.695350120999999854e+04	5.606131099478469659e-01	3.487592971751093396e-01
1.694610723000000144e+04	5.537992129912874262e-01	3.499198505308953044e-01
1.693871993999999904e+04	5.468930978929993358e-01	3.510608797210674203e-01
1.693133932999999888e+04	5.399007822440540227e-01	3.521822311623085677e-01
1.692396538000000146e+04	5.328282603553969876e-01	3.532837566096633242e-01
1.691659809999999925e+04	5.256815339517265651e-01	3.543653072359939649e-01
1.690923746000000028e+04	5.184665371610687190e-01	3.554267440519779386e-01
1.690188346000000092e+04	5.111891967421937633e-01	3.564679275919762080e-01
1.689453609000000142e+04	5.038553861920310739e-01	3.574887238373743448e-01
1.688719535000000178e+04	4.964709385191264368e-01	3.584890014101619893e-01
1.687986121999999887e+04	4.890416093483691551e-01	3.594686356970208663e-01
1.687253369000000021e+04	4.815731004179795161e-01	3.604275047152363798e-01
1.686521275999999853e+04	4.740710536550427068e-01	3.613654892674701968e-01
1.685789842000000135e+04	4.665410247574439673e-01	3.622824755779942008e-01
1.685059064999999828e+04	4.589884771918853468e-01	3.631783551723301584e-01
1.684328945999999996e+04	4.514188180933769723e-01	3.640530200167705899e-01
1.683599481999999989e+04	4.438373206275577632e-01	3.649063710440631492e-01
1.682870673000000170e+04	4.362491915390468988e-01	3.657383097105614267e-01
1.682142519000000175e+04	4.286595354655742818e-01	3.665487417290337335e-01
1.681415018000000055e+04	4.210733296250450675e-01	3.673375792203192325e-01
1.680688168999999834e+04	4.134954509615685891e-01	3.681047373114174071e-01
1.679961972999999853e+04	4.059306827343170387e-01	3.688501332747976535e-01
1.679236426999999821e+04	3.983836484337323625e-01	3.695736927226854207e-01
1.678511530000000130e+04	3.908588710859889903e-01	3.702753433073662781e-01
1.677787283000000025e+04	3.833607700837673438e-01	3.709550150170366489e-01
1.677063683999999921e+04	3.758936066080863503e-01	3.716126449446064961e-01
1.676340731999999844e+04	3.684615227460353304e-01	3.722481733871424447e-01
1.675618426000000181e+04	3.610685289387861596e-01	3.728615448278475020e-01
1.674896765999999843e+04	3.537185122494222456e-01	3.734527071300051126e-01
1.674175750999999946e+04	3.464152142482602170e-01	3.740216132325710485e-01
1.673455380000000150e+04	3.391622399529141685e-01	3.745682202516438797e-01
1.672735651000000144e+04	3.319630467564076981e-01	3.750924901878461837e-01
1.672016563999999926e+04	3.248209736253339641e-01	3.755943877185847768e-01
1.671298118999999861e+04	3.177392201297079000e-01	3.760738817990201266e-01
1.670580313999999998e+04	3.107208265595493013e-01	3.765309468962416695e-01
1.669863148999999976e+04	3.037687132118314093e-01	3.769655603090528717e-01
1.669146621999999843e+04	2.968856413861559185e-01	3.773777047027471743e-01
1.668430732999999964e+04	2.900742524671029998e-01	3.777673656720176298e-01
1.667715481000000000e+04	2.833370394082652677e-01	3.781345335293178622e-01
1.667000864999999976e+04	2.766763572040684682e-01	3.784792026678578392e-01
1.666286883999999918e+04	2.700944238228022987e-01	3.788013715448407259e-01
1.665573537999999826e+04	2.635933303893269741e-01	3.791010422590535001e-01
1.664860825000000114e+04	2.571750150906540466e-01	3.793782218077605961e-01
1.664148745000000054e+04	2.508413011018143512e-01	3.796329203862858215e-01
1.663437297000000035e+04	2.445938709379566200e-01	3.798651526114920074e-01
1.662726480000000083e+04	2.384342774221431260e-01	3.800749370637417357e-01
1.662016292999999860e+04	2.323639456346991150e-01	3.802622962634609749e-01
1.661306735000000117e+04	2.263841750021586552e-01	3.804272566466558314e-01
1.660597806000000128e+04	2.204961497611671595e-01	3.805698483539425303e-01
1.659889504999999917e+04	2.147009244396658467e-01	3.806901056690069063e-01
1.659181829999999900e+04	2.089994269282380579e-01	3.807880668343019970e-01
1.658474782000000050e+04	2.033924931451419893e-01	3.808637735001594860e-01
1.657768359000000055e+04	1.978808213548748363e-01	3.809172715258219433e-01
1.657062559999999939e+04	1.924650072710078763e-01	3.809486103639397325e-01
1.656357384000000093e+04	1.871455387664754388e-01	3.809578431833024470e-01
1.655652832000000126e+04	1.819228134703286537e-01	3.809450269042151116e-01
1.654948901000000114e+04	1.767970971245244882e-01	3.809102220873330502e-01
1.654245591000000059e+04	1.717685788244117107e-01	3.808534929487296106e-01
1.653542901999999958e+04	1.668373512610632492e-01	3.807749074108642828e-01
1.652840831999999864e+04	1.620034001952488367e-01	3.806745367493695742e-01
1.652139381000000139e+04	1.572666356773365359e-01	3.805524560037149562e-01
1.651438547000000108e+04	1.526268676833691940e-01	3.804087433681002661e-01
1.650738331000000107e+04	1.480838427453776696e-01	3.802434811008397197e-01
1.650038729999999850e+04	1.436372011507132118e-01	3.800567539726696920e-01
1.649339745000000039e+04	1.392865320657374339e-01	3.798486511149576916e-01
1.648641374999999971e+04	1.350313379608214515e-01	3.796192645320617953e-01
1.647943618000000060e+04	1.308710450365477007e-01	3.793686891269544836e-01
1.647246473999999944e+04	1.268050243789966280e-01	3.790970237217035632e-01
1.646549942000000010e+04	1.228325769350457480e-01	3.788043700142301184e-01
1.645854021999999895e+04	1.189529483483091898e-01	3.784908333141200343e-01
1.645158712000000014e+04	1.151653153124589934e-01	3.781565211624013378e-01
1.644464012000000002e+04	1.114688109818273154e-01	3.778015450892646676e-01
1.643769919999999911e+04	1.078625062529532108e-01	3.774260186463139766e-01
1.643076437000000078e+04	1.043454390947237825e-01	3.770300599908389394e-01
1.642383560999999827e+04	1.009165863660778234e-01	3.766137885936024499e-01
1.641691291999999885e+04	9.757489243231831644e-02	3.761773279720195262e-01
1.640999628999999914e+04	9.431925690658327088e-02	3.757208039152463708e-01
1.640308569999999963e+04	9.114853809222578374e-02	3.752443442887783975e-01
1.639618115000000034e+04	8.806156958491019593e-02	3.747480810406880747e-01
1.638928264000000127e+04	8.505715323312217080e-02	3.742321489207990903e-01
1.638239016000000083e+04	8.213405762845348013e-02	3.736966846393643404e-01
1.637550368999999955e+04	7.929102127543055656e-02	3.731418266728077637e-01
1.636862322999999924e+04	7.652676755848064616e-02	3.725677176175026251e-01
1.636174877000000015e+04	7.383999453902925780e-02	3.719745017947793664e-01
1.635488031000000046e+04	7.122938539185286189e-02	3.713623268688203138e-01
1.634801783000000069e+04	6.869359927210440253e-02	3.707313411364245304e-01
1.634116133000000082e+04	6.623128877060048547e-02	3.700816970412569851e-01
1.633431079999999929e+04	6.384109074238748793e-02	3.694135484347955689e-01
1.632746623999999974e+04	6.152163560121139130e-02	3.687270524192245991e-01
1.632062763000000086e+04	5.927153913338847196e-02	3.680223663007434753e-01
1.631379497000000083e+04	5.708941800902800345e-02	3.672996515496635417e-01
1.630696824999999990e+04	5.497388154575396507e-02	3.665590707257713188e-01
1.630014745000000039e+04	5.292353398921108287e-02	3.658007872906740565e-01
1.629333258999999998e+04	5.093699104133687927e-02	3.650249711814667064e-01
1.628652363999999943e+04	4.901285469306045778e-02	3.642317886857997511e-01
1.627972060000000056e+04	4.714973858211617824e-02	3.634214113632436294e-01
1.627292345000000023e+04	4.534625513801499724e-02	3.625940102356621231e-01
1.626613220999999976e+04	4.360103303057983465e-02	3.617497630113405971e-01
1.625934684999999990e+04	4.191269486568169333e-02	3.608888430118205037e-01
1.625256735999999910e+04	4.027987708478887596e-02	3.600114276281140002e-01
1.624579375000000073e+04	3.870123037688241036e-02	3.591176985238208053e-01
1.623902599999999984e+04	3.717540899126281495e-02	3.582078350474451334e-01
1.623226410000000033e+04	3.570108153064906892e-02	3.572820193318935744e-01
1.622550806000000011e+04	3.427693366298574518e-02	3.563404377725145067e-01
1.621875784999999996e+04	3.290165635836839186e-02	3.553832726364526962e-01
1.621201346999999987e+04	3.157396171221860115e-02	3.544107117050756539e-01
1.620527492999999959e+04	3.029257900401870901e-02	3.534229456269000202e-01
1.619854219000000012e+04	2.905624433019389150e-02	3.524201589739013873e-01
1.619181526999999915e+04	2.786372206623706840e-02	3.514025463724589349e-01
1.618509415000000081e+04	2.671378682600771340e-02	3.503702976751000286e-01
1.617837881999999991e+04	2.560523339474114063e-02	3.493236052975299821e-01
1.617166928999999982e+04	2.453687852316276813e-02	3.482626658747113857e-01
1.616496552999999949e+04	2.350755180481344658e-02	3.471876707440158527e-01
1.615826754000000074e+04	2.251610740092308341e-02	3.460988169066532283e-01
1.615157531999999992e+04	2.156141939795097606e-02	3.449963023327489164e-01
1.614488885999999911e+04	2.064238081012536447e-02	3.438803242287913897e-01
1.613820815000000039e+04	1.975790543302484090e-02	3.427510805800639826e-01
1.613153318000000036e+04	1.890692808983984036e-02	3.416087701009032918e-01
1.612486393999999927e+04	1.808840483568183860e-02	3.404535921852519520e-01
1.611820044000000053e+04	1.730131543891972462e-02	3.392857503830262744e-01
1.611154264999999941e+04	1.654465637922360871e-02	3.381054418551266982e-01
1.610489057999999932e+04	1.581745039242407266e-02	3.369128713444480838e-01
1.609824421000000075e+04	1.511873845645759357e-02	3.357082387685935698e-01
1.609160354999999981e+04	1.444758638242992985e-02	3.344917499264382643e-01
1.608496857000000091e+04	1.380307754537190429e-02	3.332636037149570574e-01
1.607833928000000014e+04	1.318432093422321899e-02	3.320240067359065406e-01
1.607171565999999984e+04	1.259044418368130032e-02	3.307731603399431397e-01
1.606509771000000001e+04	1.202059824463226970e-02	3.295112698814227636e-01
1.605848543000000063e+04	1.147395529286075570e-02	3.282385409867452086e-01
1.605187880000000041e+04	1.094970704053308160e-02	3.269551756034467238e-01
1.604527781999999934e+04	1.044706787774296597e-02	3.256613796536996230e-01
1.603868247999999949e+04	9.965272222491303872e-03	3.243573572058921495e-01
1.603209276999999929e+04	9.503575156230407300e-03	3.230433123463154477e-01
1.602550869000000057e+04	9.061252855537748827e-03	3.217194511543983726e-01
1.601893022000000019e+04	8.637600321665750078e-03	3.203859756351282728e-01
1.601235736999999972e+04	8.231934416175331823e-03	3.190430937694633262e-01
1.600579011999999966e+04	7.843589726217792268e-03	3.176910073094684206e-01
1.599922847000000002e+04	7.471921436386224323e-03	3.163299219106353033e-01
1.599267240999999922e+04	7.116303195097806004e-03	3.149600409529529355e-01
1.598612194000000090e+04	6.776127945604545899e-03	3.135815696470078962e-01
1.597957703000000038e+04	6.450805555094887150e-03	3.121947065612671879e-01
1.597303770000000077e+04	6.139766534422856289e-03	3.107996604898997095e-01
1.596650393000000076e+04	5.842457179029880883e-03	3.093966313781591482e-01
1.595997572000000036e+04	5.558342195406977895e-03	3.079858230103248440e-01
1.595345305000000008e+04	5.286902534188799539e-03	3.065674343828853621e-01
1.594693591999999990e+04	5.027636783204053085e-03	3.051416683107157635e-01
1.594042432000000008e+04	4.780059519449495267e-03	3.037087248995054001e-01
1.593391826000000037e+04	4.543702107719595554e-03	3.022688081023987561e-01
1.592741770999999972e+04	4.318110147892678143e-03	3.008221124164188187e-01
1.592092266999999993e+04	4.102845700063570411e-03	2.993688383079690096e-01
1.591443313999999918e+04	3.897485763136539650e-03	2.979091855926171983e-01
1.590794909999999982e+04	3.701621329321056527e-03	2.964433488654754645e-01
1.590147055999999975e+04	3.514858571699260460e-03	2.949715287412799647e-01
1.589499750999999924e+04	3.336816940960435698e-03	2.934939205449429989e-01
1.588852993000000060e+04	3.167129197836349597e-03	2.920107164675565525e-01
1.588206782000000021e+04	3.005441848474925057e-03	2.905221124097728258e-01
1.587561117000000013e+04	2.851413972172341885e-03	2.890283010966414601e-01
1.586915998000000036e+04	2.704717373244589027e-03	2.875294766524518764e-01
1.586271423999999934e+04	2.565035757327941042e-03	2.860258299424645601e-01
1.585627393999999913e+04	2.432064642700822957e-03	2.845175508420272337e-01
1.584983907999999974e+04	2.305511211329411541e-03	2.830048305629730976e-01
1.584340964999999960e+04	2.185093560994323843e-03	2.814878569404992148e-01
1.583698564000000079e+04	2.070540595179728039e-03	2.799668167337170943e-01
1.583056704999999965e+04	1.961591861444744473e-03	2.784418979784172854e-01
1.582415386000000035e+04	1.857996716565838129e-03	2.769132828368431887e-01
1.581774608000000080e+04	1.759514839418237610e-03	2.753811594691406017e-01
1.581134368999999970e+04	1.665914950924746825e-03	2.738457077065322154e-01
1.580494669000000067e+04	1.576975297820861713e-03	2.723071109621292285e-01
1.579855507000000034e+04	1.492482896031757525e-03	2.707655490297695700e-01
1.579216883000000053e+04	1.412233516673818464e-03	2.692212028694213055e-01
1.578578794999999991e+04	1.336031018415246869e-03	2.676742473324352778e-01
1.577941243000000031e+04	1.263687568927105397e-03	2.661248608118083614e-01
1.577304226999999992e+04	1.195023100960867840e-03	2.645732204008964805e-01
1.576667746000000079e+04	1.129864945859493765e-03	2.630194994262040065e-01
1.576031797999999981e+04	1.068047598157835683e-03	2.614638673998855856e-01
1.575396384000000035e+04	1.009412842372934107e-03	2.599064997898495877e-01
1.574761503000000084e+04	9.538090049909154653e-04	2.583475657809871651e-01
1.574127153999999973e+04	9.010909203684808709e-04	2.567872331337314740e-01
1.573493336000000090e+04	8.511196929258798768e-04	2.552256681662140037e-01
1.572860049000000072e+04	8.037625384997700234e-04	2.536630382062847744e-01
1.572227291999999943e+04	7.588924022457220258e-04	2.520995066463799228e-01
1.571595065000000068e+04	7.163878904325107896e-04	2.505352378608572961e-01
1.570963365999999951e+04	6.761328545225028580e-04	2.489703897689595768e-01
1.570332194999999956e+04	6.380164538928626786e-04	2.474051237162094019e-01
1.569701552000000083e+04	6.019328113941198712e-04	2.458395995190125194e-01
1.569071435000000019e+04	5.677807149348684020e-04	2.442739704770267584e-01
1.568441844999999921e+04	5.354637080465149933e-04	2.427083957766902056e-01
1.567812780000000021e+04	5.048895821317777970e-04	2.411430255702667336e-01
1.567184238999999980e+04	4.759704191004052436e-04	2.395780109005074543e-01
1.566556222999999954e+04	4.486224490766821198e-04	2.380135061890633896e-01
1.565928730999999971e+04	4.227657015497156409e-04	2.364496592640639161e-01
1.565301761000000079e+04	3.983239069714101534e-04	2.348866138315760799e-01
1.564675312999999915e+04	3.752244595995071720e-04	2.333245169449039147e-01
1.564049387000000024e+04	3.533981794004652883e-04	2.317635140117909054e-01
1.563423982000000069e+04	3.327791364683755065e-04	2.302037462893822550e-01
1.562799097000000074e+04	3.133045515211532717e-04	2.286453533686885198e-01
1.562174731000000065e+04	2.949146612524617653e-04	2.270884731669114143e-01
1.561550885000000017e+04	2.775526425938218780e-04	2.255332469054963651e-01
1.560927556000000004e+04	2.611643193031894477e-04	2.239798041442453425e-01
1.560304745999999977e+04	2.456982885371007653e-04	2.224282852084678019e-01
1.559682452000000012e+04	2.311055417217549690e-04	2.208788162618421369e-01
1.559060675000000083e+04	2.173395803794234897e-04	2.193315317228654582e-01
1.558439413000000059e+04	2.043561409053373584e-04	2.177865568277313479e-01
1.557818666999999914e+04	1.921132245035561486e-04	2.162440225553367013e-01
1.557198435000000063e+04	1.805708723884352686e-04	2.147040507023406097e-01
1.556578715999999986e+04	1.696911549174841673e-04	2.131667638292354949e-01
1.555959511000000020e+04	1.594380903839530351e-04	2.116322877236267164e-01
1.555340818000000036e+04	1.497774718372362195e-04	2.101007389999351438e-01
1.554722637000000032e+04	1.406768678979081156e-04	2.085722374937067913e-01
1.554104968000000008e+04	1.321055058545068386e-04	2.070469012947471210e-01
1.553487809000000016e+04	1.240341687925064192e-04	2.055248418152524348e-01
1.552871160000000054e+04	1.164351764581123152e-04	2.040061736669727399e-01
1.552255019999999968e+04	1.092822724692634617e-04	2.024910072539836126e-01
1.551639388999999937e+04	1.025505805723254976e-04	2.009794536975333668e-01
1.551024265999999989e+04	9.621651582428050774e-05	1.994716199179608906e-01
1.550409650999999940e+04	9.025774373679975335e-05	1.979676135454496166e-01
1.549795542000000023e+04	8.465309070778395315e-05	1.964675355780697852e-01
1.549181940000000031e+04	7.938253356602269727e-05	1.949714926075507559e-01
1.548568843000000015e+04	7.442708972454314096e-05	1.934795821653958192e-01
1.547956250999999975e+04	6.976880888181985561e-05	1.919919049271142653e-01
1.547344163999999910e+04	6.539070411606580922e-05	1.905085598239666944e-01
1.546732580000000053e+04	6.127669096653211994e-05	1.890296392139375059e-01
1.546121499000000040e+04	5.741157012505826413e-05	1.875552385790697774e-01
1.545510921000000053e+04	5.378096810444782725e-05	1.860854516662609481e-01
1.544900844999999936e+04	5.037129014394496471e-05	1.846203680918441226e-01
1.544291268999999920e+04	4.716968206694722846e-05	1.831600733749436105e-01
1.543682194999999956e+04	4.416401759413984200e-05	1.817046609059056461e-01
1.543073619999999937e+04	4.134281556870274651e-05	1.802542104063348527e-01
1.542465545000000020e+04	3.869525061397261639e-05	1.788088094552703344e-01
1.541857969000000048e+04	3.621109085356709724e-05	1.773685391639347186e-01
1.541250890000000072e+04	3.388067289609895613e-05	1.759334766071856959e-01
1.540644310000000041e+04	3.169489045441473092e-05	1.745037066331583120e-01
1.540038226000000031e+04	2.964513189962187542e-05	1.730793006121654487e-01
1.539432638000000043e+04	2.772328313489278139e-05	1.716603353347634919e-01
1.538827547000000050e+04	2.592169288670201176e-05	1.702468882489288904e-01
1.538222949999999946e+04	2.423313382930488349e-05	1.688390258055330884e-01
1.537618848000000071e+04	2.265080308124451861e-05	1.674368221536380041e-01
1.537015240000000085e+04	2.116828234653847786e-05	1.660403451405436381e-01
1.536412125000000015e+04	1.977952294060173209e-05	1.646496609999374416e-01
1.535809503000000041e+04	1.847882781504161452e-05	1.632648366552367503e-01
1.535207373000000007e+04	1.726082792983974504e-05	1.618859351169990024e-01
1.534605733999999939e+04	1.612046669272635611e-05	1.605130178100882543e-01
1.534004586000000018e+04	1.505298450094530636e-05	1.591461468533339196e-01
1.533403929000000062e+04	1.405390028844937852e-05	1.577853827666869380e-01
1.532803760999999940e+04	1.311899311658924027e-05	1.564307799749901640e-01
1.532204082000000017e+04	1.224429417434341009e-05	1.550823958802572400e-01
1.531604891999999927e+04	1.142606926659429512e-05	1.537402863157108501e-01
1.531006189000000086e+04	1.066080321642437651e-05	1.524045011023829888e-01
1.530407973999999922e+04	9.945194003052945105e-06	1.510750952374958489e-01
1.529810246000000006e+04	9.276134345254062000e-06	1.497521177278652305e-01
1.529213004000000001e+04	8.650703309157103507e-06	1.484356160900110744e-01
1.528616246999999930e+04	8.066155690376469666e-06	1.471256363620270791e-01
1.528019974999999977e+04	7.519912849271343736e-06	1.458222252968965904e-01
1.527424187999999958e+04	7.009552084038837327e-06	1.445254281559241460e-01
1.526828883999999925e+04	6.532796120556754604e-06	1.432352843952625909e-01
1.526234064000000035e+04	6.087508757364985708e-06	1.419518385375927727e-01
1.525639725999999973e+04	5.671682014351531831e-06	1.406751271814496718e-01
1.525045869999999923e+04	5.283432408305802534e-06	1.394051898259376365e-01
1.524452495000000090e+04	4.920991543133232678e-06	1.381420624151811494e-01
1.523859600999999930e+04	4.582700636972858373e-06	1.368857816278142292e-01
1.523267187999999987e+04	4.267003403279712867e-06	1.356363827364702179e-01
1.522675253999999950e+04	3.972439048001745366e-06	1.343938954323025681e-01
1.522083798999999999e+04	3.697638678767649745e-06	1.331583522742370573e-01
1.521492822999999953e+04	3.441318740309164686e-06	1.319297844541431342e-01
1.520902324000000044e+04	3.202275150224518035e-06	1.307082176825977993e-01
1.520312303000000065e+04	2.979380588540637523e-06	1.294936825712834083e-01
1.519722759000000042e+04	2.771577870058325679e-06	1.282862042774788047e-01
1.519133690999999999e+04	2.577876557905464989e-06	1.270858066858608915e-01
1.518545097999999962e+04	2.397348924699274744e-06	1.258925124224878345e-01
1.517956981000000087e+04	2.229126698133309899e-06	1.247063468921038448e-01
1.517369338000000062e+04	2.072395999713417570e-06	1.235273281813007301e-01
1.516782167999999911e+04	1.926395211770387461e-06	1.223554751926636680e-01
1.516195471999999972e+04	1.790411923692466577e-06	1.211908095859995232e-01
1.515609249000000091e+04	1.663778947767266827e-06	1.200333478091949874e-01
1.515023497999999927e+04	1.545872047759859306e-06	1.188831051358355539e-01
1.514438219000000026e+04	1.436107462191662028e-06	1.177400976271304883e-01
1.513853410000000076e+04	1.333938835748283730e-06	1.166043362820865098e-01
1.513269072000000051e+04	1.238855775531201351e-06	1.154758367893846810e-01
1.512685203999999976e+04	1.150380736856195334e-06	1.143546098040630343e-01
1.512101806000000033e+04	1.068067465934313787e-06	1.132406667826229424e-01
1.511518875999999909e+04	9.914986154235286593e-07	1.121340142638268811e-01
1.510936413999999968e+04	9.202844704813835359e-07	1.110346615208034488e-01
1.510354420000000027e+04	8.540609122890082624e-07	1.099426167236840779e-01
1.509772892999999931e+04	7.924876972136440315e-07	1.088578850941080145e-01
1.509191832000000068e+04	7.352470665041441838e-07	1.077804708237446035e-01
1.508611238000000048e+04	6.820424895622398909e-07	1.067103807639303709e-01
1.508031107999999949e+04	6.325967631956963718e-07	1.056476133704653680e-01
1.507451444000000083e+04	5.866515596625381264e-07	1.045921752780171743e-01
1.506872243999999955e+04	5.439654589724200364e-07	1.035440647992278557e-01
1.506293506999999954e+04	5.043132776835325827e-07	1.025032811268965643e-01
1.505715234000000055e+04	4.674850592210052252e-07	1.014698260740222874e-01
1.505137422999999944e+04	4.332847660182554690e-07	1.004436951244402770e-01
1.504560074999999961e+04	4.015297458947175117e-07	9.942488817001600421e-02
1.503983187999999973e+04	3.720495161411251032e-07	9.841339886972755302e-02
1.503406761000000006e+04	3.446851971605787516e-07	9.740922177892850919e-02
1.502830796000000009e+04	3.192888220706104241e-07	9.641235575758046183e-02
1.502255290000000059e+04	2.957222668672052137e-07	9.542279010444124077e-02
1.501680242999999973e+04	2.738569564354743696e-07	9.444051847403328592e-02
1.501105654999999933e+04	2.535730970425666065e-07	9.346553364768354910e-02
1.500531524999999965e+04	2.347590643071642017e-07	9.249782586782449856e-02
1.499957853000000068e+04	2.173109295999958015e-07	9.153738624581532479e-02
1.499384638000000086e+04	2.011318846787911142e-07	9.058420340500210333e-02
1.498811880000000019e+04	1.861318257671281099e-07	8.963826684315524818e-02
1.498239578000000074e+04	1.722268506521471397e-07	8.869956362072213552e-02
1.497667730999999912e+04	1.593388720387873398e-07	8.776808005461345097e-02
1.497096339000000080e+04	1.473952465637889906e-07	8.684380334399469104e-02
1.496525401000000056e+04	1.363283644584000682e-07	8.592671832628456796e-02
1.495954917000000023e+04	1.260753501201947641e-07	8.501681072608655021e-02
1.495384886999999981e+04	1.165777201559719621e-07	8.411406553434282174e-02
1.494815308999999979e+04	1.077810558901166082e-07	8.321846388848531950e-02
1.494246183000000019e+04	9.963479109392285266e-08	8.232998942066982462e-02
1.493677510000000075e+04	9.209192755683177163e-08	8.144862661427573758e-02
1.493109287000000040e+04	8.510872849906840185e-08	8.057435309620293584e-02
1.492541515000000072e+04	7.864459756952518846e-08	7.970715204904708917e-02
1.491974193000000014e+04	7.266178814051792629e-08	7.884700293641899727e-02
1.491407320000000072e+04	6.712523259943700622e-08	7.799388462699416436e-02
1.490840897000000041e+04	6.200237472937503669e-08	7.714777838385919462e-02
1.490274921999999970e+04	5.726295034512997202e-08	7.630866038069700208e-02
1.489709395000000040e+04	5.287887344499602060e-08	7.547650921147340541e-02
1.489144314999999915e+04	4.882405924364295570e-08	7.465130142744870467e-02
1.488579682999999932e+04	4.507430620432768206e-08	7.383301593652612238e-02
1.488015495999999985e+04	4.160712514980600229e-08	7.302162530932491957e-02
1.487451756000000023e+04	3.840167621369823804e-08	7.221710880716786241e-02
1.486888460999999916e+04	3.543859885666450080e-08	7.141943942334989803e-02
1.486325610000000052e+04	3.269993797089583055e-08	7.062859111380308252e-02
1.485763204000000042e+04	3.016904754611250403e-08	6.984454014273525080e-02
1.485201240999999936e+04	2.783047556068046701e-08	6.906725809683772477e-02
1.484639722000000074e+04	2.566990564019001325e-08	6.829672026200968304e-02
1.484078644999999960e+04	2.367405243566487572e-08	6.753289733624592839e-02
1.483518010999999933e+04	2.183061070531173572e-08	6.677576367498351539e-02
1.482957818000000043e+04	2.012816492557031790e-08	6.602528913459544679e-02
1.482398065999999926e+04	1.855614219328321057e-08	6.528144586357650936e-02
1.481838754999999946e+04	1.710474518371103511e-08	6.454420558061856050e-02
1.481279883999999947e+04	1.576489434267863213e-08	6.381353828411212570e-02
1.480721451999999954e+04	1.452817925138378336e-08	6.308941360832620582e-02
1.480163459999999941e+04	1.338681438524156901e-08	6.237180339587763966e-02
1.479605905999999959e+04	1.233358374198641017e-08	6.166067525189194987e-02
1.479048790000000008e+04	1.136180988739732770e-08	6.095599901182717495e-02
1.478492110999999932e+04	1.046530919414826366e-08	6.025774289931915689e-02
1.477935870000000068e+04	9.638360830851663891e-09	5.956587730524646324e-02
1.477380064999999922e+04	8.875665624527829662e-09	5.888036855298917072e-02
1.476824695000000065e+04	8.172321541376758995e-09	5.820118393650013794e-02
1.476269762000000082e+04	7.523796504540809351e-09	5.752829409302229885e-02
1.475715263000000050e+04	6.925891990976180584e-09	5.686166328183198809e-02
1.475161197999999968e+04	6.374727974247755069e-09	5.620125914662889299e-02
1.474607567999999992e+04	5.866716791673010584e-09	5.554705021788174796e-02
1.474054370999999992e+04	5.398538139845261224e-09	5.489900120651182436e-02
1.473501605999999992e+04	4.967123194661010189e-09	5.425707779139693487e-02
1.472949274999999943e+04	4.569637148825102304e-09	5.362124887012107571e-02
1.472397374999999920e+04	4.203456142706082961e-09	5.299147732889005619e-02
1.471845905999999923e+04	3.866157406255458478e-09	5.236772931181589430e-02
1.471294867999999951e+04	3.555502089588258422e-09	5.174997073133181386e-02
1.470744261000000006e+04	3.269421597404873609e-09	5.113816727760446545e-02
1.470194082999999955e+04	3.006003995710845386e-09	5.053228223518684004e-02
1.469644334999999955e+04	2.763484736750680777e-09	4.993228202291113277e-02
1.469095015000000058e+04	2.540232866042186638e-09	4.933812959503284384e-02
1.468546124000000054e+04	2.334743567500333937e-09	4.874979099855680093e-02
1.467997660999999971e+04	2.145626674945990005e-09	4.816722994930774937e-02
1.467449625000000015e+04	1.971598893859994812e-09	4.759041003279902704e-02
1.466902016000000003e+04	1.811476025126297254e-09	4.701929575047277682e-02
1.466354833999999937e+04	1.664165133142138689e-09	4.645385145144533684e-02
1.465808077000000048e+04	1.528657176979272705e-09	4.589403930258024317e-02
1.465261744999999974e+04	1.404021690459491963e-09	4.533982342984226033e-02
1.464715839000000051e+04	1.289400464978909187e-09	4.479116883135054322e-02
1.464170355999999992e+04	1.184001071484765682e-09	4.424803638362054259e-02
1.463625297999999930e+04	1.087093638831412272e-09	4.371039187122953418e-02
1.463080662999999913e+04	9.980043773370815842e-10	4.317819700968646146e-02
1.462536450999999943e+04	9.161123808617617326e-10	4.265141541773751627e-02
1.461992661000000044e+04	8.408450789240076467e-10	4.213000966992166280e-02
1.461449293000000034e+04	7.716748219412039384e-10	4.161394323974427351e-02
1.460906346999999914e+04	7.081152776844587280e-10	4.110317952522801743e-02
1.460363820999999916e+04	6.497180497518828376e-10	4.059768000155732776e-02
1.459821716000000015e+04	5.960702988940772876e-10	4.009740890905154342e-02
1.459280031000000054e+04	5.467914640825363898e-10	3.960232857872834217e-02
1.458738766000000032e+04	5.015310708834367875e-10	3.911240222985652021e-02
1.458197919000000002e+04	4.599661531075442958e-10	3.862759125642122732e-02
1.457657490999999936e+04	4.217995078878754939e-10	3.814785973730436264e-02
1.457117481000000043e+04	3.867573125080515566e-10	3.767316993873594949e-02
1.456577887999999984e+04	3.545874647538585444e-10	3.720348413926378994e-02
1.456038711999999941e+04	3.250579415073289792e-10	3.673876549317066365e-02
1.455499952999999914e+04	2.979551649451702734e-10	3.627897714464582701e-02
1.454961609999999928e+04	2.730825174383178119e-10	3.582408139308377454e-02
1.454423682999999983e+04	2.502591104770009255e-10	3.537404140569985755e-02
1.453886169999999947e+04	2.293184248267989827e-10	3.492881870892319135e-02
1.453349072999999953e+04	2.101074129985504288e-10	3.448837817206927558e-02
1.452812389000000076e+04	1.924851086757388019e-10	3.405268057859273806e-02
1.452276118999999926e+04	1.763219903922761270e-10	3.362169003245528420e-02
1.451740262000000075e+04	1.614988777814197686e-10	3.319536905122302123e-02
1.451204817999999977e+04	1.479062066900942220e-10	3.277368100272650547e-02
1.450669786999999997e+04	1.354432370542520887e-10	3.235658929438521569e-02
1.450135167000000001e+04	1.240173129569130360e-10	3.194405584296677175e-02
1.449600957999999991e+04	1.135433099937306568e-10	3.153604419746320470e-02
1.449067159999999967e+04	1.039429881280501676e-10	3.113251796091902335e-02
1.448533772999999928e+04	9.514444389274979129e-11	3.073344079527579736e-02
1.448000794999999925e+04	8.708157644464322539e-11	3.033877495279991079e-02
1.447468226999999933e+04	7.969370054402074140e-11	2.994848500211538811e-02
1.446936067000000003e+04	7.292502602395293883e-11	2.956253338932886623e-02
1.446404317000000083e+04	6.672435693839818414e-11	2.918088555343839943e-02
1.445872974000000067e+04	6.104461512462115538e-11	2.880350342187281212e-02
1.445342037999999957e+04	5.584260283380543171e-11	2.843035119374700756e-02
1.444811510000000089e+04	5.107866275020666424e-11	2.806139384869734202e-02
1.444281387999999970e+04	4.671635856064222893e-11	2.769659437652107967e-02
1.443751672999999937e+04	4.272226689981749248e-11	2.733591795379185230e-02
1.443222363000000041e+04	3.906568640313587892e-11	2.697932781842315303e-02
1.442693457999999919e+04	3.571845492263808224e-11	2.662678869571685758e-02
1.442164957999999933e+04	3.265472814547284281e-11	2.627826541849908118e-02
1.441636861999999928e+04	2.985078658154580807e-11	2.593372228181450856e-02
1.441109170000000086e+04	2.728487406362292087e-11	2.559312436516269704e-02
1.440581881000000067e+04	2.493702778439619736e-11	2.525643623075397859e-02
1.440054996000000028e+04	2.278894542798821655e-11	2.492362384580083107e-02
1.439528512000000046e+04	2.082382551494495684e-11	2.459465078863700901e-02
1.439002431000000070e+04	1.902627932223245522e-11	2.426948391962880161e-02
1.438476750999999967e+04	1.738218240156642676e-11	2.394808774326101855e-02
1.437951471999999922e+04	1.587859188759043206e-11	2.363042815328137217e-02
1.437426593999999932e+04	1.450364248022312050e-11	2.331647117915652476e-02
1.436902115000000049e+04	1.324645340769869023e-11	2.300618181221125713e-02
1.436378037000000040e+04	1.209706165595510335e-11	2.269952756441961580e-02
1.435854357999999957e+04	1.104632799825700110e-11	2.239647373794755036e-02
1.435331077000000005e+04	1.008588070456193282e-11	2.209698640161204472e-02
1.434808194999999978e+04	9.208053030290186207e-12	2.180103292374491533e-02
1.434285709999999926e+04	8.405816440059604368e-12	2.150857912862431248e-02
1.433763623000000007e+04	7.672737448871174347e-12	2.121959269482264626e-02
1.433241933000000063e+04	7.002920664603608136e-12	2.093404034296490399e-02
1.432720638999999937e+04	6.390967306136620558e-12	2.065188897576566984e-02
1.432199741999999969e+04	5.831935949947348391e-12	2.037310674405761260e-02
1.431679239000000052e+04	5.321298107041001429e-12	2.009765983135805567e-02
1.431159132999999929e+04	4.854913754428276779e-12	1.982551777777440474e-02
1.430639420000000064e+04	4.428986852027226106e-12	1.955664661688084199e-02
1.430120102000000043e+04	4.040047953529236325e-12	1.929101569460173540e-02
1.429601178000000073e+04	3.684919384708130192e-12	1.902859297050585319e-02
1.429082646999999997e+04	3.360693367683993621e-12	1.876934659769114930e-02
1.428564508999999998e+04	3.064709920286616758e-12	1.851324541542398450e-02
1.428046764000000076e+04	2.794535350489852145e-12	1.826025843637305371e-02
1.427529409999999916e+04	2.547942337751364236e-12	1.801035388766143025e-02
1.427012448000000040e+04	2.322894974108528364e-12	1.776350164128039089e-02
1.426495876999999928e+04	2.117530269044383926e-12	1.751967078614971238e-02
1.425979696999999942e+04	1.930144897644332286e-12	1.727883107577921074e-02
1.425463906999999926e+04	1.759180950994322316e-12	1.704095198526338686e-02
1.424948507000000063e+04	1.603214336400487610e-12	1.680600364553372708e-02
1.424433496000000014e+04	1.460942811242548993e-12	1.657395592188951744e-02
1.423918873999999960e+04	1.331176235547377396e-12	1.634477932668893657e-02
1.423404639999999927e+04	1.212826527936772899e-12	1.611844411902149318e-02
1.422890795000000071e+04	1.104899679159466484e-12	1.589492162868285166e-02
1.422377337000000080e+04	1.006486688361645319e-12	1.567418206912592551e-02
1.421864265999999952e+04	9.167573663225780282e-13	1.545619672597791164e-02
1.421351582000000053e+04	8.349531800813041696e-13	1.524093707248645735e-02
1.420839284000000043e+04	7.603810015669146523e-13	1.502837435790462667e-02
1.420327371999999923e+04	6.924078245745960477e-13	1.481848044784065711e-02
1.419815846000000056e+04	6.304554572043169437e-13	1.461122739762797315e-02
1.419304703999999947e+04	5.739956190623425441e-13	1.440658665707829182e-02
1.418793946999999935e+04	5.225462196443196359e-13	1.420453108467268841e-02
1.418283574000000044e+04	4.756668447860226412e-13	1.400503293415681326e-02
1.417773584999999912e+04	4.329554840884172318e-13	1.380806505370463753e-02
1.417263978999999927e+04	3.940450504087878647e-13	1.361360010437299116e-02
1.416754756000000089e+04	3.586005325371573642e-13	1.342161133283212467e-02
1.416245915000000059e+04	3.263160828058429505e-13	1.323207180831231788e-02
1.415737456000000020e+04	2.969126332017292710e-13	1.304495517685751171e-02
1.415229378999999972e+04	2.701355096979108141e-13	1.286023527776347306e-02
1.414721681999999964e+04	2.457522316136271266e-13	1.267788542990137476e-02
1.414214366999999947e+04	2.235508740694364944e-13	1.249788059121547182e-02
1.413707430999999997e+04	2.033378803312366840e-13	1.232019413700120858e-02
1.413200876000000062e+04	1.849368874358791522e-13	1.214480140830497684e-02
1.412694699000000037e+04	1.681868498088581569e-13	1.197167620648964363e-02
1.412188902000000053e+04	1.529410554766397006e-13	1.180079425583410203e-02
1.411683482999999978e+04	1.390655868327481597e-13	1.163213011454511392e-02
1.411178442999999970e+04	1.264384136455033875e-13	1.146565955017522093e-02
1.410673780000000079e+04	1.149481978472112375e-13	1.130135753699053336e-02
1.410169493999999941e+04	1.044934837399487294e-13	1.113919991401158410e-02
1.409665584999999919e+04	9.498178205863312551e-14	1.097916271340024577e-02
1.409162053000000014e+04	8.632878571053473639e-14	1.082122216035582944e-02
1.408658895999999913e+04	7.845762350970063166e-14	1.066535405727602956e-02
1.408156115999999929e+04	7.129830066459727587e-14	1.051153564599057073e-02
1.407653709999999955e+04	6.478696308924194584e-14	1.035974282888953157e-02
1.407151678999999967e+04	5.886548302130173570e-14	1.020995293158579592e-02
1.406650021999999990e+04	5.348087600738307833e-14	1.006214287060790136e-02
1.406148739000000023e+04	4.858488420272730432e-14	9.916290057548040465e-03
1.405647830000000067e+04	4.413354761874942105e-14	9.772372094721822056e-03
1.405147293999999965e+04	4.008681742413849499e-14	9.630366492909965895e-03
1.404647129999999925e+04	3.640822051298516928e-14	9.490250967099910992e-03
1.404147338999999920e+04	3.306455592510331805e-14	9.352003985421649887e-03
1.403647919000000002e+04	3.002557144951494505e-14	9.215603376699016760e-03
1.403148870999999963e+04	2.726374088512551387e-14	9.081027989605241699e-03
1.402650194000000010e+04	2.475399212313193177e-14	8.948256317720278824e-03
1.402151886999999988e+04	2.247350195701652025e-14	8.817267055399863676e-03
1.401653951000000052e+04	2.040150408783494516e-14	8.688039612625327035e-03
1.401156384000000071e+04	1.851908517078959161e-14	8.560552808328243668e-03
1.400659187000000020e+04	1.680904380240858955e-14	8.434786426933888956e-03
1.400162358999999924e+04	1.525571921397473431e-14	8.310719928265602671e-03
1.399665898999999990e+04	1.384486172435408739e-14	8.188332968967057188e-03
1.399169807000000037e+04	1.256350915676978800e-14	8.067605643314094965e-03
1.398674083000000064e+04	1.139986859095214629e-14	7.948518227997946814e-03
1.398178725999999915e+04	1.034320982387229368e-14	7.831050945866271581e-03
1.397683735999999953e+04	9.383774734325257061e-15	7.715184445572666368e-03
1.397189112999999998e+04	8.512687773232723879e-15	7.600899555951738142e-03
1.396694856000000073e+04	7.721875334684078573e-15	7.488177058727675875e-03
1.396200964000000022e+04	7.003995755861084466e-15	7.376997926124290693e-03
1.395707438000000002e+04	6.352376027658128368e-15	7.267343761256130942e-03
1.395214276000000064e+04	5.760944987716940278e-15	7.159195678998786158e-03
1.394721478999999999e+04	5.224186735304628884e-15	7.052535638275913427e-03
1.394229046000000017e+04	4.737084655590051394e-15	6.947345337434274702e-03
1.393736976999999933e+04	4.295079741945136555e-15	6.843606869832829370e-03
1.393245269999999982e+04	3.894026621690142090e-15	6.741302088910733174e-03
1.392753926999999931e+04	3.530161019264898753e-15	6.640413858352716553e-03
1.392262946000000011e+04	3.200059071137628486e-15	6.540924386617640723e-03
1.391772328000000016e+04	2.900611631203748212e-15	6.442816670236359983e-03
1.391282070000000022e+04	2.628991373394781158e-15	6.346073080853513806e-03
1.390792173999999977e+04	2.382632382367758306e-15	6.250677157360961557e-03
1.390302639000000090e+04	2.159201999114813751e-15	6.156612013110866234e-03
1.389813464999999997e+04	1.956581764893915575e-15	6.063861126944232287e-03
1.389324649999999929e+04	1.772846719681400777e-15	5.972407771948936954e-03
1.388836195000000043e+04	1.606249699993572434e-15	5.882235956115127590e-03
1.388348099999999977e+04	1.455203581296921058e-15	5.793329660469232097e-03
1.387860362999999961e+04	1.318266563402495578e-15	5.705672671975975906e-03
1.387372984999999971e+04	1.194130335784374534e-15	5.619249487102315720e-03
1.386885964000000058e+04	1.081606280092141436e-15	5.534044232291718095e-03
1.386399301999999989e+04	9.796161982468649337e-16	5.450041898344132676e-03
1.385912996000000021e+04	8.871802721790246283e-16	5.367226770556794702e-03
1.385427047999999922e+04	8.034100672850633693e-16	5.285584153862875854e-03
1.384941455999999926e+04	7.274984924224130289e-16	5.205098833236345389e-03
1.384456220000000030e+04	6.587133986226254776e-16	5.125756092072834141e-03
1.383971340000000055e+04	5.963903462038966520e-16	5.047541368302925491e-03
1.383486815999999999e+04	5.399263921222954083e-16	4.970440253392856625e-03
1.383002645999999913e+04	4.887742414828281329e-16	4.894438179527580389e-03
1.382518829999999980e+04	4.424375730599181766e-16	4.819521054910401968e-03
1.382035368999999992e+04	4.004661886988601918e-16	4.745675089640897550e-03
1.381552261999999973e+04	3.624515119828110331e-16	4.672886335464789855e-03
1.381069507999999951e+04	3.280229502233105131e-16	4.601141000588356185e-03
1.380587106999999924e+04	2.968444495502764574e-16	4.530425593986340399e-03
1.380105059000000074e+04	2.686112252307736322e-16	4.460726770582538678e-03
1.379623363000000063e+04	2.430468235527255156e-16	4.392031188585748813e-03
1.379142017999999916e+04	2.199005682023320641e-16	4.324325657848316143e-03
1.378661025999999947e+04	1.989452975836039639e-16	4.257597551908497320e-03
1.378180384000000049e+04	1.799748383362827465e-16	4.191833691271946646e-03
1.377700093000000015e+04	1.628024426526222819e-16	4.127021595679818654e-03
1.377220152000000053e+04	1.472587447661074795e-16	4.063148652449341883e-03
1.376740560999999980e+04	1.331902571899638383e-16	4.000202524917013946e-03
1.376261319999999978e+04	1.204578588330302530e-16	3.938171013619507291e-03
1.375782428000000073e+04	1.089354371473995593e-16	3.877041928486976447e-03
1.375303883999999925e+04	9.850870778975720988e-17	3.816803221579945487e-03
1.374825689000000057e+04	8.907415008504296800e-17	3.757443232355122190e-03
1.374347841999999946e+04	8.053792122179900188e-17	3.698950183049402787e-03
1.373870342999999957e+04	7.281501433824703529e-17	3.641312554352262292e-03
1.373393190999999933e+04	6.582839968811223642e-17	3.584518839404831746e-03
1.372916386000000057e+04	5.950831052568977122e-17	3.528557784084694615e-03
1.372439926999999989e+04	5.379153624627711458e-17	3.473418147775636164e-03
1.371963813999999911e+04	4.862083451021085096e-17	3.419088936975022992e-03
1.371488047999999981e+04	4.394436834023650227e-17	3.365559396106088206e-03
1.371012625999999909e+04	3.971515422720770297e-17	3.312818447872626932e-03
1.370537550000000010e+04	3.589068973118239141e-17	3.260855700811971826e-03
1.370062817999999970e+04	3.243245497994608902e-17	3.209660445765809278e-03
1.369588429999999971e+04	2.930558806745840375e-17	3.159222318814348344e-03
1.369114386999999988e+04	2.647853035818345624e-17	3.109531180880593937e-03
1.368640685999999914e+04	2.392268831132918505e-17	3.060576596288902551e-03
1.368167329000000063e+04	2.161220461785906230e-17	3.012348771382976353e-03
1.367694314999999915e+04	1.952365741033105789e-17	2.964837719299131657e-03
1.367221643000000040e+04	1.763584769352878117e-17	2.918033575459524648e-03
1.366749313000000075e+04	1.592959308322991372e-17	2.871926693280618583e-03
1.366277325000000019e+04	1.438753302179275009e-17	2.826507540539634558e-03
1.365805678000000080e+04	1.299395407171740302e-17	2.781766604172057622e-03
1.365334372000000076e+04	1.173464054830789608e-17	2.737694581645083811e-03
1.364863406000000032e+04	1.059672727211983331e-17	2.694282190113370026e-03
1.364392780999999923e+04	9.568578989426756615e-18	2.651520442572646158e-03
1.363922494999999981e+04	8.639662886834886278e-18	2.609400189184485352e-03
1.363452548999999999e+04	7.800456679649722033e-18	2.567912661417320972e-03
1.362982942000000003e+04	7.042343020983816096e-18	2.527049019915736123e-03
1.362513673000000017e+04	6.357527759139015411e-18	2.486800536370536042e-03
1.362044743000000017e+04	5.738964255655770781e-18	2.447158760215143499e-03
1.361576151000000027e+04	5.180276841314302377e-18	2.408115174527290792e-03
1.361107897000000048e+04	4.675701092367747259e-18	2.369661451703345204e-03
1.360639978999999948e+04	4.220022484621604696e-18	2.331789205388071478e-03
1.360172399000000041e+04	3.808529815009583381e-18	2.294490476247848607e-03
1.359705155000000013e+04	3.436959846883245541e-18	2.257757083426926818e-03
1.359238247000000047e+04	3.101460002879092223e-18	2.221581107979739116e-03
1.358771674999999959e+04	2.798547372515260672e-18	2.185954728857913629e-03
1.358305438999999933e+04	2.525073455520176838e-18	2.150870221955510000e-03
1.357839537000000018e+04	2.278191239294736099e-18	2.116319811924958008e-03
1.357373970000000008e+04	2.055329070284296759e-18	2.082296044667248172e-03
1.356908738000000085e+04	1.854162109846458797e-18	2.048791484300184051e-03
1.356443839999999909e+04	1.672588919779100048e-18	2.015798717576460994e-03
1.355979275000000052e+04	1.508710565024361692e-18	1.983310427512799314e-03
1.355515042999999969e+04	1.360811505712986222e-18	1.951319460730608800e-03
1.355051144999999997e+04	1.227341890264407268e-18	1.919818821396745111e-03
1.354587578000000030e+04	1.106900331987011194e-18	1.888801333284676398e-03
1.354124344999999994e+04	9.982222957308813673e-19	1.858260312916293821e-03
1.353661441999999988e+04	9.001637828400337465e-19	1.828188701156044588e-03
1.353198871999999938e+04	8.116928852841039196e-19	1.798579985377028907e-03
1.352736631999999918e+04	7.318763384845234928e-19	1.769427351516418253e-03
1.352274724000000060e+04	6.598720799032755689e-19	1.740724389708975944e-03
1.351813145000000077e+04	5.949188190969271000e-19	1.712464462586854586e-03
1.351351896999999917e+04	5.363297455247042684e-19	1.684641325815188590e-03
1.350890978999999970e+04	4.834842230214291379e-19	1.657248632823115145e-03
1.350430390000000079e+04	4.358218475772080817e-19	1.630280121622150512e-03
1.349970129000000088e+04	3.928366309274217091e-19	1.603729613827299238e-03
1.349510197999999946e+04	3.540719830225118787e-19	1.577591182909830443e-03
1.349050595000000067e+04	3.191153370842314908e-19	1.551858751684538976e-03
1.348591320000000087e+04	2.875944092646855389e-19	1.526526436682947669e-03
1.348132372000000032e+04	2.591730676934798694e-19	1.501588377155005025e-03
1.347673752000000059e+04	2.335480172815589655e-19	1.477038897640985810e-03
1.347215458000000035e+04	2.104453368043135044e-19	1.452872237437264746e-03
1.346757490999999936e+04	1.896179524112884813e-19	1.429082870938274330e-03
1.346299849999999969e+04	1.708427845080956625e-19	1.405665241129570040e-03
1.345842534999999953e+04	1.539185596821334231e-19	1.382613916565162294e-03
1.345385546000000068e+04	1.386636471323819676e-19	1.359923537442112810e-03
1.344928881999999976e+04	1.249141231853332385e-19	1.337588766268956722e-03
1.344472542000000067e+04	1.125220882813866607e-19	1.315604338531879778e-03
1.344016527999999926e+04	1.013541775881559771e-19	1.293965203097257330e-03
1.343560836999999992e+04	9.128995089375029038e-20	1.272666139626973166e-03
1.343105470000000059e+04	8.222084920849081453e-20	1.251702186658347786e-03
1.342650425999999970e+04	7.404890219460504915e-20	1.231068356780369230e-03
1.342195706000000064e+04	6.668577281365410787e-20	1.210759820052798291e-03
1.341741308000000026e+04	6.005173599582250088e-20	1.190771678202189043e-03
1.341287233000000015e+04	5.407493108313297018e-20	1.171099231835450892e-03
1.340833479000000079e+04	4.869051043594544027e-20	1.151737715695058673e-03
1.340380047999999988e+04	4.384003994715275371e-20	1.132682599565863410e-03
1.339926936999999998e+04	3.947077281303832598e-20	1.113929205079147505e-03
1.339474148000000059e+04	3.553519549421949468e-20	1.095473125245996103e-03
1.339021680000000015e+04	3.199043852701497535e-20	1.077309889441512014e-03
1.338569532000000072e+04	2.879785208568088636e-20	1.059435089646836459e-03
1.338117704000000049e+04	2.592259848302282332e-20	1.041844418297641203e-03
1.337666194999999971e+04	2.333326511316593046e-20	1.024533588472665126e-03
1.337215005999999994e+04	2.100154567830538164e-20	1.007498448506626053e-03
1.336764135999999962e+04	1.890191373453968511e-20	9.907348279309610446e-04
1.336313585000000057e+04	1.701136573448443283e-20	9.742386515111101358e-04
1.335863351999999941e+04	1.530916437023121973e-20	9.580058641667258627e-04
1.335413436000000002e+04	1.377662067353984653e-20	9.420324682755197966e-04
1.334963839000000007e+04	1.239690127193686695e-20	9.263146270106837384e-04
1.334514559000000008e+04	1.115482395395680003e-20	9.108484165257143281e-04
1.334065596000000005e+04	1.003671396583317665e-20	8.956300377546285406e-04
1.333616949000000022e+04	9.030247075560577352e-21	8.806557111011674693e-04
1.333168619000000035e+04	8.124323201866748046e-21	8.659217761821741627e-04
1.332720605000000069e+04	7.308937265376464725e-21	8.514245576782852095e-04
1.332272905999999966e+04	6.575075868858017533e-21	8.371604329586419075e-04
1.331825523000000067e+04	5.914622200723004749e-21	8.231258936493070786e-04
1.331378455000000031e+04	5.320261325358624754e-21	8.093174175650716482e-04
1.330931701000000066e+04	4.785404394286874866e-21	7.957315332567147610e-04
1.330485261999999966e+04	4.304118905128833637e-21	7.823648787614118560e-04
1.330039135999999962e+04	3.871058362260024358e-21	7.692140501072365546e-04
1.329593325000000004e+04	3.481411315143102293e-21	7.562758091583860658e-04
1.329147825999999986e+04	3.130840285539632548e-21	7.435468188328683576e-04
1.328702641000000040e+04	2.815443178365232189e-21	7.310239327533223043e-04
1.328257768000000033e+04	2.531703252763529805e-21	7.187039363624109006e-04
1.327813207999999941e+04	2.276455815558386352e-21	7.065837443781566559e-04
1.327368959999999970e+04	2.046850154449116778e-21	6.946602606546172952e-04
1.326925022999999965e+04	1.840319716565335613e-21	6.829304342686661616e-04
1.326481398000000081e+04	1.654554684749394528e-21	6.713913105287161540e-04
1.326038083000000006e+04	1.487474367051086303e-21	6.600398993278089061e-04
1.325595080000000053e+04	1.337207153110442600e-21	6.488733556763634763e-04
1.325152385999999933e+04	1.202066579827031751e-21	6.378887496827062966e-04
1.324710002999999961e+04	1.080536156097688320e-21	6.270833181006786779e-04
1.324267929999999978e+04	9.712500107921112886e-22	6.164542633290263397e-04
1.323826166000000012e+04	8.729788574035848817e-22	6.059988290579866035e-04
1.323384711000000061e+04	7.846165753228819642e-22	5.957143228206441404e-04
1.322943564999999944e+04	7.051676862818097207e-22	5.855980908746463492e-04
1.322502727000000050e+04	6.337361793253416158e-22	5.756474953134253520e-04
1.322062197000000015e+04	5.695159359435905328e-22	5.658599594193403515e-04
1.321621975000000020e+04	5.117815777521992314e-22	5.562329436984808336e-04
1.321182061000000067e+04	4.598804126742361941e-22	5.467639454016314611e-04
1.320742453000000023e+04	4.132249797895289997e-22	5.374504560138705167e-04
1.320303153000000020e+04	3.712871603145603997e-22	5.282900882194055750e-04
1.319864158999999927e+04	3.335914405652979952e-22	5.192804059274919257e-04
1.319425470999999925e+04	2.997102368432640409e-22	5.104190505757541085e-04
1.318987089000000014e+04	2.692589024639895213e-22	5.017036979683194703e-04
1.318549013000000014e+04	2.418914332491556590e-22	4.931320578275873038e-04
1.318111240999999973e+04	2.172964942348024125e-22	4.847018351429463684e-04
1.317673775000000023e+04	1.951942791716704135e-22	4.764108455655970066e-04
1.317236613000000034e+04	1.753329243487157547e-22	4.682568608967955398e-04
1.316799755999999979e+04	1.574860554856003383e-22	4.602377420889137071e-04
1.316363201999999910e+04	1.414499713261200986e-22	4.523513268709078699e-04
1.315926951999999983e+04	1.270416023457160926e-22	4.445955394611478934e-04
1.315491006000000016e+04	1.140962858844167722e-22	4.369683164372897095e-04
1.315055362000000059e+04	1.024659067367102099e-22	4.294675906704864803e-04
1.314620021000000088e+04	9.201736969059401963e-23	4.220913776791526358e-04
1.314184982999999920e+04	8.263097807084318328e-23	4.148377049683319058e-04
1.313750245999999970e+04	7.419907857453280605e-23	4.077045967178357321e-04
1.313315812000000005e+04	6.662496438455203309e-23	4.006901720879302103e-04
1.312881677999999920e+04	5.982161138152677924e-23	3.937924977907132857e-04
1.312447846000000027e+04	5.371086947792909842e-23	3.870097491729206475e-04
1.312014314999999988e+04	4.822244342800041847e-23	3.803400814346234835e-04
1.311581084000000010e+04	4.329315042858976291e-23	3.737816780465114119e-04
1.311148152999999911e+04	3.886621242611592176e-23	3.673327651194944533e-04
1.310715522000000055e+04	3.489059724509012314e-23	3.609915952801866484e-04
1.310283191000000079e+04	3.132043922427667858e-23	3.547564473112817273e-04
1.309851159000000007e+04	2.811451101487097755e-23	3.486256117199541273e-04
1.309419426000000021e+04	2.523577098267937530e-23	3.425974192172368113e-04
1.308987990999999965e+04	2.265092625912518128e-23	3.366702119679686363e-04
1.308556854999999996e+04	2.033007173775318693e-23	3.308423845684057944e-04
1.308126016999999956e+04	1.824632494945132872e-23	3.251123287462567390e-04
1.307695476000000053e+04	1.637553282904056791e-23	3.194784611444097060e-04
1.307265233000000080e+04	1.469600281881224708e-23	3.139392484976994725e-04
1.306835287000000062e+04	1.318823741112652133e-23	3.084931549567332789e-04
1.306405637999999999e+04	1.183472391221848547e-23	3.031386809101709631e-04
1.305976284999999916e+04	1.061972671009840164e-23	2.978743373127146535e-04
1.305547227999999996e+04	9.529113205118015509e-24	2.926986702834426636e-04
1.305118468000000030e+04	8.550190246603220785e-24	2.876102597962897252e-04
1.304690001999999913e+04	7.671547646483334661e-24	2.826076605175078626e-04
1.304261832999999933e+04	6.882948844953671994e-24	2.776895192141855522e-04
1.303833957999999984e+04	6.175188418406267683e-24	2.728544343270607533e-04
1.303406377000000066e+04	5.540004287157840745e-24	2.681010604541873648e-04
1.302979090999999971e+04	4.969977399053036444e-24	2.634280835931441926e-04
1.302552099000000089e+04	4.458442206574769540e-24	2.588341879592900006e-04
1.302125401000000056e+04	3.999414186659999138e-24	2.543180889560517398e-04
1.301698996000000079e+04	3.587518310514780391e-24	2.498785113595056108e-04
1.301272883999999976e+04	3.217929097497909858e-24	2.455142101982818567e-04
1.300847064999999930e+04	2.886313593581220630e-24	2.412239596327788848e-04
1.300421538999999939e+04	2.588781263990901340e-24	2.370065526848403042e-04
1.299996305000000029e+04	2.321838371397554253e-24	2.328607913014002896e-04
1.299571362000000045e+04	2.082348353195953760e-24	2.287854963917380295e-04
1.299146711999999934e+04	1.867496841980068482e-24	2.247795356104503167e-04
1.298722351999999955e+04	1.674754775262293964e-24	2.208417471570161292e-04
1.298298284000000058e+04	1.501854120468131381e-24	2.169710338599025866e-04
1.297874507000000085e+04	1.346757612446791619e-24	2.131662879152864049e-04
1.297451019000000088e+04	1.207636315225211795e-24	2.094264103921100761e-04
1.297027822000000015e+04	1.082849865737361177e-24	2.057503547567687884e-04
1.296604915000000074e+04	9.709249743011280036e-25	2.021370644463575314e-04
1.296182296999999926e+04	8.705393857911277517e-25	1.985854997657234716e-04
1.295759968999999910e+04	7.805068396245845991e-25	1.950946540256774870e-04
1.295337930000000051e+04	6.997622694817001206e-25	1.916635196917033381e-04
1.294916179000000011e+04	6.273499028905016066e-25	1.882911053634136762e-04
1.294494715999999971e+04	5.624122199317277378e-25	1.849764433275757393e-04
1.294073542000000089e+04	5.041798333822114079e-25	1.817185886728239850e-04
1.293652655000000050e+04	4.519619478821872250e-25	1.785165882595792148e-04
1.293232056000000011e+04	4.051391015777630306e-25	1.753695269115987517e-04
1.292811743999999999e+04	3.631552441063339824e-25	1.722764888367800981e-04
1.292391718000000037e+04	3.255114963791489093e-25	1.692365729956959931e-04
1.291971980000000076e+04	2.917605151077210118e-25	1.662489140506566681e-04
1.291552527000000009e+04	2.615005651031170283e-25	1.633126248546630315e-04
1.291133360999999968e+04	2.343716065649894278e-25	1.604268674297490405e-04
1.290714480000000003e+04	2.100503844444743699e-25	1.575907894586539267e-04
1.290295885000000089e+04	1.882470984584658193e-25	1.548035725695644758e-04
1.289877575000000070e+04	1.687016803262422829e-25	1.520643979964895380e-04
1.289459549999999945e+04	1.511809002387564866e-25	1.493724666398149430e-04
1.289041808999999921e+04	1.354755202064734943e-25	1.467269857700502413e-04
1.288624352999999974e+04	1.213979398904169209e-25	1.441271878897770579e-04
1.288207179999999971e+04	1.087798012944109951e-25	1.415722991413232497e-04
1.287790291000000070e+04	9.747020239766653088e-26	1.390615764891390616e-04
1.287373686000000089e+04	8.733377452422585068e-26	1.365942825268529602e-04
1.286957363000000078e+04	7.824907519140164214e-26	1.341696800304556210e-04
1.286541323999999986e+04	7.010728336866199017e-26	1.317870668193768990e-04
1.286125567000000046e+04	6.281073421043379588e-26	1.294457289866882935e-04
1.285710092000000077e+04	5.627188974100322516e-26	1.271449755697090696e-04
1.285294899000000078e+04	5.041225463956638473e-26	1.248841266374592460e-04
1.284879988000000048e+04	4.516144468649961552e-26	1.226625131260314643e-04
1.284465358000000015e+04	4.045634015767371980e-26	1.204794714553724592e-04
1.284051008999999976e+04	3.624036065848034080e-26	1.183343540724199523e-04
1.283636940999999933e+04	3.246277748109657492e-26	1.162265238020580242e-04
1.283223154000000068e+04	2.907811002740616928e-26	1.141553536914246528e-04
1.282809646000000066e+04	2.604557043027408674e-26	1.121202170959182591e-04
1.282396419000000060e+04	2.332862228517972977e-26	1.101205171358915188e-04
1.281983472000000074e+04	2.089449145326845967e-26	1.081556518860949333e-04
1.281570802999999978e+04	1.871379529089205655e-26	1.062250247193166478e-04
1.281158414000000084e+04	1.676021639383699026e-26	1.043280673428795854e-04
1.280746304000000055e+04	1.501014963637733498e-26	1.024642067070698096e-04
1.280334471999999914e+04	1.344243822771912069e-26	1.006328792466925650e-04
1.279922919000000002e+04	1.203812674553991357e-26	9.883353939980142979e-05
1.279511643000000004e+04	1.078021607162885194e-26	9.706563741841081215e-05
1.279100645000000077e+04	9.653480384016721768e-27	9.532864546401442372e-05
1.278689925000000039e+04	8.644270731109107303e-27	9.362203991281512427e-05
1.278279480999999942e+04	7.740350861097876695e-27	9.194529753240851587e-05
1.277869314999999915e+04	6.930763875583422210e-27	9.029791992880287221e-05
1.277459425000000010e+04	6.205682951606451919e-27	8.867940073203373367e-05
1.277049811000000045e+04	5.556306293454679527e-27	8.708924990826506774e-05
1.276640473999999995e+04	4.974748087987551722e-27	8.552698918014601799e-05
1.276231411999999909e+04	4.453938177662081789e-27	8.399213670412231092e-05
1.275822624999999971e+04	3.987544471786511133e-27	8.248422619038200845e-05
1.275414113999999972e+04	3.569894366333018870e-27	8.100280254949613300e-05
1.275005877999999939e+04	3.195903323368987436e-27	7.954741086720046707e-05
1.274597916000000077e+04	2.861016181413977815e-27	7.811760384718572541e-05
1.274190228999999999e+04	2.561153534240441245e-27	7.671294851966932275e-05
1.273782814999999937e+04	2.292658582994120729e-27	7.533300874993902464e-05
1.273375676000000021e+04	2.052257978773588444e-27	7.397736910043462379e-05
1.272968809999999939e+04	1.837016967867366433e-27	7.264560762102985954e-05
1.272562217000000055e+04	1.644307804461932502e-27	7.133731600315927970e-05
1.272155897000000004e+04	1.471776592712640225e-27	7.005209264215169417e-05
1.271749849999999969e+04	1.317314814116431047e-27	6.878954253324037369e-05
1.271344074999999975e+04	1.179033485490329737e-27	6.754927413863492881e-05
1.270938572999999997e+04	1.055241321185013458e-27	6.633090848077867984e-05
1.270533342000000084e+04	9.444226051949051784e-28	6.513406388641523165e-05
1.270128383000000031e+04	8.452206503395669336e-28	6.395837391476672993e-05
1.269723695000000043e+04	7.564198786829536022e-28	6.280347236226700562e-05
1.269319278999999915e+04	6.769320594754761963e-28	6.166900478224486711e-05
1.268915133000000060e+04	6.057820420359362751e-28	6.055461424024937876e-05
1.268511256999999932e+04	5.420969403088105190e-28	5.945995536450525366e-05
1.268107652000000053e+04	4.850951941994866455e-28	5.838469113952964246e-05
1.267704317000000083e+04	4.340766350309538608e-28	5.732848480248696412e-05
1.267301251000000047e+04	3.884143219538407630e-28	5.629100530948944777e-05
1.266898454999999922e+04	3.475470880121255611e-28	5.527193225760297624e-05
1.266495927999999913e+04	3.109722472824166622e-28	5.427094550155407867e-05
1.266093670000000020e+04	2.782398016570632414e-28	5.328773276776058615e-05
1.265691681000000062e+04	2.489468344808307445e-28	5.232198697497507150e-05
1.265289960000000065e+04	2.227325334616730220e-28	5.137340381137721731e-05
1.264888507000000027e+04	1.992739300907541871e-28	5.044168645605151422e-05
1.264487321999999949e+04	1.782818699507993237e-28	4.952654303416129128e-05
1.264086404000000039e+04	1.594974356353025298e-28	4.862768431599740951e-05
1.263685754000000088e+04	1.426889244466693115e-28	4.774483038409329638e-05
1.263285370999999941e+04	1.276488253877493847e-28	4.687770158776212811e-05
1.262885253999999986e+04	1.141913858855084439e-28	4.602602306358891045e-05
1.262485404000000017e+04	1.021503908067412662e-28	4.518952880338567306e-05
1.262085820000000058e+04	9.137699082954768192e-29	4.436795306592363663e-05
1.261686503000000084e+04	8.173800013225892899e-29	4.356103867497134569e-05
1.261287449999999990e+04	7.311411366008811386e-29	4.276852478557715062e-05
1.260888664000000063e+04	6.539867286650721638e-29	4.199016684738026149e-05
1.260490142000000014e+04	5.849609489348342755e-29	4.122571270048730967e-05
1.260091885000000002e+04	5.232090425490005042e-29	4.047492219635043768e-05
1.259693893000000025e+04	4.679658049972422838e-29	3.973755728757458335e-05
1.259296166000000085e+04	4.185463826362381432e-29	3.901338393154036227e-05
1.258898702000000048e+04	3.743376416507785273e-29	3.830216847847662631e-05
1.258501502000000073e+04	3.347912090445683607e-29	3.760368663055511283e-05
1.258104565999999977e+04	2.994162129817343057e-29	3.691771606526127061e-05
1.257707892999999967e+04	2.677732948336062726e-29	3.624403652719869256e-05
1.257311483000000044e+04	2.394693724843493741e-29	3.558243322213758573e-05
1.256915336000000025e+04	2.141526913131881467e-29	3.493269498378623572e-05
1.256519451999999910e+04	1.915084874733985353e-29	3.429461421531561957e-05
1.256123830000000089e+04	1.712550569072477718e-29	3.366798526164169691e-05
1.255728470000000016e+04	1.531403915198539115e-29	3.305260757447728260e-05
1.255333371000000079e+04	1.369389618437479083e-29	3.244828248583151163e-05
1.254938534000000072e+04	1.224490564603926217e-29	3.185481775428921448e-05
1.254543958999999995e+04	1.094901549824624577e-29	3.127202285581085975e-05
1.254149644000000080e+04	9.790068911433707973e-30	3.069970762304951033e-05
1.253755589999999938e+04	8.753619848115282553e-30	3.013768951143930099e-05
1.253361795999999958e+04	7.826738583616687720e-30	2.958578622472033008e-05
1.252968262999999934e+04	6.997862294644101598e-30	2.904382137012077915e-05
1.252574990000000071e+04	6.256642358288320501e-30	2.851161880136047924e-05
1.252181976000000031e+04	5.593821462020179232e-30	2.798900544279287288e-05
1.251789221999999972e+04	5.001121519068933164e-30	2.747581382736958322e-05
1.251396726999999919e+04	4.471134213055535719e-30	2.697187672899351493e-05
1.251004491000000053e+04	3.997234056545604924e-30	2.647703109250378604e-05
1.250612513000000035e+04	3.573493368668709710e-30	2.599111541722585835e-05
1.250220794000000024e+04	3.194611976401975579e-30	2.551397344065844128e-05
