Wavenumber	Minor Gaussian	Major Gaussian
1.999839949999999953e+04	5.370488060979155098e-12	8.289470235233812310e-05
1.998799624000000040e+04	6.529457525539350954e-12	8.714008270371947896e-05
1.997760411999999997e+04	7.930964574383835039e-12	9.158418774895430521e-05
1.996722313999999824e+04	9.624130917326066770e-12	9.623533835749251250e-05
1.995685327999999936e+04	1.166768880317375514e-11	1.011021654931541422e-04
1.994649451000000045e+04	1.413179184589478437e-11	1.061936161378947510e-04
1.993614682000000175e+04	1.710014597884854392e-11	1.115189477166508419e-04
1.992581019999999990e+04	2.067253351507064932e-11	1.170877459731545982e-04
1.991548461999999927e+04	2.496779317313717835e-11	1.229099457940679941e-04
1.990517007000000012e+04	3.012730478274380257e-11	1.289958191955225273e-04
1.989486652999999933e+04	3.631911461485801501e-11	1.353560013224817526e-04
1.988457398000000103e+04	4.374276677051041985e-11	1.420014950871375712e-04
1.987429239999999845e+04	5.263497756660209908e-11	1.489436812442019328e-04
1.986402178999999887e+04	6.327626631392356292e-11	1.561943142017259325e-04
1.985376210999999967e+04	7.599880788083570768e-11	1.637655744357885293e-04
1.984351335000000108e+04	9.119548364876284917e-11	1.716700304176073041e-04
1.983327549999999974e+04	1.093305619211448594e-10	1.799206690386368000e-04
1.982304853000000003e+04	1.309521884675659549e-10	1.885309235920492070e-04
1.981283242999999857e+04	1.567068382109998588e-10	1.975146525741904111e-04
1.980262718999999925e+04	1.873562632708285042e-10	2.068861658590080439e-04
1.979243277999999918e+04	2.237972710896393402e-10	2.166602555230402293e-04
1.978224918999999863e+04	2.670845258547555231e-10	2.268521706147431883e-04
1.977207640000000174e+04	3.184572766206297451e-10	2.374776565625739922e-04
1.976191439000000173e+04	3.793702514826880895e-10	2.485529580244438754e-04
1.975176314999999886e+04	4.515294405453141952e-10	2.600948192568061060e-04
1.974162266000000091e+04	5.369337543356040895e-10	2.721205179646549893e-04
1.973149290000000110e+04	6.379230611423427217e-10	2.846478673317866465e-04
1.972137385999999969e+04	7.572336571029435738e-10	2.976952152442695126e-04
1.971126551000000109e+04	8.980628277596163535e-10	3.112814951848716805e-04
1.970116785000000164e+04	1.064142302578914145e-09	3.254261729502096255e-04
1.969108084999999846e+04	1.259824524132570323e-09	3.401493400177718444e-04
1.968100449999999910e+04	1.490180272038599524e-09	3.554716577019578902e-04
1.967093878000000041e+04	1.761112380258488756e-09	3.714144123995687910e-04
1.966088366999999926e+04	2.079485727954017171e-09	3.879995149403825264e-04
1.965083915999999954e+04	2.453276287852694806e-09	4.052494962335253495e-04
1.964080523000000176e+04	2.891743180350811728e-09	4.231875534188970795e-04
1.963078186999999889e+04	3.405624370921631713e-09	4.418375287024514392e-04
1.962076904999999897e+04	4.007363139445818802e-09	4.612239781684948506e-04
1.961076675999999861e+04	4.711363364694032251e-09	4.813721107677285246e-04
1.960077497999999832e+04	5.534285188709399102e-09	5.023078579956259497e-04
1.959079371000000174e+04	6.495378242033073852e-09	5.240578248016992437e-04
1.958082290999999896e+04	7.616870169571148330e-09	5.466494330097461862e-04
1.957086258000000089e+04	8.924395191371347781e-09	5.701107605143929721e-04
1.956091269000000102e+04	1.044749832835647687e-08	5.944707114144463875e-04
1.955097323999999935e+04	1.222019220117715043e-08	6.197588881235418156e-04
1.954104420000000027e+04	1.428160800812031053e-08	6.460057519261193024e-04
1.953112556000000041e+04	1.667671561208686870e-08	6.732425117334032679e-04
1.952121730000000025e+04	1.945715508617509047e-08	7.015012145298299808e-04
1.951131941000000006e+04	2.268216748309092910e-08	7.308147039073782268e-04
1.950143187000000034e+04	2.641965947890817815e-08	7.612166906022698127e-04
1.949155466000000160e+04	3.074739884388995718e-08	7.927417391379131114e-04
1.948168777000000046e+04	3.575436198861592350e-08	8.254252476151398375e-04
1.947183118000000104e+04	4.154226927756434435e-08	8.593035248614476615e-04
1.946198487999999998e+04	4.822729573907939592e-08	8.944137373201680721e-04
1.945214884000000166e+04	5.594202982525226089e-08	9.307940285905824630e-04
1.944232305999999880e+04	6.483761832118458888e-08	9.684833508266435780e-04
1.943250750999999946e+04	7.508626633200443715e-08	1.007521699662027904e-03
1.942270218999999997e+04	8.688393670433249113e-08	1.047949896630460042e-03
1.941290707000000111e+04	1.004535039714367733e-07	1.089809840522610023e-03
1.940312213999999949e+04	1.160481629608810839e-07	1.133144317323528556e-03
1.939334737999999925e+04	1.339553467199478513e-07	1.177997137028778153e-03
1.938358279000000039e+04	1.545010131625867656e-07	1.224413008679507350e-03
1.937382833000000028e+04	1.780546216775753143e-07	1.272437835807450120e-03
1.936408399999999892e+04	2.050343841518226866e-07	1.322118347786103900e-03
1.935434977000000072e+04	2.359134747462762889e-07	1.373502451878238790e-03
1.934462565000000177e+04	2.712265624210126939e-07	1.426638882690934055e-03
1.933491159999999945e+04	3.115776128956914510e-07	1.481577692849730911e-03
1.932520761000000130e+04	3.576479712008701856e-07	1.538369835874757582e-03
1.931551367000000027e+04	4.102057258777559132e-07	1.597067331828321956e-03
1.930582977000000028e+04	4.701160073582711648e-07	1.657723277007038670e-03
1.929615587999999843e+04	5.383525617511007210e-07	1.720391985042507782e-03
1.928649198999999862e+04	6.160101714636619773e-07	1.785128745826313661e-03
1.927683809000000110e+04	7.043187742791833260e-07	1.851989953213068873e-03
1.926719414999999935e+04	8.046591894290043767e-07	1.921033258840206155e-03
1.925756017000000065e+04	9.185797709641621158e-07	1.992317228235852486e-03
1.924793612999999823e+04	1.047815818896270065e-06	2.065901700664318861e-03
1.923832200999999986e+04	1.194310288268947351e-06	2.141847660576868921e-03
1.922871779999999853e+04	1.360236614658091828e-06	2.220217161933765032e-03
1.921912349000000177e+04	1.548024131522247075e-06	2.301073407081892334e-03
1.920953904999999941e+04	1.760386371064902544e-06	2.384480929206240617e-03
1.919996446999999898e+04	2.000350881948767489e-06	2.470505260895510934e-03
1.919039975000000049e+04	2.271292819045931275e-06	2.559213005093144509e-03
1.918084485000000132e+04	2.576973254631588659e-06	2.650672310252923363e-03
1.917129977000000144e+04	2.921577256624040710e-06	2.744952132294667130e-03
1.916176449000000139e+04	3.309759784681631417e-06	2.842122797456810533e-03
1.915223900000000140e+04	3.746692976140724350e-06	2.942255716122178007e-03
1.914272327999999834e+04	4.238119706117355820e-06	3.045423588879550385e-03
1.913321731999999975e+04	4.790410217513431581e-06	3.151700197724876303e-03
1.912372109999999884e+04	5.410625910028199941e-06	3.261160623908298216e-03
1.911423460999999952e+04	6.106586512864962408e-06	3.373881024498370795e-03
1.910475782999999865e+04	6.886945765795221604e-06	3.489938862621967935e-03
1.909529074000000037e+04	7.761271755866567911e-06	3.609412796736378038e-03
1.908583334000000104e+04	8.740132571643852681e-06	3.732382415379307573e-03
1.907638560000000143e+04	9.835196432413085321e-06	3.858928875174270478e-03
1.906694752000000153e+04	1.105932865694364035e-05	3.989134117143747910e-03
1.905751907999999821e+04	1.242670889841246931e-05	4.123081522597242185e-03
1.904810024999999951e+04	1.395295186193865802e-05	4.260855801113808128e-03
1.903869104000000152e+04	1.565522946432435072e-05	4.402542243484423336e-03
1.902929142000000138e+04	1.755242480918250804e-05	4.548227885612716147e-03
1.901990137999999934e+04	1.966527432838737743e-05	4.698000619376405985e-03
1.901052089999999953e+04	2.201653721028913905e-05	4.851949638993290938e-03
1.900114996999999858e+04	2.463116719082648261e-05	5.010165113173352218e-03
1.899178858000000037e+04	2.753650389312299273e-05	5.172738327794366812e-03
1.898243671000000177e+04	3.076247989498519497e-05	5.339761856038563112e-03
1.897309433999999965e+04	3.434183694334876780e-05	5.511329385839507621e-03
1.896376147000000128e+04	3.831035130241904388e-05	5.687535325416852826e-03
1.895443807000000015e+04	4.270710458790307899e-05	5.868475721222501593e-03
1.894512413000000015e+04	4.757473168444163421e-05	6.054247312931574330e-03
1.893581965000000127e+04	5.295970813810987643e-05	6.244947672434340673e-03
1.892652459000000090e+04	5.891268602724769225e-05	6.440676226146233897e-03
1.891723895999999877e+04	6.548876614954981547e-05	6.641532379408778171e-03
1.890796272999999928e+04	7.274790128983008139e-05	6.847617380057320104e-03
1.889869589999999880e+04	8.075521721232937632e-05	7.059032799272958389e-03
1.888943844000000172e+04	8.958145221192100754e-05	7.275881845344953427e-03
1.888019034000000102e+04	9.930333249314208990e-05	7.498268217379993120e-03
1.887095159000000058e+04	1.100040282412103677e-04	7.726296521512561119e-03
1.886172218000000066e+04	1.217736208333729118e-04	7.960072247680633276e-03
1.885250207999999839e+04	1.347096264591334024e-04	8.199702271885114802e-03
1.884329130000000077e+04	1.489174358551846914e-04	8.445293278668967660e-03
1.883408980000000156e+04	1.645109959819174457e-04	8.696954091650528976e-03
1.882489758000000074e+04	1.816132561369824302e-04	8.954793263840963788e-03
1.881571462999999858e+04	2.003568532239187407e-04	9.218920365590061936e-03
1.880654091999999946e+04	2.208847871393745086e-04	9.489446289170998250e-03
1.879737644999999975e+04	2.433509904192706101e-04	9.766481762929938443e-03
1.878822120999999970e+04	2.679211166888088554e-04	1.005013846315421476e-02
1.877907517000000007e+04	2.947733251036328351e-04	1.034052934042053833e-02
1.876993832000000111e+04	3.240989515835216014e-04	1.063776734792080958e-02
1.876081065999999919e+04	3.561033311265756783e-04	1.094196566688310918e-02
1.875169215999999869e+04	3.910067884403451333e-04	1.125323901213395004e-02
1.874258281999999963e+04	4.290453110900946257e-04	1.157170159620425978e-02
1.873348260999999911e+04	4.704717006007742559e-04	1.189746914123380149e-02
1.872439153000000078e+04	5.155562776570525368e-04	1.223065674307762841e-02
1.871530956000000151e+04	5.645880929950810190e-04	1.257138060134279506e-02
1.870623669000000154e+04	6.178758168463202279e-04	1.291975690096890811e-02
1.869717291000000114e+04	6.757488455712719593e-04	1.327590212448880903e-02
1.868811819000000105e+04	7.385585443450508585e-04	1.363993382280770904e-02
1.867907253000000128e+04	8.066790492695412795e-04	1.401196858516608017e-02
1.867003591999999844e+04	8.805086837596237974e-04	1.439212355730731113e-02
1.866100833000000057e+04	9.604712808538484921e-04	1.478051687775449284e-02
1.865198976000000039e+04	1.047016991145492074e-03	1.517726550504978726e-02
1.864298020000000179e+04	1.140623863485389859e-03	1.558248684364221121e-02
1.863397961999999825e+04	1.241799289401723100e-03	1.599629920934801317e-02
1.862498802000000069e+04	1.351080781448593931e-03	1.641881950728816056e-02
1.861600537999999869e+04	1.469037856656667338e-03	1.685016545634751214e-02
1.860703168999999980e+04	1.596273058085445574e-03	1.729045415423997520e-02
1.859806694000000061e+04	1.733423444111098586e-03	1.773980248051685790e-02
1.858911111000000164e+04	1.881162156977452546e-03	1.819832756139815738e-02
1.858016417999999976e+04	2.040199714600164985e-03	1.866614624285095961e-02
1.857122615999999834e+04	2.211284843233427087e-03	1.914337341937773218e-02
1.856229702000000179e+04	2.395207181614386616e-03	1.963012566687358934e-02
1.855337673999999970e+04	2.592797860795561550e-03	2.012651860133389536e-02
1.854446532999999908e+04	2.804930369106645172e-03	2.063266561993832779e-02
1.853556275000000096e+04	3.032523825243067534e-03	2.114868235348117687e-02
1.852666901000000144e+04	3.276542000031513330e-03	2.167468092856125392e-02
1.851778408000000127e+04	3.537996965379778570e-03	2.221077509749143017e-02
1.850890796000000046e+04	3.817948580980021732e-03	2.275707606853288531e-02
1.850004061999999976e+04	4.117507601293154441e-03	2.331369606756699894e-02
1.849118206999999893e+04	4.437834705794578907e-03	2.388074393867241352e-02
1.848233227999999872e+04	4.780144459430369676e-03	2.445833010557181553e-02
1.847349123999999938e+04	5.145704469313315717e-03	2.504656273196256833e-02
1.846465894000000117e+04	5.535837182398521683e-03	2.564554890261001863e-02
1.845583536000000095e+04	5.951921452727078690e-03	2.625539525851544945e-02
1.844702049999999872e+04	6.395392152895072214e-03	2.687620586725372393e-02
1.843821433999999863e+04	6.867742992024416203e-03	2.750808492454872092e-02
1.842941686000000118e+04	7.370526517937741814e-03	2.815113534846289470e-02
1.842062805999999910e+04	7.905353623154235190e-03	2.880545721406016502e-02
1.841184792000000016e+04	8.473896473050742534e-03	2.947115061309728626e-02
1.840307643000000098e+04	9.077887300486054203e-03	3.014831338996940696e-02
1.839431356999999844e+04	9.719120114526231743e-03	3.083704259396399458e-02
1.838555933999999979e+04	1.039944880037356814e-02	3.153743206344800099e-02
1.837681371999999828e+04	1.112079018029897212e-02	3.224957550470305273e-02
1.836807669000000169e+04	1.188512267991580565e-02	3.297356489763788451e-02
1.835934824999999910e+04	1.269448426394497592e-02	3.370948873067528689e-02
1.835062839000000167e+04	1.355097458369421831e-02	3.445743438488999000e-02
1.834191707999999926e+04	1.445675579138673214e-02	3.521748902101923262e-02
1.833321431999999913e+04	1.541404679145174164e-02	3.598973518893607698e-02
1.832452009000000180e+04	1.642512740428423573e-02	3.677425508817903921e-02
1.831583438999999998e+04	1.749233285529913640e-02	3.757112695272950276e-02
1.830715720000000147e+04	1.861805711814423087e-02	3.838042859531243939e-02
1.829848849999999948e+04	1.980474927125805765e-02	3.920223558357844446e-02
1.828982829000000129e+04	2.105490880509153576e-02	4.003661923380123083e-02
1.828117655000000013e+04	2.237108911355745536e-02	4.088365033849231112e-02
1.827253326999999990e+04	2.375589112529670824e-02	4.174339625041727925e-02
1.826389843000000110e+04	2.521196388952474249e-02	4.261592277723719874e-02
1.825527203999999983e+04	2.674199501991894948e-02	4.350129006016091593e-02
1.824665406000000075e+04	2.834872164548878429e-02	4.439956067405152057e-02
1.823804449999999997e+04	3.003490942712802939e-02	4.531078930105213176e-02
1.822944332999999824e+04	3.180336562438136616e-02	4.623503200987860717e-02
1.822085054999999920e+04	3.365692184504198020e-02	4.717233882545837642e-02
1.821226613999999972e+04	3.559844005197712602e-02	4.812275900052000177e-02
1.820369009000000005e+04	3.763080203691094444e-02	4.908633772344296597e-02
1.819512240000000020e+04	3.975690430317258689e-02	5.006311597651422196e-02
1.818656304000000091e+04	4.197966324720916326e-02	5.105313505358790444e-02
1.817801199999999881e+04	4.430199792663235686e-02	5.205643084305998369e-02
1.816946928000000116e+04	4.672682639858494191e-02	5.307303480257258982e-02
1.816093485000000146e+04	4.925707154180066633e-02	5.410297867910641295e-02
1.815240871999999945e+04	5.189563495805693538e-02	5.514628608099501894e-02
1.814389085999999952e+04	5.464541454239365409e-02	5.620298207781847938e-02
1.813538127000000168e+04	5.750927673311665572e-02	5.727308462296834546e-02
1.812687992999999915e+04	6.049006568556833385e-02	5.835661066154067267e-02
1.811838682999999946e+04	6.359058664827194063e-02	5.945357234839990929e-02
1.810990194999999949e+04	6.681360590111631859e-02	6.056397954677573969e-02
1.810142529999999897e+04	7.016182811019582022e-02	6.168783452678355123e-02
1.809295684999999867e+04	7.363791579907236207e-02	6.282514112066321654e-02
1.808449658999999883e+04	7.724445874050936411e-02	6.397589680639757803e-02
1.807604450999999972e+04	8.098397355896418126e-02	6.514009526198344391e-02
1.806760060000000158e+04	8.485889573516429418e-02	6.631772632073003326e-02
1.805916485000000102e+04	8.887157147802694779e-02	6.750877592789406023e-02
1.805073723999999856e+04	9.302425449606266383e-02	6.871322753649711235e-02
1.804231777000000147e+04	9.731908296856223162e-02	6.993105778785860260e-02
1.803390641999999934e+04	1.017580908497826286e-01	7.116224218915173649e-02
1.802550316999999995e+04	1.063431900859210522e-01	7.240675226916967744e-02
1.801710802999999942e+04	1.110761449556380009e-01	7.366455102145616496e-02
1.800872096999999849e+04	1.159586022138580919e-01	7.493560327971460211e-02
1.800034199000000081e+04	1.209920435918115100e-01	7.621986524015926523e-02
1.799197106999999960e+04	1.261778060066244267e-01	7.751729196433083946e-02
1.798360820999999851e+04	1.315170491471986669e-01	7.882783121844343099e-02
1.797525337999999829e+04	1.370107786422694873e-01	8.015143123764957578e-02
1.796690657999999894e+04	1.426597995871266011e-01	8.148803129694033587e-02
1.795856780000000072e+04	1.484647338684334517e-01	8.283756793765284510e-02
1.795023702000000048e+04	1.544260132808235597e-01	8.419997502985236693e-02
1.794191423999999824e+04	1.605438505132147087e-01	8.557517885335183538e-02
1.793359944000000178e+04	1.668182603577770817e-01	8.696310461973877359e-02
1.792529261000000042e+04	1.732490309884830992e-01	8.836367154003074709e-02
1.791699374000000171e+04	1.798357241478228397e-01	8.977679443583244656e-02
1.790870281999999861e+04	1.865776685896352316e-01	9.120238372548943040e-02
1.790041982999999891e+04	1.934739622867282238e-01	9.264034715644477169e-02
1.789214476999999897e+04	2.005234417026528215e-01	9.409058459519505091e-02
1.788387762999999904e+04	2.077247008362781699e-01	9.555299318604398850e-02
1.787561837999999989e+04	2.150760961518381476e-01	9.702746922056559864e-02
1.786736703000000125e+04	2.225756887781203119e-01	9.851389743787310194e-02
1.785912356000000000e+04	2.302213022315379720e-01	1.000121634783474878e-01
1.785088795000000027e+04	2.380104929392809765e-01	1.015221486000779244e-01
1.784266020999999819e+04	2.459405179396767505e-01	1.030437241078804300e-01
1.783444029999999839e+04	2.540084088910201654e-01	1.045767661039454649e-01
1.782622824000000037e+04	2.622108636318233321e-01	1.061211351122262059e-01
1.781802400000000125e+04	2.705443522899380060e-01	1.076766965621450689e-01
1.780982757000000129e+04	2.790050478487278163e-01	1.092433077508115497e-01
1.780163894000000073e+04	2.875888454097804137e-01	1.108208215694658494e-01
1.779345809999999983e+04	2.962913626317171811e-01	1.124090865175916970e-01
1.778528503999999884e+04	3.051079408124623416e-01	1.140079467191083967e-01
1.777711975000000166e+04	3.140336466261257620e-01	1.156172419406442109e-01
1.776896222000000125e+04	3.230632745238167791e-01	1.172368076118977392e-01
1.776081244000000152e+04	3.321913498056886516e-01	1.188664748480763450e-01
1.775267037999999957e+04	3.414121551392856335e-01	1.205060745158759022e-01
1.774453605999999854e+04	3.507196556354897909e-01	1.221554231564174059e-01
1.773640943999999945e+04	3.601076288043443263e-01	1.238143451992869820e-01
1.772829052999999840e+04	3.695695447912130116e-01	1.254826507244677092e-01
1.772017930999999953e+04	3.790986646929679349e-01	1.271601517569295181e-01
1.771207575999999972e+04	3.886880134597948677e-01	1.288466562371996249e-01
1.770397988999999870e+04	3.983303517730123477e-01	1.305419617548828348e-01
1.769589168000000063e+04	4.080182555147636725e-01	1.322458680750696336e-01
1.768781110999999873e+04	4.177440896697715567e-01	1.339581709924743125e-01
1.767973818000000028e+04	4.274999937462276023e-01	1.356786580976779011e-01
1.767167287999999826e+04	4.372779280968420168e-01	1.374071151487170628e-01
1.766361519000000044e+04	4.470696850704687364e-01	1.391433261781060415e-01
1.765556510999999955e+04	4.568668640573292916e-01	1.408870670828875904e-01
1.764752261999999973e+04	4.666609321312248371e-01	1.426381142937772906e-01
1.763948771000000124e+04	4.764432001476009426e-01	1.443962383575321806e-01
1.763146038000000044e+04	4.862048358177100682e-01	1.461612039366573801e-01
1.762344060000000172e+04	4.959369258948788661e-01	1.479327786713796333e-01
1.761542838000000120e+04	5.056304051171327529e-01	1.497107178215201784e-01
1.760742369999999937e+04	5.152761556217408945e-01	1.514947797639462357e-01
1.759942655000000013e+04	5.248649731519382522e-01	1.532847172286065929e-01
1.759143691000000035e+04	5.343876062133583460e-01	1.550802818181447607e-01
1.758345478999999978e+04	5.438347239022565116e-01	1.568812150748664369e-01
1.757548015999999916e+04	5.531970148259650610e-01	1.586872643016766504e-01
1.756751301999999851e+04	5.624651199825989600e-01	1.604981668598901290e-01
1.755955336000000170e+04	5.716296963214693161e-01	1.623136592563372838e-01
1.755160115999999834e+04	5.806814324486961887e-01	1.641334772560524569e-01
1.754365641999999934e+04	5.896110307695648922e-01	1.659573490940615403e-01
1.753571912000000157e+04	5.984092694379316013e-01	1.677850047039696202e-01
1.752778926000000138e+04	6.070669738964545870e-01	1.696161666130409362e-01
1.751986681999999928e+04	6.155750776403068336e-01	1.714505592304825521e-01
1.751195179999999891e+04	6.239245949650634726e-01	1.732878996915172276e-01
1.750404418000000078e+04	6.321066801843581162e-01	1.751279071998366188e-01
1.749614395000000150e+04	6.401126116260345000e-01	1.769702961605189584e-01
1.748825111000000106e+04	6.479338086229320393e-01	1.788147762374264205e-01
1.748036563999999998e+04	6.555618770977167387e-01	1.806610594477600640e-01
1.747248752999999851e+04	6.629885947019382719e-01	1.825088532495217630e-01
1.746461677000000054e+04	6.702059361964667339e-01	1.843578629590773843e-01
1.745675335999999879e+04	6.772060794722067900e-01	1.862077894862430860e-01
1.744889727000000130e+04	6.839814552868211939e-01	1.880583388383636478e-01
1.744104851000000053e+04	6.905246996122325065e-01	1.899092057364117903e-01
1.743320706000000064e+04	6.968287281952354473e-01	1.917600901888260045e-01
1.742537290999999823e+04	7.028867147695855300e-01	1.936106881653241463e-01
1.741754605000000083e+04	7.086921122856427724e-01	1.954606940454974850e-01
1.740972646000000168e+04	7.142386717372007920e-01	1.973098030793040136e-01
1.740191415000000052e+04	7.195204254139132560e-01	1.991577020233356032e-01
1.739410910000000149e+04	7.245317401494199006e-01	2.010040834267569909e-01
1.738631130000000121e+04	7.292672986401963486e-01	2.028486362708763757e-01
1.737852073999999993e+04	7.337221160512525930e-01	2.046910484319489909e-01
1.737073741000000155e+04	7.378915486664467949e-01	2.065310067804003169e-01
1.736296129999999903e+04	7.417713018195701835e-01	2.083681972806749050e-01
1.735519239999999991e+04	7.453574370879115785e-01	2.102023050916466962e-01
1.734743070000000080e+04	7.486463787323192065e-01	2.120330146675642458e-01
1.733967618999999831e+04	7.516349193699576325e-01	2.138600098594579946e-01
1.733192885000000024e+04	7.543202281391422348e-01	2.156829763683413836e-01
1.732418868999999904e+04	7.566998413287119307e-01	2.175015924382782406e-01
1.731645568999999887e+04	7.587716864918183646e-01	2.193155430776567438e-01
1.730872983999999997e+04	7.605340707013505952e-01	2.211245107463855886e-01
1.730101111999999921e+04	7.619856876015306257e-01	2.229281801477548675e-01
1.729329953999999998e+04	7.631256111962844146e-01	2.247262289892479337e-01
1.728559507999999914e+04	7.639533072477782127e-01	2.265183421069436320e-01
1.727789773000000059e+04	7.644686246692720122e-01	2.283042022166800744e-01
1.727020748000000094e+04	7.646717961383248108e-01	2.300834923565859558e-01
1.726252432000000044e+04	7.645634358516205653e-01	2.318558959903987415e-01
1.725484823999999935e+04	7.641445365140930868e-01	2.336210971106968126e-01
1.724717923000000155e+04	7.634164655758816087e-01	2.353787803419891134e-01
1.723951728000000003e+04	7.623809607326746951e-01	2.371286310436179490e-01
1.723186238999999841e+04	7.610401266578563639e-01	2.388703331415439335e-01
1.722421453000000110e+04	7.593964216766342368e-01	2.406035783233657632e-01
1.721657371000000057e+04	7.574526644227086436e-01	2.423280502359480004e-01
1.720893991000000096e+04	7.552120125347701052e-01	2.440434404735148111e-01
1.720131312999999864e+04	7.526779664899746480e-01	2.457494373725449821e-01
1.719369335000000137e+04	7.498543493806602012e-01	2.474457350998649774e-01
1.718608055999999851e+04	7.467453068537786010e-01	2.491320270157980077e-01
1.717847475000000122e+04	7.433552947542217959e-01	2.508080080258160427e-01
1.717087591999999859e+04	7.396890739953425609e-01	2.524733724940075308e-01
1.716328406000000177e+04	7.357516909965803320e-01	2.541278187500586871e-01
1.715569915000000037e+04	7.315484647767003246e-01	2.557710491260079544e-01
1.714812117999999828e+04	7.270849858433278134e-01	2.574027656929158137e-01
1.714055015999999887e+04	7.223671124540659294e-01	2.590226682891605403e-01
1.713298605999999927e+04	7.174009212850432915e-01	2.606304674684702949e-01
1.712542886999999973e+04	7.121927305648418915e-01	2.622258716866440742e-01
1.711787859000000026e+04	7.067490831431505471e-01	2.638085896259454444e-01
1.711033522000000085e+04	7.010767272303533026e-01	2.653783324379521136e-01
1.710279872999999861e+04	6.951825790704824204e-01	2.669348200106980706e-01
1.709526912000000084e+04	6.890737545533791586e-01	2.684777685724374918e-01
1.708774638000000050e+04	6.827575257697535704e-01	2.700068991202265178e-01
1.708023050000000148e+04	6.762413145989487617e-01	2.715219354190930856e-01
1.707272147000000041e+04	6.695326788526139161e-01	2.730226040886842287e-01
1.706521928000000116e+04	6.626392983746333121e-01	2.745086346886737028e-01
1.705772393000000011e+04	6.555689706826665075e-01	2.759797578493627945e-01
1.705023540000000139e+04	6.483295688836094861e-01	2.774357112524637459e-01
1.704275368000000162e+04	6.409290555485714913e-01	2.788762337784649881e-01
1.703527877000000080e+04	6.333754701125483555e-01	2.803010656800411504e-01
1.702781064999999944e+04	6.256768850154530437e-01	2.817099543895824065e-01
1.702034932000000117e+04	6.178414326159556991e-01	2.831026469727146444e-01
1.701289476999999897e+04	6.098772614452639962e-01	2.844788959134560424e-01
1.700544699000000037e+04	6.017925331023019631e-01	2.858384572726213602e-01
1.699800595999999859e+04	5.935953982850127320e-01	2.871810925542319093e-01
1.699057168000000092e+04	5.852940171585571116e-01	2.885065633522930217e-01
1.698314414000000033e+04	5.768965143449147348e-01	2.898146368869002898e-01
1.697572333000000071e+04	5.684109776521730772e-01	2.911050842362808422e-01
1.696830924999999843e+04	5.598454579633954653e-01	2.923776786979871978e-01
1.696090188000000126e+04	5.512079232378352955e-01	2.936322010147988104e-01
1.695350120999999854e+04	5.425062818786425822e-01	2.948684342313304674e-01
1.694610723000000144e+04	5.337483607213414638e-01	2.960861655053174668e-01
1.693871993999999904e+04	5.249419067434720754e-01	2.972851845560299244e-01
1.693133932999999888e+04	5.160945534974852311e-01	2.984652870170425576e-01
1.692396538000000146e+04	5.072138113362746337e-01	2.996262743721347932e-01
1.691659809999999925e+04	4.983071066586949316e-01	3.007679477360301057e-01
1.690923746000000028e+04	4.893816889491034994e-01	3.018901188656842871e-01
1.690188346000000092e+04	4.804447071906908784e-01	3.029925993012968499e-01
1.689453609000000142e+04	4.715031539041771302e-01	3.040752066386572250e-01
1.688719535000000178e+04	4.625638822190671906e-01	3.051377615793890996e-01
1.687986121999999887e+04	4.536335626178663039e-01	3.061800923317896661e-01
1.687253369000000021e+04	4.447187132286119504e-01	3.072020302458248753e-01
1.686521275999999853e+04	4.358256940287142944e-01	3.082034099862402954e-01
1.685789842000000135e+04	4.269606771827851310e-01	3.091840723620570275e-01
1.685059064999999828e+04	4.181296423320092770e-01	3.101438642290123560e-01
1.684328945999999996e+04	4.093384205403068354e-01	3.110826332986169618e-01
1.683599481999999989e+04	4.005926059217335133e-01	3.120002372960991033e-01
1.682870673000000170e+04	3.918976365993472877e-01	3.128965349224792081e-01
1.682142519000000175e+04	3.832587553391988977e-01	3.137713898678360924e-01
1.681415018000000055e+04	3.746809834443144971e-01	3.146246731582603151e-01
1.680688168999999834e+04	3.661691544369578000e-01	3.154562595057184282e-01
1.679961972999999853e+04	3.577279235954708980e-01	3.162660263746168154e-01
1.679236426999999821e+04	3.493616968629161823e-01	3.170538607238441164e-01
1.678511530000000130e+04	3.410747002259719163e-01	3.178196521900994442e-01
1.677787283000000025e+04	3.328709783340486617e-01	3.185632933990064086e-01
1.677063683999999921e+04	3.247543375361251483e-01	3.192846851900907890e-01
1.676340731999999844e+04	3.167283920606299708e-01	3.199837323753608742e-01
1.675618426000000181e+04	3.087965532437831895e-01	3.206603448224418784e-01
1.674896765999999843e+04	3.009620413837647002e-01	3.213144365734989516e-01
1.674175750999999946e+04	2.932278651610279452e-01	3.219459277274732134e-01
1.673455380000000150e+04	2.855968345237315242e-01	3.225547434642758171e-01
1.672735651000000144e+04	2.780715523360080543e-01	3.231408148478691622e-01
1.672016563999999926e+04	2.706544481486945486e-01	3.237040763700548274e-01
1.671298118999999861e+04	2.633477591840285292e-01	3.242444677347242621e-01
1.670580313999999998e+04	2.561535132779185764e-01	3.247619352683008276e-01
1.669863148999999976e+04	2.490735726729159105e-01	3.252564289081312787e-01
1.669146621999999843e+04	2.421095972871069868e-01	3.257279050806985987e-01
1.668430732999999964e+04	2.352630877661030240e-01	3.261763239369426248e-01
1.667715481000000000e+04	2.285353597103823575e-01	3.266016513965132040e-01
1.667000864999999976e+04	2.219275575819982527e-01	3.270038584319864272e-01
1.666286883999999918e+04	2.154406588344680296e-01	3.273829210565300518e-01
1.665573537999999826e+04	2.090754870397366627e-01	3.277388198269224340e-01
1.664860825000000114e+04	2.028326894622613230e-01	3.280715413406012915e-01
1.664148745000000054e+04	1.967127773016092707e-01	3.283810762226032631e-01
1.663437297000000035e+04	1.907161036689312139e-01	3.286674205870925292e-01
1.662726480000000083e+04	1.848428773546875736e-01	3.289305755014258481e-01
1.662016292999999860e+04	1.790931676751454094e-01	3.291705469634816916e-01
1.661306735000000117e+04	1.734669093885119751e-01	3.293873458773509122e-01
1.660597806000000128e+04	1.679639153464347612e-01	3.295809877704754531e-01
1.659889504999999917e+04	1.625838656523710957e-01	3.297514933773093015e-01
1.659181829999999900e+04	1.573263135435649940e-01	3.298988884481533490e-01
1.658474782000000050e+04	1.521907200096239421e-01	3.300232029177905813e-01
1.657768359000000055e+04	1.471764142926354768e-01	3.301244721229616430e-01
1.657062559999999939e+04	1.422826288420110108e-01	3.302027359030759723e-01
1.656357384000000093e+04	1.375084968593653090e-01	3.302580387895380776e-01
1.655652832000000126e+04	1.328530703849067074e-01	3.302904299096265373e-01
1.654948901000000114e+04	1.283152854929095199e-01	3.302999632566542276e-01
1.654245591000000059e+04	1.238940139080837166e-01	3.302866972475662632e-01
1.653542901999999958e+04	1.195880473674909711e-01	3.302506949658297053e-01
1.652840831999999864e+04	1.153960906939383024e-01	3.301920239194605089e-01
1.652139381000000139e+04	1.113167910877534139e-01	3.301107562023795072e-01
1.651438547000000108e+04	1.073487189412505594e-01	3.300069681154629286e-01
1.650738331000000107e+04	1.034904011596356338e-01	3.298807407801817582e-01
1.650038729999999850e+04	9.974028643842998421e-02	3.297321589742747139e-01
1.649339745000000039e+04	9.609679379238882102e-02	3.295613125251788400e-01
1.648641374999999971e+04	9.255828399222833236e-02	3.293682951463898223e-01
1.647943618000000060e+04	8.912307012059260403e-02	3.291532043909095595e-01
1.647246473999999944e+04	8.578943653764294075e-02	3.289161425084265455e-01
1.646549942000000010e+04	8.255562777354236159e-02	3.286572155471490508e-01
1.645854021999999895e+04	7.941986200776195159e-02	3.283765339793720539e-01
1.645158712000000014e+04	7.638032127130713056e-02	3.280742114521403852e-01
1.644464012000000002e+04	7.343517313912550915e-02	3.277503663443836479e-01
1.643769919999999911e+04	7.058255677911960679e-02	3.274051199711208171e-01
1.643076437000000078e+04	6.782060725171651372e-02	3.270385989341460520e-01
1.642383560999999827e+04	6.514743414505745622e-02	3.266509320787475690e-01
1.641691291999999885e+04	6.256114498072187780e-02	3.262422529985096187e-01
1.640999628999999914e+04	6.005983636964355721e-02	3.258126983736682747e-01
1.640308569999999963e+04	5.764159752551027693e-02	3.253624077561976802e-01
1.639618115000000034e+04	5.530452359774416099e-02	3.248915254478290660e-01
1.638928264000000127e+04	5.304671075826995069e-02	3.244001992861064165e-01
1.638239016000000083e+04	5.086625564535263849e-02	3.238885798223033463e-01
1.637550368999999955e+04	4.876125831916641729e-02	3.233568201068332537e-01
1.636862322999999924e+04	4.672983375804530548e-02	3.228050779267406245e-01
1.636174877000000015e+04	4.477010458121890440e-02	3.222335134985130356e-01
1.635488031000000046e+04	4.288020900272817432e-02	3.216422910051837114e-01
1.634801783000000069e+04	4.105829444595870265e-02	3.210315759621983900e-01
1.634116133000000082e+04	3.930253035181879850e-02	3.204015385935193860e-01
1.633431079999999929e+04	3.761110165812695666e-02	3.197523511672915042e-01
1.632746623999999974e+04	3.598221550399630098e-02	3.190841897649416281e-01
1.632062763000000086e+04	3.441409550775380299e-02	3.183972312986242392e-01
1.631379497000000083e+04	3.290499264106231531e-02	3.176916573473307914e-01
1.630696824999999990e+04	3.145317938167675048e-02	3.169676511452046985e-01
1.630014745000000039e+04	3.005695127118719959e-02	3.162253973727229273e-01
1.629333258999999998e+04	2.871463799721835075e-02	3.154650875975748003e-01
1.628652363999999943e+04	2.742458611782892450e-02	3.146869103419745461e-01
1.627972060000000056e+04	2.618517606333728084e-02	3.138910598008029518e-01
1.627292345000000023e+04	2.499481322888748996e-02	3.130777301266153834e-01
1.626613220999999976e+04	2.385193924172690494e-02	3.122471225111583815e-01
1.625934684999999990e+04	2.275501697056668896e-02	3.113994342792409387e-01
1.625256735999999910e+04	2.170254332569794900e-02	3.105348671821304696e-01
1.624579375000000073e+04	2.069304904129032341e-02	3.096536275886157541e-01
1.623902599999999984e+04	1.972509144110311946e-02	3.087559199728477921e-01
1.623226410000000033e+04	1.879726099988051138e-02	3.078419519197578280e-01
1.622550806000000011e+04	1.790818255879585846e-02	3.069119355706843022e-01
1.621875784999999996e+04	1.705650753938130898e-02	3.059660793179155291e-01
1.621201346999999987e+04	1.624092339351195652e-02	3.050045973085057094e-01
1.620527492999999959e+04	1.546015059271275451e-02	3.040277068162730578e-01
1.619854219000000012e+04	1.471293587482100894e-02	3.030356193758341199e-01
1.619181526999999915e+04	1.399806480443235336e-02	3.020285567188614739e-01
1.618509415000000081e+04	1.331435031715072839e-02	3.010067360882984766e-01
1.617837881999999991e+04	1.266063822737570690e-02	2.999703774777908727e-01
1.617166928999999982e+04	1.203580771089766792e-02	2.989197052557465151e-01
1.616496552999999949e+04	1.143876543646316080e-02	2.978549387228197620e-01
1.615826754000000074e+04	1.086845190813252697e-02	2.967763029486827908e-01
1.615157531999999992e+04	1.032383817817480315e-02	2.956840241058067420e-01
1.614488885999999911e+04	9.803924752466712522e-03	2.945783277348140716e-01
1.613820815000000039e+04	9.307742122052310024e-03	2.934594402546450986e-01
1.613153318000000036e+04	8.834350356953709141e-03	2.923275888959512847e-01
1.612486393999999927e+04	8.382838675260644370e-03	2.911830016349164496e-01
1.611820044000000053e+04	7.952326251806848822e-03	2.900259106204836068e-01
1.611154264999999941e+04	7.541957842007375457e-03	2.888565417092998078e-01
1.610489057999999932e+04	7.150908463993807876e-03	2.876751282911683694e-01
1.609824421000000075e+04	6.778378500953479921e-03	2.864818989799319260e-01
1.609160354999999981e+04	6.423596715350899343e-03	2.852770882030821742e-01
1.608496857000000091e+04	6.085815855473240485e-03	2.840609235240039165e-01
1.607833928000000014e+04	5.764316388634386189e-03	2.828336400921820371e-01
1.607171565999999984e+04	5.458402319431046937e-03	2.815954677971683195e-01
1.606509771000000001e+04	5.167403116879468877e-03	2.803466404164233761e-01
1.605848543000000063e+04	4.890672113091205225e-03	2.790873919038633910e-01
1.605187880000000041e+04	4.627585163185601348e-03	2.778179524666150590e-01
1.604527781999999934e+04	4.377541745682450233e-03	2.765385561223052679e-01
1.603868247999999949e+04	4.139963141328191314e-03	2.752494349177221911e-01
1.603209276999999929e+04	3.914292283906652299e-03	2.739508207663369221e-01
1.602550869000000057e+04	3.699993499958873291e-03	2.726429473849301677e-01
1.601893022000000019e+04	3.496550949492895077e-03	2.713260442847024168e-01
1.601235736999999972e+04	3.303469642579302118e-03	2.700003466844220767e-01
1.600579011999999966e+04	3.120273015046393615e-03	2.686660834435002365e-01
1.599922847000000002e+04	2.946503873410817684e-03	2.673234870528927720e-01
1.599267240999999922e+04	2.781722961984501100e-03	2.659727875223747984e-01
1.598612194000000090e+04	2.625508942027781657e-03	2.646142164176421563e-01
1.597957703000000038e+04	2.477456902950445159e-03	2.632479984981092036e-01
1.597303770000000077e+04	2.337179669386849762e-03	2.618743683239270204e-01
1.596650393000000076e+04	2.204305203699880467e-03	2.604935514506228067e-01
1.595997572000000036e+04	2.078477430106120440e-03	2.591057769150148515e-01
1.595345305000000008e+04	1.959354903937096572e-03	2.577112687334408569e-01
1.594693591999999990e+04	1.846611076913363871e-03	2.563102543559501734e-01
1.594042432000000008e+04	1.739933227542211783e-03	2.549029582346881151e-01
1.593391826000000037e+04	1.639022473236337015e-03	2.534896082525703309e-01
1.592741770999999972e+04	1.543592355138409446e-03	2.520704226531977343e-01
1.592092266999999993e+04	1.453369478482188911e-03	2.506456251745031727e-01
1.591443313999999918e+04	1.368092554942502981e-03	2.492154385348454293e-01
1.590794909999999982e+04	1.287511718677777960e-03	2.477800799496019668e-01
1.590147055999999975e+04	1.211388731681782962e-03	2.463397721313128064e-01
1.589499750999999924e+04	1.139495922089768390e-03	2.448947322025844253e-01
1.588852993000000060e+04	1.071615938657799862e-03	2.434451738075799343e-01
1.588206782000000021e+04	1.007541665387291308e-03	2.419913137923841995e-01
1.587561117000000013e+04	9.470755003922739709e-04	2.405333654639844609e-01
1.586915998000000036e+04	8.900291753867273573e-04	2.390715430500776617e-01
1.586271423999999934e+04	8.362231997305387280e-04	2.376060571447664582e-01
1.585627393999999913e+04	7.854866035451103269e-04	2.361371169180898066e-01
1.584983907999999974e+04	7.376566618480681582e-04	2.346649323720542413e-01
1.584340964999999960e+04	6.925784005700355919e-04	2.331897097434424970e-01
1.583698564000000079e+04	6.501043556736956636e-04	2.317116537402713894e-01
1.583056704999999965e+04	6.100943173830380810e-04	2.302309698191004617e-01
1.582415386000000035e+04	5.724148357657280395e-04	2.287478572352565631e-01
1.581774608000000080e+04	5.369392285154168248e-04	2.272625205595422970e-01
1.581134368999999970e+04	5.035469429685470030e-04	2.257751557724198277e-01
1.580494669000000067e+04	4.721235662503710478e-04	2.242859618104165176e-01
1.579855507000000034e+04	4.425603948898062297e-04	2.227951335809173483e-01
1.579216883000000053e+04	4.147542773148367098e-04	2.213028665891461633e-01
1.578578794999999991e+04	3.886072347081683345e-04	2.198093499034093901e-01
1.577941243000000031e+04	3.640263971272196053e-04	2.183147754758658909e-01
1.577304226999999992e+04	3.409236801078873000e-04	2.168193334546245354e-01
1.576667746000000079e+04	3.192155320687603873e-04	2.153232098052484389e-01
1.576031797999999981e+04	2.988227330311363531e-04	2.138265862721509258e-01
1.575396384000000035e+04	2.796703166625299488e-04	2.123296497731184118e-01
1.574761503000000084e+04	2.616872093731218980e-04	2.108325806167479499e-01
1.574127153999999973e+04	2.448061122834129010e-04	2.093355571807018201e-01
1.573493336000000090e+04	2.289633204637877726e-04	2.078387558925262057e-01
1.572860049000000072e+04	2.140985722971329647e-04	2.063423535748100390e-01
1.572227291999999943e+04	2.001548336028257324e-04	2.048465227035199399e-01
1.571595065000000068e+04	1.870781858040216912e-04	2.033514361155030759e-01
1.570963365999999951e+04	1.748176107659417454e-04	2.018572598981640820e-01
1.570332194999999956e+04	1.633249276177358084e-04	2.003641628330479207e-01
1.569701552000000083e+04	1.525546082228104716e-04	1.988723116520242640e-01
1.569071435000000019e+04	1.424636131348722004e-04	1.973818662910642729e-01
1.568441844999999921e+04	1.330113467463251114e-04	1.958929917040169999e-01
1.567812780000000021e+04	1.241594391090033512e-04	1.944058436584275018e-01
1.567184238999999980e+04	1.158716942761023772e-04	1.929205781865585001e-01
1.566556222999999954e+04	1.081139862542450201e-04	1.914373539318106054e-01
1.565928730999999971e+04	1.008541003105471615e-04	1.899563226853032138e-01
1.565301761000000079e+04	9.406165007730461530e-05	1.884776317487855679e-01
1.564675312999999915e+04	8.770801357610894075e-05	1.870014310036082483e-01
1.564049387000000024e+04	8.176621593643914265e-05	1.855278681763451454e-01
1.563423982000000069e+04	7.621083335819316650e-05	1.840570864796760853e-01
1.562799097000000074e+04	7.101792061962889843e-05	1.825892269662119094e-01
1.562174731000000065e+04	6.616493141671412703e-05	1.811244285236365825e-01
1.561550885000000017e+04	6.163065661782074847e-05	1.796628325529878722e-01
1.560927556000000004e+04	5.739510817640933334e-05	1.782045689038581349e-01
1.560304745999999977e+04	5.343951499768259569e-05	1.767497769476093772e-01
1.559682452000000012e+04	4.974618979347019348e-05	1.752985821807535594e-01
1.559060675000000083e+04	4.629852561420315214e-05	1.738511172538903526e-01
1.558439413000000059e+04	4.308089444755768753e-05	1.724075056374200499e-01
1.557818666999999914e+04	4.007862486612128714e-05	1.709678755873862421e-01
1.557198435000000063e+04	3.727791800137908505e-05	1.695323462037220397e-01
1.556578715999999986e+04	3.466581833722272743e-05	1.681010367307119446e-01
1.555959511000000020e+04	3.223016829063929910e-05	1.666740688368121559e-01
1.555340818000000036e+04	2.995954276796569619e-05	1.652515550806501476e-01
1.554722637000000032e+04	2.784322679165357313e-05	1.638336104486161071e-01
1.554104968000000008e+04	2.587116638520598749e-05	1.624203477324243083e-01
1.553487809000000016e+04	2.403392456998549494e-05	1.610118729731019882e-01
1.552871160000000054e+04	2.232265781094254842e-05	1.596082946176390627e-01
1.552255019999999968e+04	2.072907216929780115e-05	1.582097166627932372e-01
1.551639388999999937e+04	1.924539638920936529e-05	1.568162432122090222e-01
1.551024265999999989e+04	1.786434599665565664e-05	1.554279739424360984e-01
1.550409650999999940e+04	1.657909909796134154e-05	1.540450086358651494e-01
1.549795542000000023e+04	1.538326256001519438e-05	1.526674404341679669e-01
1.549181940000000031e+04	1.427085617902044609e-05	1.512953670789858873e-01
1.548568843000000015e+04	1.323627648796492697e-05	1.499288774610642305e-01
1.547956250999999975e+04	1.227428304441959414e-05	1.485680628268555292e-01
1.547344163999999910e+04	1.137997263349356232e-05	1.472130122930482010e-01
1.546732580000000053e+04	1.054875611317276937e-05	1.458638084506750365e-01
1.546121499000000040e+04	9.776344838708844729e-06	1.445205362304775309e-01
1.545510921000000053e+04	9.058729153084048920e-06	1.431832784619823384e-01
1.544900844999999936e+04	8.392160126460410980e-06	1.418521137055174242e-01
1.544291268999999920e+04	7.773133713092903379e-06	1.405271163045152261e-01
1.543682194999999956e+04	7.198380319075670377e-06	1.392083672447943787e-01
1.543073619999999937e+04	6.664841430685674715e-06	1.378959346250505369e-01
1.542465545000000020e+04	6.169664735482193902e-06	1.365898931766033053e-01
1.541857969000000048e+04	5.710185763305519811e-06	1.352903112937645924e-01
1.541250890000000072e+04	5.283917142379793544e-06	1.339972532609566835e-01
1.540644310000000041e+04	4.888540673917471702e-06	1.327107898938781894e-01
1.540038226000000031e+04	4.521890521627994130e-06	1.314309794065479098e-01
1.539432638000000043e+04	4.181948695240235345e-06	1.301578844381143241e-01
1.538827547000000050e+04	3.866834013531653367e-06	1.288915677512232349e-01
1.538222949999999946e+04	3.574790810800882328e-06	1.276320818062306461e-01
1.537618848000000071e+04	3.304184837205513494e-06	1.263794855184843524e-01
1.537015240000000085e+04	3.053492410720766872e-06	1.251338317267882971e-01
1.536412125000000015e+04	2.821294204594798536e-06	1.238951714046809538e-01
1.535809503000000041e+04	2.606268748690063411e-06	1.226635557156398604e-01
1.535207373000000007e+04	2.407185250416024122e-06	1.214390319218955350e-01
1.534605733999999939e+04	2.222898008774572567e-06	1.202216454700288512e-01
1.534004586000000018e+04	2.052341047582160827e-06	1.190114420161702130e-01
1.533403929000000062e+04	1.894522477181364721e-06	1.178084653937473136e-01
1.532803760999999940e+04	1.748519090689455038e-06	1.166127536562216044e-01
1.532204082000000017e+04	1.613472781131186277e-06	1.154243471058471471e-01
1.531604891999999927e+04	1.488585624436579811e-06	1.142432842742729382e-01
1.531006189000000086e+04	1.373115457109374917e-06	1.130695980300250314e-01
1.530407973999999922e+04	1.266373081246302288e-06	1.119033254253350707e-01
1.529810246000000006e+04	1.167717709761083698e-06	1.107444978856396284e-01
1.529213004000000001e+04	1.076554071476822943e-06	1.095931451812475060e-01
1.528616246999999930e+04	9.923292995854428001e-07	1.084492954462933506e-01
1.528019974999999977e+04	9.145301487697461455e-07	1.073129770979689146e-01
1.527424187999999958e+04	8.426801141754683435e-07	1.061842169109222800e-01
1.526828883999999925e+04	7.763366854925288743e-07	1.050630362804783474e-01
1.526234064000000035e+04	7.150895582090378492e-07	1.039494606867205212e-01
1.525639725999999973e+04	6.585577512395471478e-07	1.028435084137382660e-01
1.525045869999999923e+04	6.063880781311512812e-07	1.017451999578147387e-01
1.524452495000000090e+04	5.582529137559601681e-07	1.006545524363805094e-01
1.523859600999999930e+04	5.138485731019948078e-07	9.957158330645496380e-02
1.523267187999999987e+04	4.728935380657366033e-07	9.849630851762175565e-02
1.522675253999999950e+04	4.351267733368288451e-07	9.742873893610067004e-02
1.522083798999999999e+04	4.003065438513184268e-07	9.636888762500998851e-02
1.521492822999999953e+04	3.682089021624802691e-07	9.531676619942137940e-02
1.520902324000000044e+04	3.386263277619498369e-07	9.427238132052753738e-02
1.520312303000000065e+04	3.113668081302640619e-07	9.323574358807551477e-02
1.519722759000000042e+04	2.862524792218369281e-07	9.220685868799617657e-02
1.519133690999999999e+04	2.631187138633288880e-07	9.118573098491755680e-02
1.518545097999999962e+04	2.418131679718155313e-07	9.017236354242127994e-02
1.517956981000000087e+04	2.221949569933957254e-07	8.916676155120588365e-02
1.517369338000000062e+04	2.041336574682210924e-07	8.816892377034615813e-02
1.516782167999999911e+04	1.875086863562062205e-07	8.717884944607302844e-02
1.516195471999999972e+04	1.722085989733147878e-07	8.619653994116242834e-02
1.515609249000000091e+04	1.581303128468626612e-07	8.522199201030138116e-02
1.515023497999999927e+04	1.451785541438346409e-07	8.425520122820923108e-02
1.514438219000000026e+04	1.332653033023464086e-07	8.329616364244971094e-02
1.513853410000000076e+04	1.223092001966616193e-07	8.234487087178429809e-02
1.513269072000000051e+04	1.122351471610263658e-07	8.140131828939593805e-02
1.512685203999999976e+04	1.029737520589966321e-07	8.046549687970665221e-02
1.512101806000000033e+04	9.446095762636559553e-08	7.953739813236429534e-02
1.511518875999999909e+04	8.663760087558698660e-08	7.861700928364356855e-02
1.510936413999999968e+04	7.944910384840980129e-08	7.770431969970080510e-02
1.510354420000000027e+04	7.284510021674464723e-08	7.679931767881227611e-02
1.509772892999999931e+04	6.677910955482801133e-08	7.590198893401869928e-02
1.509191832000000068e+04	6.120825773890686924e-08	7.501231819763927444e-02
1.508611238000000048e+04	5.609302165350922032e-08	7.413029226723985565e-02
1.508031107999999949e+04	5.139692351726212187e-08	7.325589089811423982e-02
1.507451444000000083e+04	4.708637496083972727e-08	7.238910046548036048e-02
1.506872243999999955e+04	4.313038593435901669e-08	7.152990038870975231e-02
1.506293506999999954e+04	3.950040624114305388e-08	7.067827071655193027e-02
1.505715234000000055e+04	3.617014229259569755e-08	6.983419354039747950e-02
1.505137422999999944e+04	3.311535521266608382e-08	6.899764568534684506e-02
1.504560074999999961e+04	3.031373643981386850e-08	6.816860748707921636e-02
1.503983187999999973e+04	2.774472862865982048e-08	6.734705412386048085e-02
1.503406761000000006e+04	2.538941081589645442e-08	6.653296143811333885e-02
1.502830796000000009e+04	2.323037749343047181e-08	6.572630868505864588e-02
1.502255290000000059e+04	2.125159112440163716e-08	6.492706731167015299e-02
1.501680242999999973e+04	1.943830595122773042e-08	6.413521223801911531e-02
1.501105654999999933e+04	1.777695568795203339e-08	6.335071762094360293e-02
1.500531524999999965e+04	1.625505899127269322e-08	6.257355552441688784e-02
1.499957853000000068e+04	1.486114015051317693e-08	6.180369866811542823e-02
1.499384638000000086e+04	1.358464512209487585e-08	6.104111773788207379e-02
1.498811880000000019e+04	1.241587376838471158e-08	6.028578408734365512e-02
1.498239578000000074e+04	1.134590829842179899e-08	5.953766709463735596e-02
1.497667730999999912e+04	1.036655378623476450e-08	5.879673552737663123e-02
1.497096339000000080e+04	9.470282426011022375e-09	5.806295883811329189e-02
1.496525401000000056e+04	8.650177322677488991e-09	5.733630458995137708e-02
1.495954917000000023e+04	7.899886950252110550e-09	5.661674104183685163e-02
1.495384886999999981e+04	7.213578495968310693e-09	5.590423586401182393e-02
1.494815308999999979e+04	6.585894364200516907e-09	5.519875368886185268e-02
1.494246183000000019e+04	6.011918757850992126e-09	5.450026112696443326e-02
1.493677510000000075e+04	5.487140629616707924e-09	5.380872545989970335e-02
1.493109287000000040e+04	5.007416834739087927e-09	5.312410860432847243e-02
1.492541515000000072e+04	4.568949582230423262e-09	5.244637685627117490e-02
1.491974193000000014e+04	4.168253393164674281e-09	5.177549362168890057e-02
1.491407320000000072e+04	3.802131593786925314e-09	5.111142187515071988e-02
1.490840897000000041e+04	3.467654018935480418e-09	5.045412648483601353e-02
1.490274921999999970e+04	3.162132377728420975e-09	4.980356839803427860e-02
1.489709395000000040e+04	2.883103501773503337e-09	4.915971048586725844e-02
1.489144314999999915e+04	2.628309324562757898e-09	4.852251408218914014e-02
1.488579682999999932e+04	2.395681460472962470e-09	4.789194238671107967e-02
1.488015495999999985e+04	2.183323225907630191e-09	4.726795376790521308e-02
1.487451756000000023e+04	1.989499036058221410e-09	4.665051180146968790e-02
1.486888460999999916e+04	1.812617837759177633e-09	4.603957530345590549e-02
1.486325610000000052e+04	1.651223030322722102e-09	4.543510390085997441e-02
1.485763204000000042e+04	1.503981496157101964e-09	4.483705904993507546e-02
1.485201240999999936e+04	1.369672060837419621e-09	4.424539870653904083e-02
1.484639722000000074e+04	1.247177723431567669e-09	4.366008371993430892e-02
1.484078644999999960e+04	1.135475625689183460e-09	4.308107152874375567e-02
1.483518010999999933e+04	1.033630475262582306e-09	4.250832242844602288e-02
1.482957818000000043e+04	9.407860962152012059e-10	4.194179339224018976e-02
1.482398065999999926e+04	8.561597222544799968e-10	4.138144321759994887e-02
1.481838754999999946e+04	7.790354743805459823e-10	4.082723046471912337e-02
1.481279883999999947e+04	7.087586349463566756e-10	4.027911249338406163e-02
1.480721451999999954e+04	6.447306640229194444e-10	3.973704649124714522e-02
1.480163459999999941e+04	5.864046667002200767e-10	3.920099139686363671e-02
1.479605905999999959e+04	5.332805085237893254e-10	3.867090308304306501e-02
1.479048790000000008e+04	4.849013837077422761e-10	3.814673919680510589e-02
1.478492110999999932e+04	4.408498542510010951e-10	3.762845629349340776e-02
1.477935870000000068e+04	4.007447466747505515e-10	3.711601264614341339e-02
1.477380064999999922e+04	3.642377059412781198e-10	3.660936362582589698e-02
1.476824695000000065e+04	3.310107029822613974e-10	3.610846544602653446e-02
1.476269762000000082e+04	3.007735271501945565e-10	3.561327689975997413e-02
1.475715263000000050e+04	2.732609732608894641e-10	3.512375220276674204e-02
1.475161197999999968e+04	2.482311383210698992e-10	3.463984819022122852e-02
1.474607567999999992e+04	2.254632923058530589e-10	3.416152246627204153e-02
1.474054370999999992e+04	2.047559036973023149e-10	3.368872996776067774e-02
1.473501605999999992e+04	1.859251593886078249e-10	3.322142647650640906e-02
1.472949274999999943e+04	1.688034819900500592e-10	3.275957024531500617e-02
1.472397374999999920e+04	1.532378797150230923e-10	3.230311529040225116e-02
1.471845905999999923e+04	1.390889332986764684e-10	3.185201813596637288e-02
1.471294867999999951e+04	1.262295229730439699e-10	3.140623527350842881e-02
1.470744261000000006e+04	1.145437616143047828e-10	3.096572317101769362e-02
1.470194082999999955e+04	1.039259819337847515e-10	3.053043670846938146e-02
1.469644334999999955e+04	9.427994405018388750e-11	3.010033316433837966e-02
1.469095015000000058e+04	8.551790199420519560e-11	2.967536747667445796e-02
1.468546124000000054e+04	7.755996246221344860e-11	2.925549694569040335e-02
1.467997660999999971e+04	7.033331823458323276e-11	2.884067735185859988e-02
1.467449625000000015e+04	6.377166005979453915e-11	2.843086453693472945e-02
1.466902016000000003e+04	5.781461601636633145e-11	2.802601514638267816e-02
1.466354833999999937e+04	5.240721568636154467e-11	2.762608586793631124e-02
1.465808077000000048e+04	4.749939740148347598e-11	2.723103200249420847e-02
1.465261744999999974e+04	4.304561267202447373e-11	2.684081039467245064e-02
1.464715839000000051e+04	3.900441374692595566e-11	2.645537865503800462e-02
1.464170355999999992e+04	3.533805612848471074e-11	2.607469165752362983e-02
1.463625297999999930e+04	3.201223255345096425e-11	2.569870788020525709e-02
1.463080662999999913e+04	2.899570853983841840e-11	2.532738311035964696e-02
1.462536450999999943e+04	2.626008639549614028e-11	2.496067463016198029e-02
1.461992661000000044e+04	2.377953541390677133e-11	2.459853915730955687e-02
1.461449293000000034e+04	2.153057242625658651e-11	2.424093419883812522e-02
1.460906346999999914e+04	1.949184680740817318e-11	2.388781737158880009e-02
1.460363820999999916e+04	1.764394319088174726e-11	2.353914513058794414e-02
1.459821716000000015e+04	1.596922518727759974e-11	2.319487600724885745e-02
1.459280031000000054e+04	1.445165872494637332e-11	2.285496738226647576e-02
1.458738766000000032e+04	1.307667744913464601e-11	2.251937741537952606e-02
1.458197919000000002e+04	1.183104296036942845e-11	2.218806318658269466e-02
1.457657490999999936e+04	1.070273667597364630e-11	2.186098378259827835e-02
1.457117481000000043e+04	9.680838193768942096e-12	2.153809722034869673e-02
1.456577887999999984e+04	8.755430721630523798e-12	2.121936169888190282e-02
1.456038711999999941e+04	7.917511565066889619e-12	2.090473618364022818e-02
1.455499952999999914e+04	7.158907231500013779e-12	2.059417980238138074e-02
1.454961609999999928e+04	6.472196899980925223e-12	2.028765128396104941e-02
1.454423682999999983e+04	5.850646612862305087e-12	1.998511011548664146e-02
1.453886169999999947e+04	5.288143230894427215e-12	1.968651485546819499e-02
1.453349072999999953e+04	4.779143962213790697e-12	1.939182647782475288e-02
1.452812389000000076e+04	4.318615423341088286e-12	1.910100339312119019e-02
1.452276118999999926e+04	3.901995340003772588e-12	1.881400640749611788e-02
1.451740262000000075e+04	3.525144101615977708e-12	1.853079544095138920e-02
1.451204817999999977e+04	3.184308350167364776e-12	1.825133115330871206e-02
1.450669786999999997e+04	2.876084671734714096e-12	1.797557440259783812e-02
1.450135167000000001e+04	2.597386404951646979e-12	1.770348523713349831e-02
1.449600957999999991e+04	2.345416627717962807e-12	1.743502496006194696e-02
1.449067159999999967e+04	2.117640209949444696e-12	1.717015508223289008e-02
1.448533772999999928e+04	1.911759624723213684e-12	1.690883732538260228e-02
1.448000794999999925e+04	1.725692299611864486e-12	1.665103266396508047e-02
1.447468226999999933e+04	1.557552455964006106e-12	1.639670376181533509e-02
1.446936067000000003e+04	1.405630836404936682e-12	1.614581207224002890e-02
1.446404317000000083e+04	1.268380353792364103e-12	1.589832116840400600e-02
1.445872974000000067e+04	1.144398597247260708e-12	1.565419251751543755e-02
1.445342037999999957e+04	1.032416415189160240e-12	1.541338923645012987e-02
1.444811510000000089e+04	9.312848502099092163e-13	1.517587511547722513e-02
1.444281387999999970e+04	8.399631873526644207e-13	1.494161283566450803e-02
1.443751672999999937e+04	7.575099184488553902e-13	1.471056665716734616e-02
1.443222363000000041e+04	6.830724573125547354e-13	1.448269976942782866e-02
1.442693457999999919e+04	6.158795687838837599e-13	1.425797648803257128e-02
1.442164957999999933e+04	5.552334018891793346e-13	1.403636136706382619e-02
1.441636861999999928e+04	5.005024916701570037e-13	1.381781878982826783e-02
1.441109170000000086e+04	4.511157254188824712e-13	1.360231380902899613e-02
1.440581881000000067e+04	4.065564523180005028e-13	1.338981132039457692e-02
1.440054996000000028e+04	3.663575916704595999e-13	1.318027727584029397e-02
1.439528512000000046e+04	3.300964940917897997e-13	1.297367629316480836e-02
1.439002431000000070e+04	2.973913751588166522e-13	1.276997522322275563e-02
1.438476750999999967e+04	2.678968364703158310e-13	1.256913960594140817e-02
1.437951471999999922e+04	2.413007930712739681e-13	1.237113602059768981e-02
1.437426593999999932e+04	2.173211781155313977e-13	1.217593129687184750e-02
1.436902115000000049e+04	1.957030097696782277e-13	1.198349178702337245e-02
1.436378037000000040e+04	1.762160547237531693e-13	1.179378557312700179e-02
1.435854357999999957e+04	1.586521535640082543e-13	1.160677953239403447e-02
1.435331077000000005e+04	1.428233117603524386e-13	1.142244118445594550e-02
1.434808194999999978e+04	1.285597830519003120e-13	1.124073901243939112e-02
1.434285709999999926e+04	1.157081843493717956e-13	1.106164071398360940e-02
1.433763623000000007e+04	1.041300836436034135e-13	1.088511528677235662e-02
1.433241933000000063e+04	9.370044313406081135e-14	1.071113130314301810e-02
1.432720638999999937e+04	8.430638344489162279e-14	1.053965760978550770e-02
1.432199741999999969e+04	7.584604421743056858e-14	1.037066397200273049e-02
1.431679239000000052e+04	6.822742673286027493e-14	1.020411912265884076e-02
1.431159132999999929e+04	6.136759164306824553e-14	1.003999398434815560e-02
1.430639420000000064e+04	5.519160577354529462e-14	9.878257520581083112e-03
1.430120102000000043e+04	4.963193449889313451e-14	9.718880849182057191e-03
1.429601178000000073e+04	4.462761671714708276e-14	9.561834408667304816e-03
1.429082646999999997e+04	4.012366528995201034e-14	9.407088911043186286e-03
1.428564508999999998e+04	3.607049474862091855e-14	9.254615633493182281e-03
1.428046764000000076e+04	3.242338688084390274e-14	9.104386109254384088e-03
1.427529409999999916e+04	2.914200577646186217e-14	8.956371559311030947e-03
1.427012448000000040e+04	2.619000343374332264e-14	8.810544332572656928e-03
1.426495876999999928e+04	2.353459975250648750e-14	8.666876464782384895e-03
1.425979696999999942e+04	2.114625210611801670e-14	8.525340534419459382e-03
1.425463906999999926e+04	1.899832937732572576e-14	8.385909105829590302e-03
1.424948507000000063e+04	1.706683615838965895e-14	8.248555277052758636e-03
1.424433496000000014e+04	1.533014684409843987e-14	8.113252138448778100e-03
1.423918873999999960e+04	1.376878059834642562e-14	7.979973305037373413e-03
1.423404639999999927e+04	1.236518454675517002e-14	7.848692390253068571e-03
1.422890795000000071e+04	1.110355258488366813e-14	7.719383773010871259e-03
1.422377337000000080e+04	9.969641240551475893e-15	7.592021329549965454e-03
1.421864265999999952e+04	8.950628074042831291e-15	7.466579699878368032e-03
1.421351582000000053e+04	8.034966575513147225e-15	7.343033772818377547e-03
1.420839284000000043e+04	7.212258874609103229e-15	7.221358449485899660e-03
1.420327371999999923e+04	6.473145749324995247e-15	7.101529124312261528e-03
1.419815846000000056e+04	5.809202141866871102e-15	6.983521437975772315e-03
1.419304703999999947e+04	5.212842570086000086e-15	6.867310825163621194e-03
1.418793946999999935e+04	4.677243882383039481e-15	6.752873658580295715e-03
1.418283574000000044e+04	4.196263893210164696e-15	6.640186102735062823e-03
1.417773584999999912e+04	3.764377031399745705e-15	6.529224793331378160e-03
1.417263978999999927e+04	3.376611280600250202e-15	6.419966394452895735e-03
1.416754756000000089e+04	3.028494741659131828e-15	6.312388032555831668e-03
1.416245915000000059e+04	2.716004391295622740e-15	6.206466866393866265e-03
1.415737456000000020e+04	2.435522652156234236e-15	6.102180508324642379e-03
1.415229378999999972e+04	2.183796243642531696e-15	5.999506807242011887e-03
1.414721681999999964e+04	1.957898977104682780e-15	5.898423452212934494e-03
1.414214366999999947e+04	1.755201689895140363e-15	5.798909168772826972e-03
1.413707430999999997e+04	1.573338803932900222e-15	5.700941932955910611e-03
1.413200876000000062e+04	1.410185733854976011e-15	5.604500931723801517e-03
1.412694699000000037e+04	1.263831303209090926e-15	5.509564628813200943e-03
1.412188902000000053e+04	1.132559397029933285e-15	5.416112667392495271e-03
1.411683482999999978e+04	1.014826829248691382e-15	5.324124173493541973e-03
1.411178442999999970e+04	9.092477424389730750e-16	5.233579055064633764e-03
1.410673780000000079e+04	8.145764382339379100e-16	5.144456908343867513e-03
1.410169493999999941e+04	7.296942912493804946e-16	5.056737919556427048e-03
1.409665584999999919e+04	6.535964975474470746e-16	4.970402496831918988e-03
1.409162053000000014e+04	5.853805894339531046e-16	4.885431268856399792e-03
1.408658895999999913e+04	5.242358688503142833e-16	4.801804753624038836e-03
1.408156115999999929e+04	4.694348433452751426e-16	4.719504356687467990e-03
1.407653709999999955e+04	4.203237866764315350e-16	4.638510879994206179e-03
1.407151678999999967e+04	3.763162189406433836e-16	4.558805999858032282e-03
1.406650021999999990e+04	3.368854856131249433e-16	4.480371285674504371e-03
1.406148739000000023e+04	3.015589536793079599e-16	4.403188680831288636e-03
1.405647830000000067e+04	2.699124314925012537e-16	4.327240338816334790e-03
1.405147293999999965e+04	2.415651898162116074e-16	4.252508473603134470e-03
1.404647129999999925e+04	2.161756088380426171e-16	4.178975515416201610e-03
1.404147338999999920e+04	1.934372766769857472e-16	4.106624396230089229e-03
1.403647919000000002e+04	1.730751676146761689e-16	4.035437818701697807e-03
1.403148870999999963e+04	1.548426976362622615e-16	3.965399123202521629e-03
1.402650194000000010e+04	1.385186158012563836e-16	3.896491567933924906e-03
1.402151886999999988e+04	1.239044979430485473e-16	3.828698618882427681e-03
1.401653951000000052e+04	1.108224583105136535e-16	3.762004213801373523e-03
1.401156384000000071e+04	9.911291195112303426e-17	3.696392085591966407e-03
1.400659187000000020e+04	8.863284787036531650e-17	3.631846564376517081e-03
1.400162358999999924e+04	7.925401099967271502e-17	3.568351911321787553e-03
1.399665898999999990e+04	7.086143510217863331e-17	3.505892586789396623e-03
1.399169807000000037e+04	6.335208987142111049e-17	3.444453371382715044e-03
1.398674083000000064e+04	5.663363303729070422e-17	3.384019233559246859e-03
1.398178725999999915e+04	5.062329835082728034e-17	3.324575209018829341e-03
1.397683735999999953e+04	4.524693403266544002e-17	3.266106642863955169e-03
1.397189112999999998e+04	4.043809987010022279e-17	3.208599063216959358e-03
1.396694856000000073e+04	3.613726284698554757e-17	3.152038066127018159e-03
1.396200964000000022e+04	3.229109424646963254e-17	3.096409434696690156e-03
1.395707438000000002e+04	2.885184061375825567e-17	3.041699357210355184e-03
1.395214276000000064e+04	2.577671113891880461e-17	2.987893866742206798e-03
1.394721478999999999e+04	2.302740313328619559e-17	2.934979504685868504e-03
1.394229046000000017e+04	2.056960558558751161e-17	2.882942769189599918e-03
1.393736976999999933e+04	1.837260197421299614e-17	2.831770439987652162e-03
1.393245269999999982e+04	1.640888350545199351e-17	2.781449263820864101e-03
1.392753926999999931e+04	1.465383914613653431e-17	2.731966568470864300e-03
1.392262946000000011e+04	1.308542376363374597e-17	2.683309442371885692e-03
1.391772328000000016e+04	1.168391547348740883e-17	2.635465442099423506e-03
1.391282070000000022e+04	1.043165278171008147e-17	2.588421900822574992e-03
1.390792173999999977e+04	9.312843427393516343e-18	2.542166800427937256e-03
1.390302639000000090e+04	8.313348751918302473e-18	2.496687994462350180e-03
1.389813464999999997e+04	7.420520638292535112e-18	2.451973591947349297e-03
1.389324649999999929e+04	6.623040184580645008e-18	2.408011680688857542e-03
1.388836195000000043e+04	5.910786832129510708e-18	2.364790778969921847e-03
1.388348099999999977e+04	5.274705980093439702e-18	2.322299466915790211e-03
1.387860362999999961e+04	4.706696803135895068e-18	2.280526307214904725e-03
1.387372984999999971e+04	4.199518072997801950e-18	2.239460275226222430e-03
1.386885964000000058e+04	3.746691245985733662e-18	2.199090243402715850e-03
1.386399301999999989e+04	3.342427038190154203e-18	2.159405566178452304e-03
1.385912996000000021e+04	2.981545188247599471e-18	2.120395335671226671e-03
1.385427047999999922e+04	2.659418256764443194e-18	2.082049195641488999e-03
1.384941455999999926e+04	2.371906892741027994e-18	2.044356614592720677e-03
1.384456220000000030e+04	2.115312448149862401e-18	2.007307364199938712e-03
1.383971340000000055e+04	1.886329101702275798e-18	1.970891356070904755e-03
1.383486815999999999e+04	1.682002402142970202e-18	1.935098640268511933e-03
1.383002645999999913e+04	1.499691446052773353e-18	1.899919259721467987e-03
1.382518829999999980e+04	1.337037311449565526e-18	1.865343544107142364e-03
1.382035368999999992e+04	1.191932622774587805e-18	1.831362026653034604e-03
1.381552261999999973e+04	1.062494042851107885e-18	1.797965231272239534e-03
1.381069507999999951e+04	9.470392286829685837e-19	1.765143817468645343e-03
1.380587106999999924e+04	8.440657051917989240e-19	1.732888645036421765e-03
1.380105059000000074e+04	7.522314988391185340e-19	1.701190701762161396e-03
1.379623363000000063e+04	6.703379360529850605e-19	1.670041037880466055e-03
1.379142017999999916e+04	5.973146294808523125e-19	1.639430833052559974e-03
1.378661025999999947e+04	5.322062087457891098e-19	1.609351580839168613e-03
1.378180384000000049e+04	4.741589935562670539e-19	1.579794583815541300e-03
1.377700093000000015e+04	4.224113454662557435e-19	1.550751517597251253e-03
1.377220152000000053e+04	3.762831137942560977e-19	1.522214055196694036e-03
1.376740560999999980e+04	3.351672746429187372e-19	1.494174049598696484e-03
1.376261319999999978e+04	2.985220129786108677e-19	1.466623470392208924e-03
1.375782428000000073e+04	2.658636942878964916e-19	1.439554346375196327e-03
1.375303883999999925e+04	2.367607319500666576e-19	1.412958824028162077e-03
1.374825689000000057e+04	2.108281184142595728e-19	1.386829274397849941e-03
1.374347841999999946e+04	1.877222090306064991e-19	1.361158069440854008e-03
1.373870342999999957e+04	1.671364576526585038e-19	1.335937746946031434e-03
1.373393190999999933e+04	1.487973469402319115e-19	1.311160901701220868e-03
1.372916386000000057e+04	1.324609264576835972e-19	1.286820289784269431e-03
1.372439926999999989e+04	1.179095650213462731e-19	1.262908723344382525e-03
1.371963813999999911e+04	1.049491880014068260e-19	1.239419171378437984e-03
1.371488047999999981e+04	9.340673233053981018e-20	1.216344754187095650e-03
1.371012625999999909e+04	8.312777483821023650e-20	1.193678501696403705e-03
1.370537550000000010e+04	7.397472708238092030e-20	1.171413786607710013e-03
1.370062817999999970e+04	6.582483233653760374e-20	1.149543891940197097e-03
1.369588429999999971e+04	5.856868485880713760e-20	1.128062295005620398e-03
1.369114386999999988e+04	5.210876221955970873e-20	1.106962614155566644e-03
1.368640685999999914e+04	4.635808009859045370e-20	1.086238386942826525e-03
1.368167329000000063e+04	4.123916713627968024e-20	1.065883467577738138e-03
1.367694314999999915e+04	3.668293940476522284e-20	1.045891671923604611e-03
1.367221643000000040e+04	3.262783126520368038e-20	1.026256910890538691e-03
1.366749313000000075e+04	2.901898839005974396e-20	1.006973229633139526e-03
1.366277325000000019e+04	2.580753094084032087e-20	9.880347630288781931e-04
1.365805678000000080e+04	2.294990057622008086e-20	9.694356954467908032e-04
1.365334372000000076e+04	2.040729621674879431e-20	9.511703398260409935e-04
1.364863406000000032e+04	1.814514623592451399e-20	9.332330576216339192e-04
1.364392780999999923e+04	1.613266343389553754e-20	9.156183722679206872e-04
1.363922494999999981e+04	1.434241212689824597e-20	8.983207792510307594e-04
1.363452548999999999e+04	1.274996807830218598e-20	8.813349695757440212e-04
1.362982942000000003e+04	1.133357197977307682e-20	8.646556431225229907e-04
1.362513673000000017e+04	1.007384723820700105e-20	8.482775829890601676e-04
1.362044743000000017e+04	8.953544783168875841e-21	8.321957223235134857e-04
1.361576151000000027e+04	7.957301040241589336e-21	8.164050036511456571e-04
1.361107897000000048e+04	7.071439634243086181e-21	8.009004822197332259e-04
1.360639978999999948e+04	6.283781600976162919e-21	7.856772252698247458e-04
1.360172399000000041e+04	5.583491782543057012e-21	7.707305067633306956e-04
1.359705155000000013e+04	4.960919243688506381e-21	7.560555460634238055e-04
1.359238247000000047e+04	4.407476970149271019e-21	7.416477015396490818e-04
1.358771674999999959e+04	3.915522330075781599e-21	7.275024039423502601e-04
1.358305438999999933e+04	3.478253720594658740e-21	7.136151554289688666e-04
1.357839537000000018e+04	3.089616894639935836e-21	6.999814705911695670e-04
1.357373970000000008e+04	2.744227260558903941e-21	6.865970230724786601e-04
1.356908738000000085e+04	2.437292922286812127e-21	6.734575249600360802e-04
1.356443839999999909e+04	2.164549987340097255e-21	6.605587284013768670e-04
1.355979275000000052e+04	1.922205341461773845e-21	6.478964541201404905e-04
1.355515042999999969e+04	1.706885332329433905e-21	6.354666169578833314e-04
1.355051144999999997e+04	1.515589437635414490e-21	6.232652225447332011e-04
1.354587578000000030e+04	1.345647333270196095e-21	6.112882360662698095e-04
1.354124344999999994e+04	1.194686275314895869e-21	5.995318420585057581e-04
1.353661441999999988e+04	1.060593888316397348e-21	5.879921087343413727e-04
1.353198871999999938e+04	9.414938012843812932e-22	5.766653424491407359e-04
1.352736631999999918e+04	8.357159891118255863e-22	5.655477615775645868e-04
1.352274724000000060e+04	7.417767560244902907e-22	5.546357661467372436e-04
1.351813145000000077e+04	6.583559926509617008e-22	5.439256964068868092e-04
1.351351896999999917e+04	5.842810361066719525e-22	5.334140682487196767e-04
1.350890978999999970e+04	5.185089270206727123e-22	5.230973846437041858e-04
1.350430390000000079e+04	4.601126340215727365e-22	5.129722062761802670e-04
1.349970129000000088e+04	4.082682204510579792e-22	5.030351506774147566e-04
1.349510197999999946e+04	3.622437085764725511e-22	4.932829544083410390e-04
1.349050595000000067e+04	3.213881763947359019e-22	4.837123221142565661e-04
1.348591320000000087e+04	2.851233881514080956e-22	4.743200548824171589e-04
1.348132372000000032e+04	2.529354585955143600e-22	4.651029860090431377e-04
1.347673752000000059e+04	2.243679212040907679e-22	4.560580406676773588e-04
1.347215458000000035e+04	1.990150378503228723e-22	4.471821356279949075e-04
1.346757490999999936e+04	1.765165183639578103e-22	4.384722968453763766e-04
1.346299849999999969e+04	1.565521954521801511e-22	4.299255609876472873e-04
1.345842534999999953e+04	1.388377147283345042e-22	4.215390326346025031e-04
1.345385546000000068e+04	1.231204995860882321e-22	4.133098640271207886e-04
1.344928881999999976e+04	1.091761862422586858e-22	4.052352368474565697e-04
1.344472542000000067e+04	9.680552094150489211e-23	3.973123803185979377e-04
1.344016527999999926e+04	8.583162841664920130e-23	3.895386211426823562e-04
1.343560836999999992e+04	7.609732417185939986e-23	3.819112454952321850e-04
1.343105470000000059e+04	6.746312812436225521e-23	3.744276525526923677e-04
1.342650425999999970e+04	5.980515716661071544e-23	3.670852518305714376e-04
1.342195706000000064e+04	5.301345599996549127e-23	3.598815282845992721e-04
1.341741308000000026e+04	4.699036516209837130e-23	3.528139617054772419e-04
1.341287233000000015e+04	4.164923137633185744e-23	3.458801211323011995e-04
1.340833479000000079e+04	3.691310100990743515e-23	3.390775708648295487e-04
1.340380047999999988e+04	3.271371022700271800e-23	3.324039760450542909e-04
1.339926936999999998e+04	2.899042545675554085e-23	3.258569677775154799e-04
1.339474148000000059e+04	2.568947642665536201e-23	3.194342897134813458e-04
1.339021680000000015e+04	2.276312113172208636e-23	3.131336805120068785e-04
1.338569532000000072e+04	2.016899565226883116e-23	3.069529177716309211e-04
1.338117704000000049e+04	1.786951526173461211e-23	3.008898307039199705e-04
1.337666194999999971e+04	1.583132705581762055e-23	2.949422721978896310e-04
1.337215005999999994e+04	1.402484809697735834e-23	2.891081578911119119e-04
1.336764135999999962e+04	1.242382484743919506e-23	2.833854129154194518e-04
1.336313585000000057e+04	1.100497124027244831e-23	2.777720107387112130e-04
1.335863351999999941e+04	9.747628158250078999e-24	2.722659472147124235e-04
1.335413436000000002e+04	8.633471449397007746e-24	2.668652530610175896e-04
1.334963839000000007e+04	7.646255126895246027e-24	2.615680283124471135e-04
1.334514559000000008e+04	6.771561550325636065e-24	2.563723583297864068e-04
1.334065596000000005e+04	5.996608859184177505e-24	2.512763850745383751e-04
1.333616949000000022e+04	5.310060507410506795e-24	2.462782713370091788e-04
1.333168619000000035e+04	4.701866770314651101e-24	2.413762337583463531e-04
1.332720605000000069e+04	4.163113767344878823e-24	2.365684977703298806e-04
1.332272905999999966e+04	3.685898395832347201e-24	2.318533199891978358e-04
1.331825523000000067e+04	3.263215871989492438e-24	2.272290081828224912e-04
1.331378455000000031e+04	2.888854199215834263e-24	2.226938786644912271e-04
1.330931701000000066e+04	2.557306743505709923e-24	2.182462774586517950e-04
1.330485261999999966e+04	2.263693638786251294e-24	2.138845991666938674e-04
1.330039135999999962e+04	2.003687514174423453e-24	2.096072371893896848e-04
1.329593325000000004e+04	1.773455157682407445e-24	2.054126512178643333e-04
1.329147825999999986e+04	1.569596705853555996e-24	2.012992809318710804e-04
1.328702641000000040e+04	1.389101422095162494e-24	1.972656396594996738e-04
1.328257768000000033e+04	1.229299572432478372e-24	1.933102303934106797e-04
1.327813207999999941e+04	1.087826531217001907e-24	1.894316092278904896e-04
1.327368959999999970e+04	9.625863740207742539e-25	1.856283400533867271e-04
1.326925022999999965e+04	8.517221157951951245e-25	1.818990124116304132e-04
1.326481398000000081e+04	7.535889720066598824e-25	1.782422573947417294e-04
1.326038083000000006e+04	6.667291208272678180e-25	1.746567056287067269e-04
1.325595080000000053e+04	5.898518661757168198e-25	1.711410441971397158e-04
1.325152385999999933e+04	5.218130043004309026e-25	1.676939438264583491e-04
1.324710002999999961e+04	4.615997968980989006e-25	1.643141378688480511e-04
1.324267929999999978e+04	4.083147734408231628e-25	1.610003588830992470e-04
1.323826166000000012e+04	3.611630851679497408e-25	1.577513622744916295e-04
1.323384711000000061e+04	3.194408946663926127e-25	1.545659330533585699e-04
1.322943564999999944e+04	2.825248766739785006e-25	1.514428777650220215e-04
1.322502727000000050e+04	2.498629695184621766e-25	1.483810172583133506e-04
1.322062197000000015e+04	2.209664022917344264e-25	1.453792004881277052e-04
1.321621975000000020e+04	1.954023843228193841e-25	1.424362968891170942e-04
1.321182061000000067e+04	1.727877148343692535e-25	1.395511960390606826e-04
1.320742453000000023e+04	1.527830339644615061e-25	1.367227945822047303e-04
1.320303153000000020e+04	1.350880802881574854e-25	1.339500346212511546e-04
1.319864158999999927e+04	1.194368769668422319e-25	1.312318519137711532e-04
1.319425470999999925e+04	1.055940573027088099e-25	1.285672140277572726e-04
1.318987089000000014e+04	9.335127756075260332e-26	1.259551070381580368e-04
1.318549013000000014e+04	8.252412438935282784e-26	1.233945352194805564e-04
1.318111240999999973e+04	7.294933384122448065e-26	1.208845093857123520e-04
1.317673775000000023e+04	6.448249699346818531e-26	1.184240810970417778e-04
1.317236613000000034e+04	5.699573368341490670e-26	1.160122964877074862e-04
1.316799755999999979e+04	5.037593018948646407e-26	1.136482356207964674e-04
1.316363201999999910e+04	4.452294775196689217e-26	1.113309790853395971e-04
1.315926951999999983e+04	3.934821951285108388e-26	1.090596401821958158e-04
1.315491006000000016e+04	3.477336536503806565e-26	1.068333428987788006e-04
1.315055362000000059e+04	3.072901908200959946e-26	1.046512171797263357e-04
1.314620021000000088e+04	2.715383954533230035e-26	1.025124239380344275e-04
1.314184982999999920e+04	2.399354909516780012e-26	1.004161342667966237e-04
1.313750245999999970e+04	2.120011930543595093e-26	9.836152497527782398e-05
1.313315812000000005e+04	1.873108991050286472e-26	9.634780677566793703e-05
1.312881677999999920e+04	1.654887478588609916e-26	9.437418171292454819e-05
1.312447846000000027e+04	1.462025456483298539e-26	9.243988927143677553e-05
1.312014314999999988e+04	1.291583343640403132e-26	9.054416931322322403e-05
1.311581084000000010e+04	1.140961437517311015e-26	8.868627586306023012e-05
1.311148152999999911e+04	1.007861006777712865e-26	8.686548102155748153e-05
1.310715522000000055e+04	8.902491808441520754e-27	8.508107023096415889e-05
1.310283191000000079e+04	7.863282920955437756e-27	8.333234204664143887e-05
1.309851159000000007e+04	6.945085427167403707e-27	8.161860398400255876e-05
1.309419426000000021e+04	6.133844606477179127e-27	7.993918038122000596e-05
1.308987990999999965e+04	5.417132081872183559e-27	7.829340423907591925e-05
1.308556854999999996e+04	4.783962854303019987e-27	7.668062848538819407e-05
1.308126016999999956e+04	4.224622250319916761e-27	7.510021050220114225e-05
1.307695476000000053e+04	3.730522504260214203e-27	7.355151976052345377e-05
1.307265233000000080e+04	3.294074262661617446e-27	7.203394458819054969e-05
1.306835287000000062e+04	2.908566758235325907e-27	7.054687757754195189e-05
1.306405637999999999e+04	2.568069248261050825e-27	6.908972614142727653e-05
1.305976284999999916e+04	2.267338991006775480e-27	6.766190539332701706e-05
1.305547227999999996e+04	2.001743049067661601e-27	6.626284473418247555e-05
1.305118468000000030e+04	1.767187326871202141e-27	6.489198733735226986e-05
1.304690001999999913e+04	1.560051622468471042e-27	6.354877413395214098e-05
1.304261832999999933e+04	1.377139595398026477e-27	6.223267528959698300e-05
1.303833957999999984e+04	1.215624123540120532e-27	6.094315239778888961e-05
1.303406377000000066e+04	1.073008386444024915e-27	5.967968641944643854e-05
1.302979090999999971e+04	9.470864529418428097e-28	5.844177088064237910e-05
1.302552099000000089e+04	8.359086524527069539e-28	5.722890298398890051e-05
1.302125401000000056e+04	7.377527165915480156e-28	5.604059227456233312e-05
1.301698996000000079e+04	6.510968588277050337e-28	5.487635478733127615e-05
1.301272883999999976e+04	5.745969033867676939e-28	5.373571845068486272e-05
1.300847064999999930e+04	5.070653947339495255e-28	5.261822005828497933e-05
1.300421538999999939e+04	4.474533733727867368e-28	5.152340511214202146e-05
1.299996305000000029e+04	3.948341487406531223e-28	5.045082517085925424e-05
1.299571362000000045e+04	3.483892277905672887e-28	4.940004039151177833e-05
1.299146711999999934e+04	3.073959820450095785e-28	4.837062657136098403e-05
1.298722351999999955e+04	2.712157084213535199e-28	4.736215546010699815e-05
1.298298284000000058e+04	2.392847628785362515e-28	4.637421885781612037e-05
1.297874507000000085e+04	2.111051285941339750e-28	4.540640922098597378e-05
1.297451019000000088e+04	1.862369763549654073e-28	4.445832464241339556e-05
1.297027822000000015e+04	1.642921433877883629e-28	4.352957978795380186e-05
1.296604915000000074e+04	1.449277054836519282e-28	4.261978997762805137e-05
1.296182296999999926e+04	1.278408813234649411e-28	4.172857796425487629e-05
1.295759968999999910e+04	1.127644102511838669e-28	4.085557788796976436e-05
1.295337930000000051e+04	9.946225198052108283e-29	4.000042671105688666e-05
1.294916179000000011e+04	8.772602307786734132e-29	3.916276842955822713e-05
1.294494715999999971e+04	7.737178617625877866e-29	3.834225586909574052e-05
1.294073542000000089e+04	6.823717994524998578e-29	3.753855036464879842e-05
1.293652655000000050e+04	6.017881529959946624e-29	3.675131404665639748e-05
1.293232056000000011e+04	5.307017891526555771e-29	3.598022117180980721e-05
1.292811743999999999e+04	4.679956356250076996e-29	3.522494855777404192e-05
1.292391718000000037e+04	4.126837476471076827e-29	3.448517931725659933e-05
1.291971980000000076e+04	3.638962737603646094e-29	3.376060786634699500e-05
1.291552527000000009e+04	3.208649275105387061e-29	3.305092589836926352e-05
1.291133360999999968e+04	2.829121861369932324e-29	3.235583953905586674e-05
1.290714480000000003e+04	2.494397561264877487e-29	3.167505392316581603e-05
1.290295885000000089e+04	2.199199066516673329e-29	3.100828478253107200e-05
1.289877575000000070e+04	1.938867982861642063e-29	3.035525013227614510e-05
1.289459549999999945e+04	1.709294400984795797e-29	2.971567502854678813e-05
1.289041808999999921e+04	1.506851349360524172e-29	2.908928834364465143e-05
1.288624352999999974e+04	1.328339541647512417e-29	2.847582718135555096e-05
1.288207179999999971e+04	1.170934986518640996e-29	2.787502935662447516e-05
1.287790291000000070e+04	1.032147331570944865e-29	2.728664211806721660e-05
1.287373686000000089e+04	9.097790710081923714e-30	2.671041614849149407e-05
1.286957363000000078e+04	8.018910543999857361e-30	2.614610427512108315e-05
1.286541323999999986e+04	7.067736401240180566e-30	2.559346953892677610e-05
1.286125567000000046e+04	6.229177539774318700e-30	2.505227426102322772e-05
1.285710092000000077e+04	5.489927005346607899e-30	2.452228806037792591e-05
1.285294899000000078e+04	4.838246956076414348e-30	2.400328503109618210e-05
1.284879988000000048e+04	4.263784045358036230e-30	2.349504365959078560e-05
1.284465358000000015e+04	3.757405329526872747e-30	2.299734555498221167e-05
1.284051008999999976e+04	3.311057153317831735e-30	2.250997781716008409e-05
1.283636940999999933e+04	2.917636581985964862e-30	2.203273169554081134e-05
1.283223154000000068e+04	2.570879412405706154e-30	2.156540251192612436e-05
1.282809646000000066e+04	2.265259958456105424e-30	2.110778739380658210e-05
1.282396419000000060e+04	1.995908331521692726e-30	2.065969186083727033e-05
1.281983472000000074e+04	1.758528072953975904e-30	2.022092194810353306e-05
1.281570802999999978e+04	1.549330354116897341e-30	1.979128652208280060e-05
1.281158414000000084e+04	1.364976368188494465e-30	1.937060235856346237e-05
1.280746304000000055e+04	1.202520765740083665e-30	1.895868673191144948e-05
1.280334471999999914e+04	1.059366793971821882e-30	1.855536056303577912e-05
1.279922919000000002e+04	9.332256829955967502e-31	1.816045024815086839e-05
1.279511643000000004e+04	8.220787073242393890e-31	1.777378274426233464e-05
1.279100645000000077e+04	7.241470139292062770e-31	1.739519126152807790e-05
1.278689925000000039e+04	6.378621295882957727e-31	1.702451134241104568e-05
1.278279480999999942e+04	5.618410363715618948e-31	1.666158001845712759e-05
1.277869314999999915e+04	4.948653305603673067e-31	1.630624107151644388e-05
1.277459425000000010e+04	4.358603557768320778e-31	1.595833789823506625e-05
1.277049811000000045e+04	3.838791976400373729e-31	1.561771873735207442e-05
1.276640473999999995e+04	3.380873282916664352e-31	1.528423563170584642e-05
1.276231411999999909e+04	2.977488866043341315e-31	1.495774112969300548e-05
1.275822624999999971e+04	2.622155468369928664e-31	1.463809234326886133e-05
1.275414113999999972e+04	2.309159882695839044e-31	1.432514997131166617e-05
1.275005877999999939e+04	2.033465511489712172e-31	1.401877594047922996e-05
1.274597916000000077e+04	1.790633991213184681e-31	1.371883496206403424e-05
1.274190228999999999e+04	1.576755229196244693e-31	1.342519590292845608e-05
1.273782814999999937e+04	1.388382104398271947e-31	1.313772809477949315e-05
1.273375676000000021e+04	1.222478915680339207e-31	1.285630628952658714e-05
1.272968809999999939e+04	1.076369094933600602e-31	1.258080496424035630e-05
1.272562217000000055e+04	9.476950963063204335e-32	1.231110249112835979e-05
1.272155897000000004e+04	8.343796791761015655e-32	1.204707966463307174e-05
1.271749849999999969e+04	7.345926432099915265e-32	1.178861965513073268e-05
1.271344074999999975e+04	6.467213001300264945e-32	1.153560734635095656e-05
1.270938572999999997e+04	5.693452805292379602e-32	1.128793116730447789e-05
1.270533342000000084e+04	5.012127164036726765e-32	1.104547996161576670e-05
1.270128383000000031e+04	4.412212986226533968e-32	1.080814660888450102e-05
1.269723695000000043e+04	3.883996674926947732e-32	1.057582495872677771e-05
1.269319278999999915e+04	3.418924098154214273e-32	1.034841213419825406e-05
1.268915133000000060e+04	3.009456864198984090e-32	1.012580564914905848e-05
1.268511256999999932e+04	2.648957178303551322e-32	9.907906207962265642e-06
1.268107652000000053e+04	2.331579024608182287e-32	9.694617029375250149e-06
1.267704317000000083e+04	2.052171675986858169e-32	9.485842217601686492e-06
1.267301251000000047e+04	1.806198788280749596e-32	9.281487835442463766e-06
1.266898454999999922e+04	1.589666224749367426e-32	9.081462848033244469e-06
1.266495927999999913e+04	1.399055200669483035e-32	8.885677058037503976e-06
1.266093670000000020e+04	1.231267322445618615e-32	8.694042585383839652e-06
1.265691681000000062e+04	1.083573946264333209e-32	8.506473320021349879e-06
1.265289960000000065e+04	9.535718260964373453e-33	8.322884435321118601e-06
1.264888507000000027e+04	8.391450187254758884e-33	8.143193286851252671e-06
1.264487321999999949e+04	7.384302515694417076e-33	7.967318897982358510e-06
1.264086404000000039e+04	6.497865944483244665e-33	7.795181502558981977e-06
1.263685754000000088e+04	5.717695944968968739e-33	7.626703805301542359e-06
1.263285370999999941e+04	5.031070074009297350e-33	7.461809232733516025e-06
1.262885253999999986e+04	4.426787073111041092e-33	7.300422786684164481e-06
1.262485404000000017e+04	3.894987710036358447e-33	7.142471794343369132e-06
1.262085820000000058e+04	3.426988908605930196e-33	6.987884264992776114e-06
1.261686503000000084e+04	3.015148380700439545e-33	6.836590441568260276e-06
1.261287449999999990e+04	2.652734226236769178e-33	6.688520490017178673e-06
1.260888664000000063e+04	2.333825422651284623e-33	6.543608220854979893e-06
1.260490142000000014e+04	2.053204666792187510e-33	6.401786608110060891e-06
1.260091885000000002e+04	1.806282208193194755e-33	6.262991434456841352e-06
1.259693893000000025e+04	1.589017007393709225e-33	6.127159428970669441e-06
1.259296166000000085e+04	1.397851901431060612e-33	5.994228608526235042e-06
1.258898702000000048e+04	1.229654961940756167e-33	5.864137604712470683e-06
1.258501502000000073e+04	1.081670772406087449e-33	5.736827292003618707e-06
1.258104565999999977e+04	9.514735954511535116e-34	5.612239419616167530e-06
1.257707892999999967e+04	8.369281149116027603e-34	5.490316621208038726e-06
1.257311483000000044e+04	7.361552927466251893e-34	5.371003018686765474e-06
1.256915336000000025e+04	6.475013509352559408e-34	5.254243875354946237e-06
1.256519451999999910e+04	5.695108086011056493e-34	5.139985573376379929e-06
1.256123830000000089e+04	5.009025786495166786e-34	5.028175312005916318e-06
1.255728470000000016e+04	4.405494483256833683e-34	4.918761662663163562e-06
1.255333371000000079e+04	3.874593143274982231e-34	4.811693981685695303e-06
1.254938534000000072e+04	3.407593906226277106e-34	4.706923205086815785e-06
1.254543958999999995e+04	2.996815020051770759e-34	4.604401000983094964e-06
1.254149644000000080e+04	2.635495182558746137e-34	4.504079525681160126e-06
1.253755589999999938e+04	2.317687810363046802e-34	4.405912688968581223e-06
1.253361795999999958e+04	2.038158794246759237e-34	4.309854848744999914e-06
1.252968262999999934e+04	1.792304115836105432e-34	4.215861788837884601e-06
1.252574990000000071e+04	1.576071594201895425e-34	4.123889724483312780e-06
1.252181976000000031e+04	1.385896141935466438e-34	4.033895786585992848e-06
1.251789221999999972e+04	1.218642073194818824e-34	3.945838446560605688e-06
1.251396726999999919e+04	1.071549745541711288e-34	3.859676582669109062e-06
1.251004491000000053e+04	9.421917254783255606e-35	3.775370147230556559e-06
1.250612513000000035e+04	8.284321821695355623e-35	3.692879710160675504e-06
1.250220794000000024e+04	7.283927230921804579e-35	3.612167075874119376e-06
