Wavenumber	Minor Gaussian	Major Gaussian
1.999839949999999953e+04	1.926072920858104324e-11	1.414193754972313945e-04
1.998799624000000040e+04	2.315139070752466853e-11	1.482534228923666514e-04
1.997760411999999997e+04	2.780312075700557073e-11	1.553877394030367311e-04
1.996722313999999824e+04	3.335977265484882092e-11	1.628340302213270344e-04
1.995685327999999936e+04	3.999141910916480327e-11	1.706044036715193425e-04
1.994649451000000045e+04	4.789894412824665909e-11	1.787113765497057403e-04
1.993614682000000175e+04	5.731938148718441052e-11	1.871678611886696576e-04
1.992581019999999990e+04	6.853217559441489952e-11	1.959871898687112540e-04
1.991548461999999927e+04	8.186649461736114770e-11	2.051831435350681394e-04
1.990517007000000012e+04	9.770967187682385882e-11	2.147699284467128385e-04
1.989486652999999933e+04	1.165171092843076702e-10	2.247622128896853595e-04
1.988457398000000103e+04	1.388237382030367461e-10	2.351751299320621093e-04
1.987429239999999845e+04	1.652573373535785732e-10	2.460242886734816722e-04
1.986402178999999887e+04	1.965539143458891727e-10	2.573257631658336223e-04
1.985376210999999967e+04	2.335757813992792516e-10	2.690961694444014081e-04
1.984351335000000108e+04	2.773320773224150379e-10	2.813526012857581757e-04
1.983327549999999974e+04	3.290027982917560379e-10	2.941126728203029088e-04
1.982304853000000003e+04	3.899666120439207905e-10	3.073945567764264008e-04
1.981283242999999857e+04	4.618326271321054427e-10	3.212169466214598030e-04
1.980262718999999925e+04	5.464773333171632656e-10	3.355990919519472601e-04
1.979243277999999918e+04	6.460872855690525871e-10	3.505608405115592015e-04
1.978224918999999863e+04	7.632076827456341362e-10	3.661225941484529058e-04
1.977207640000000174e+04	9.007988766855883114e-10	3.823053638241863741e-04
1.976191439000000173e+04	1.062300937593837262e-09	3.991307683840575890e-04
1.975176314999999886e+04	1.251707659071063693e-09	4.166210296555542653e-04
1.974162266000000091e+04	1.473651965681099626e-09	4.347990182307518510e-04
1.973149290000000110e+04	1.733503301279559359e-09	4.536882507110929965e-04
1.972137385999999969e+04	2.037478934142014965e-09	4.733128828428829300e-04
1.971126551000000109e+04	2.392772492726583679e-09	4.936977802529496796e-04
1.970116785000000164e+04	2.807698181871236289e-09	5.148684324762621903e-04
1.969108084999999846e+04	3.291859406072638581e-09	5.368510870043174607e-04
1.968100449999999910e+04	3.856336748509114211e-09	5.596726594740016568e-04
1.967093878000000041e+04	4.513905625492941772e-09	5.833608100939649977e-04
1.966088366999999926e+04	5.279282268457332944e-09	6.079439362841089489e-04
1.965083915999999954e+04	6.169402976136331439e-09	6.334511600226631336e-04
1.964080523000000176e+04	7.203743968057613128e-09	6.599123898603535474e-04
1.963078186999999889e+04	8.404680949475620294e-09	6.873582831736704942e-04
1.962076904999999897e+04	9.797902551862525190e-09	7.158203409728069967e-04
1.961076675999999861e+04	1.141287005921392857e-08	7.453308115137252448e-04
1.960077497999999832e+04	1.328334701477562321e-08	7.759227860918627888e-04
1.959079371000000174e+04	1.544798838460379979e-08	8.076301206228811945e-04
1.958082290999999896e+04	1.795102542293083084e-08	8.404876380627569320e-04
1.957086258000000089e+04	2.084300716809565278e-08	8.745308871554566179e-04
1.956091269000000102e+04	2.418167340979735832e-08	9.097963831475687274e-04
1.955097323999999935e+04	2.803290172658481434e-08	9.463214152970341429e-04
1.954104420000000027e+04	3.247181400537921654e-08	9.841442722976613631e-04
1.953112556000000041e+04	3.758398027253471805e-08	1.023304074356481312e-03
1.952121730000000025e+04	4.346680410243812492e-08	1.063840896638742128e-03
1.951131941000000006e+04	5.023105416403620100e-08	1.105795702529383103e-03
1.950143187000000034e+04	5.800260608256486752e-08	1.149210437640688781e-03
1.949155466000000160e+04	6.692437715994364523e-08	1.194128003235273407e-03
1.948168777000000046e+04	7.715848726874325334e-08	1.240592220357065708e-03
1.947183118000000104e+04	8.888870630844563326e-08	1.288647932470991450e-03
1.946198487999999998e+04	1.023231485507247717e-07	1.338340922661221443e-03
1.945214884000000166e+04	1.176973457799899644e-07	1.389718075562465429e-03
1.944232305999999880e+04	1.352775577973805209e-07	1.442827131657533008e-03
1.943250750999999946e+04	1.553646389813435196e-07	1.497717011640934716e-03
1.942270218999999997e+04	1.782981306624626627e-07	1.554437502455482912e-03
1.941290707000000111e+04	2.044610595333856690e-07	1.613039603277979794e-03
1.940312213999999949e+04	2.342850250841462857e-07	1.673575251134814612e-03
1.939334737999999925e+04	2.682560449508448198e-07	1.736097505302646110e-03
1.938358279000000039e+04	3.069208567411982249e-07	1.800660365683194380e-03
1.937382833000000028e+04	3.508942532604730173e-07	1.867319176494303210e-03
1.936408399999999892e+04	4.008666328706432237e-07	1.936130106068105570e-03
1.935434977000000072e+04	4.576130118347537718e-07	2.007150628384227545e-03
1.934462565000000177e+04	5.220022704668025221e-07	2.080439030575461333e-03
1.933491159999999945e+04	5.950083338842405307e-07	2.156055083318069929e-03
1.932520761000000130e+04	6.777214228399659195e-07	2.234059457356434453e-03
1.931551367000000027e+04	7.713611563286113596e-07	2.314513945331687309e-03
1.930582977000000028e+04	8.772908054119973000e-07	2.397481467834781683e-03
1.929615587999999843e+04	9.970332446955208189e-07	2.483026258660362817e-03
1.928649198999999862e+04	1.132287780493426633e-06	2.571213527786872510e-03
1.927683809000000110e+04	1.284949289539691003e-06	2.662109629390809178e-03
1.926719414999999935e+04	1.457129406528554212e-06	2.755782263289794504e-03
1.925756017000000065e+04	1.651178516930730559e-06	2.852300000811630598e-03
1.924793612999999823e+04	1.869711614695813065e-06	2.951732766445123828e-03
1.923832200999999986e+04	2.115635405596181299e-06	3.054151655805103539e-03
1.922871779999999853e+04	2.392177972517310840e-06	3.159628826944009192e-03
1.921912349000000177e+04	2.702921680285243711e-06	3.268237600427781504e-03
1.920953904999999941e+04	3.051839660445078571e-06	3.380052697013431490e-03
1.919996446999999898e+04	3.443333503266769862e-06	3.495149785721569317e-03
1.919039975000000049e+04	3.882275766412729985e-06	3.613605574083981510e-03
1.918084485000000132e+04	4.374058618832199491e-06	3.735498435583547820e-03
1.917129977000000144e+04	4.924640467859534919e-06	3.860907417669286103e-03
1.916176449000000139e+04	5.540603432851338102e-06	3.989912986753703025e-03
1.915223900000000140e+04	6.229211091746715559e-06	4.122596640742564982e-03
1.914272327999999834e+04	6.998474149104310548e-06	4.259041176464542500e-03
1.913321731999999975e+04	7.857218733427249354e-06	4.399330407002739578e-03
1.912372109999999884e+04	8.815163544627848563e-06	4.543549443896569701e-03
1.911423460999999952e+04	9.882999721237728494e-06	4.691784396444726064e-03
1.910475782999999865e+04	1.107248114475846006e-05	4.844122669395010961e-03
1.909529074000000037e+04	1.239651895086500883e-05	5.000652811053699423e-03
1.908583334000000104e+04	1.386928111485847829e-05	5.161464161264318028e-03
1.907638560000000143e+04	1.550631059975509694e-05	5.326647681289605786e-03
1.906694752000000153e+04	1.732463520218393798e-05	5.496294923933639325e-03
1.905751907999999821e+04	1.934290401340439637e-05	5.670498885553054876e-03
1.904810024999999951e+04	2.158152487288575376e-05	5.849353852825435116e-03
1.903869104000000152e+04	2.406279989862422652e-05	6.032954429096304590e-03
1.902929142000000138e+04	2.681110314037471107e-05	6.221397040883716589e-03
1.901990137999999934e+04	2.985303600183277138e-05	6.414778779736124079e-03
1.901052089999999953e+04	3.321761730336277491e-05	6.613197976326886003e-03
1.900114996999999858e+04	3.693647129691750140e-05	6.816753773250621568e-03
1.899178858000000037e+04	4.104403807243614278e-05	7.025546306158836699e-03
1.898243671000000177e+04	4.557780020637650380e-05	7.239676918183970272e-03
1.897309433999999965e+04	5.057851595993511197e-05	7.459247933959136170e-03
1.896376147000000128e+04	5.609045889436794645e-05	7.684362152784180409e-03
1.895443807000000015e+04	6.216171385839675521e-05	7.915124019423871310e-03
1.894512413000000015e+04	6.884443360548836790e-05	8.151638413018188339e-03
1.893581965000000127e+04	7.619514272824663226e-05	8.394010825073214971e-03
1.892652459000000090e+04	8.427509940871985106e-05	8.642348655406414254e-03
1.891723895999999877e+04	9.315056195611925310e-05	8.896758827420449267e-03
1.890796272999999928e+04	1.028932247468732715e-04	9.157350151785358452e-03
1.889869589999999880e+04	1.135805332392436884e-04	9.424231399581758234e-03
1.888943844000000172e+04	1.252961488165151287e-04	9.697512962046352450e-03
1.888019034000000102e+04	1.381303174140581524e-04	9.977305401169053387e-03
1.887095159000000058e+04	1.521803355409848590e-04	1.026371997572433220e-02
1.886172218000000066e+04	1.675510197241027177e-04	1.055686861147149373e-02
1.885250207999999839e+04	1.843552381962216234e-04	1.085686452897015666e-02
1.884329130000000077e+04	2.027143220296466529e-04	1.116382026791179309e-02
1.883408980000000156e+04	2.227587781928849254e-04	1.147785060339279878e-02
1.882489758000000074e+04	2.446286848540166398e-04	1.179906953314481012e-02
1.881571462999999858e+04	2.684743831342738642e-04	1.212759188938417748e-02
1.880654091999999946e+04	2.944571406630227097e-04	1.246353371489637707e-02
1.879737644999999975e+04	3.227496679197724917e-04	1.280701041746116521e-02
1.878822120999999970e+04	3.535368985758502273e-04	1.315813815492736759e-02
1.877907517000000007e+04	3.870167479330857544e-04	1.351703423701474185e-02
1.876993832000000111e+04	4.234007155206304216e-04	1.388381555297110194e-02
1.876081065999999919e+04	4.629146631264366082e-04	1.425859885701496327e-02
1.875169215999999869e+04	5.057997838869980915e-04	1.464150237869994188e-02
1.874258281999999963e+04	5.523131638995119322e-04	1.503264331741399444e-02
1.873348260999999911e+04	6.027289161799727823e-04	1.543214032014379733e-02
1.872439153000000078e+04	6.573387521466793988e-04	1.584011086148234479e-02
1.871530956000000151e+04	7.164531541787068358e-04	1.625667337042163360e-02
1.870623669000000154e+04	7.804021399390396584e-04	1.668194586311762956e-02
1.869717291000000114e+04	8.495362741383782499e-04	1.711604633054139568e-02
1.868811819000000105e+04	9.242278241411058500e-04	1.755909368017801939e-02
1.867907253000000128e+04	1.004871374387230915e-03	1.801120526810617850e-02
1.867003591999999844e+04	1.091885157559619769e-03	1.847249875536513888e-02
1.866100833000000057e+04	1.185712251551574500e-03	1.894309263781380342e-02
1.865198976000000039e+04	1.286821157083041078e-03	1.942310361702145882e-02
1.864298020000000179e+04	1.395707269359092477e-03	1.991264857995577592e-02
1.863397961999999825e+04	1.512894166816891334e-03	2.041184516237526739e-02
1.862498802000000069e+04	1.638934113414266354e-03	2.092080895188796336e-02
1.861600537999999869e+04	1.774409828189068119e-03	2.143965618000326367e-02
1.860703168999999980e+04	1.919935240612055888e-03	2.196850199859197092e-02
1.859806694000000061e+04	2.076156773192007390e-03	2.250746097394112216e-02
1.858911111000000164e+04	2.243754697035619475e-03	2.305664765046626374e-02
1.858016417999999976e+04	2.423444157587805077e-03	2.361617592422093903e-02
1.857122615999999834e+04	2.615975675601549515e-03	2.418615705585846001e-02
1.856229702000000179e+04	2.822137745687878368e-03	2.476670402181530353e-02
1.855337673999999970e+04	3.042757022810694840e-03	2.535792836149191112e-02
1.854446532999999908e+04	3.278698837759252190e-03	2.595993869361220077e-02
1.853556275000000096e+04	3.530870380797118419e-03	2.657284602371159585e-02
1.852666901000000144e+04	3.800219146474721754e-03	2.719675692907858044e-02
1.851778408000000127e+04	4.087736510244856583e-03	2.783177966371047640e-02
1.850890796000000046e+04	4.394456691552884979e-03	2.847801921999106034e-02
1.850004061999999976e+04	4.721459703027028852e-03	2.913558155755965537e-02
1.849118206999999893e+04	5.069869827881739142e-03	2.980456841203519419e-02
1.848233227999999872e+04	5.440859482836859183e-03	3.048508316676665220e-02
1.847349123999999938e+04	5.835647839153013799e-03	3.117722632876151687e-02
1.846465894000000117e+04	6.255502329528833498e-03	3.188109693632552866e-02
1.845583536000000095e+04	6.701739896343627753e-03	3.259679331515583089e-02
1.844702049999999872e+04	7.175726147200298284e-03	3.332441058998425465e-02
1.843821433999999863e+04	7.678877957287074882e-03	3.406404386683401647e-02
1.842941686000000118e+04	8.212663054869969934e-03	3.481578659193813874e-02
1.842062805999999910e+04	8.778599111025806381e-03	3.557972873702968525e-02
1.841184792000000016e+04	9.378256470633044434e-03	3.635596015479978377e-02
1.840307643000000098e+04	1.001325651150817772e-02	3.714456794542685819e-02
1.839431356999999844e+04	1.068527310415344836e-02	3.794563816264846096e-02
1.838555933999999979e+04	1.139603029928129216e-02	3.875925301623638769e-02
1.837681371999999828e+04	1.214730523687383018e-02	3.958549446620093781e-02
1.836807669000000169e+04	1.294092646478017285e-02	4.042444237827556852e-02
1.835934824999999910e+04	1.377877155221889083e-02	4.127617249532445493e-02
1.835062839000000167e+04	1.466276910507756034e-02	4.214075921678709508e-02
1.834191707999999926e+04	1.559489939367290044e-02	4.301827663011837527e-02
1.833321431999999913e+04	1.657718826326917000e-02	4.390879345250352922e-02
1.832452009000000180e+04	1.761171129481595848e-02	4.481237796691697750e-02
1.831583438999999998e+04	1.870058805405874422e-02	4.572909386765088707e-02
1.830715720000000147e+04	1.984598544984433888e-02	4.665900435693094706e-02
1.829848849999999948e+04	2.105011397266099218e-02	4.760217005500609611e-02
1.828982829000000129e+04	2.231522294940468595e-02	4.855864671579043085e-02
1.828117655000000013e+04	2.364360413704654287e-02	4.952848951970093699e-02
1.827253326999999990e+04	2.503758535974212607e-02	5.051174974266554873e-02
1.826389843000000110e+04	2.649953123144510939e-02	5.150847694029806606e-02
1.825527203999999983e+04	2.803183373428564176e-02	5.251871425623020478e-02
1.824665406000000075e+04	2.963692340961984056e-02	5.354250768364474111e-02
1.823804449999999997e+04	3.131724860737837568e-02	5.457989429778870027e-02
1.822944332999999824e+04	3.307528885671020408e-02	5.563091285039312855e-02
1.822085054999999920e+04	3.491353801817793923e-02	5.669559532262644086e-02
1.821226613999999972e+04	3.683451066525952888e-02	5.777397293846409793e-02
1.820369009000000005e+04	3.884073207807176020e-02	5.886607243714333387e-02
1.819512240000000020e+04	4.093473369857895949e-02	5.997191593480734328e-02
1.818656304000000091e+04	4.311905875626959039e-02	6.109152605315996271e-02
1.817801199999999881e+04	4.539624586535434547e-02	6.222491945889578602e-02
1.816946928000000116e+04	4.776882609772973437e-02	6.337210799213177648e-02
1.816093485000000146e+04	5.023932933734674006e-02	6.453310400685983994e-02
1.815240871999999945e+04	5.281025947923159714e-02	6.570791087957292276e-02
1.814389085999999952e+04	5.548411234631477756e-02	6.689653384605102893e-02
1.813538127000000168e+04	5.826334944166951246e-02	6.809897035470238724e-02
1.812687992999999915e+04	6.115040772962140880e-02	6.931521695600587063e-02
1.811838682999999946e+04	6.414768437340492846e-02	7.054526506457449442e-02
1.810990194999999949e+04	6.725753759769893814e-02	7.178910377899637429e-02
1.810142529999999897e+04	7.048226579297456329e-02	7.304671396005230077e-02
1.809295684999999867e+04	7.382412728079072728e-02	7.431807849751310979e-02
1.808449658999999883e+04	7.728531182669790001e-02	7.560317345912734299e-02
1.807604450999999972e+04	8.086794134794060562e-02	7.690197096852387226e-02
1.806760060000000158e+04	8.457406332439686147e-02	7.821443917028828019e-02
1.805916485000000102e+04	8.840564411994501770e-02	7.954054219648133695e-02
1.805073723999999856e+04	9.236456700509351747e-02	8.088024173310261189e-02
1.804231777000000147e+04	9.645261133382379559e-02	8.223349222939023428e-02
1.803390641999999934e+04	1.006714644828501370e-01	8.360024722739829717e-02
1.802550316999999995e+04	1.050227060611481078e-01	8.498045620794307531e-02
1.801710802999999942e+04	1.095077847624764122e-01	8.637405955807607449e-02
1.800872096999999849e+04	1.141280481399358782e-01	8.778100008793289499e-02
1.800034199000000081e+04	1.188846987633770114e-01	8.920121143184756018e-02
1.799197106999999960e+04	1.237788145463956657e-01	9.063462637098138042e-02
1.798360820999999851e+04	1.288113192930021300e-01	9.208117003422232327e-02
1.797525337999999829e+04	1.339830057089281268e-01	9.354076848556713841e-02
1.796690657999999894e+04	1.392944927488861950e-01	9.501333832975150662e-02
1.795856780000000072e+04	1.447462430943952660e-01	9.649879359968760451e-02
1.795023702000000048e+04	1.503385577513047244e-01	9.799704582995565072e-02
1.794191423999999824e+04	1.560715498987286232e-01	9.950799865917463183e-02
1.793359944000000178e+04	1.619451658312321962e-01	1.010315550147771052e-01
1.792529261000000042e+04	1.679591590350550667e-01	1.025676117019351241e-01
1.791699374000000171e+04	1.741130913485663678e-01	1.041160611882637199e-01
1.790870281999999861e+04	1.804063277524561582e-01	1.056767916004545532e-01
1.790041982999999891e+04	1.868380392875712559e-01	1.072496886299196678e-01
1.789214476999999897e+04	1.934071752073960315e-01	1.088346298443235299e-01
1.788387762999999904e+04	2.001124815167502902e-01	1.104314903456750790e-01
1.787561837999999989e+04	2.069525062168183771e-01	1.120401448117478993e-01
1.786736703000000125e+04	2.139255461490358057e-01	1.136604558315141844e-01
1.785912356000000000e+04	2.210297012813182138e-01	1.152922875066337699e-01
1.785088795000000027e+04	2.282628477483836238e-01	1.169354996895202864e-01
1.784266020999999819e+04	2.356226082942842193e-01	1.185899419380256059e-01
1.783444029999999839e+04	2.431064213072803293e-01	1.202554695686095104e-01
1.782622824000000037e+04	2.507114404409007680e-01	1.219319215149553409e-01
1.781802400000000125e+04	2.584346332194908946e-01	1.236191425949378642e-01
1.780982757000000129e+04	2.662727167077985069e-01	1.253169693538734308e-01
1.780163894000000073e+04	2.742221753715802790e-01	1.270252341230004578e-01
1.779345809999999983e+04	2.822792613793724814e-01	1.287437650428193692e-01
1.778528503999999884e+04	2.904399954058088928e-01	1.304723860883701958e-01
1.777711975000000166e+04	2.987001679449857172e-01	1.322109170964410330e-01
1.776896222000000125e+04	3.070553411410377742e-01	1.339591737947085082e-01
1.776081244000000152e+04	3.155008511416129702e-01	1.357169678327924400e-01
1.775267037999999957e+04	3.240318320447644895e-01	1.374841111693959617e-01
1.774453605999999854e+04	3.326431458949346553e-01	1.392604009072105076e-01
1.773640943999999945e+04	3.413295021331054779e-01	1.410456432366323509e-01
1.772829052999999840e+04	3.500853459062648332e-01	1.428396294875703687e-01
1.772017930999999953e+04	3.589049480521343538e-01	1.446421536783011885e-01
1.771207575999999972e+04	3.677823789577193137e-01	1.464530060242525689e-01
1.770397988999999870e+04	3.767114813412274499e-01	1.482719662214829204e-01
1.769589168000000063e+04	3.856859425537323416e-01	1.500988169009276618e-01
1.768781110999999873e+04	3.946992690797861414e-01	1.519333370257894833e-01
1.767973818000000028e+04	4.037447715652160984e-01	1.537752973640928444e-01
1.767167287999999826e+04	4.128156061967806489e-01	1.556244673224154995e-01
1.766361519000000044e+04	4.219047834514849105e-01	1.574806150552002515e-01
1.765556510999999955e+04	4.310051432315275544e-01	1.593435006138180232e-01
1.764752261999999973e+04	4.401094093808638474e-01	1.612128852168275839e-01
1.763948771000000124e+04	4.492101656545378630e-01	1.630885243917213623e-01
1.763146038000000044e+04	4.582998659092017424e-01	1.649701679843031399e-01
1.762344060000000172e+04	4.673708900244130660e-01	1.668575696062202240e-01
1.761542838000000120e+04	4.764154756654658263e-01	1.687504702665091061e-01
1.760742369999999937e+04	4.854258088194965959e-01	1.706486148868972264e-01
1.759942655000000013e+04	4.943939901760111555e-01	1.725517429634962907e-01
1.759143691000000035e+04	5.033120695164174929e-01	1.744595933753979866e-01
1.758345478999999978e+04	5.121720133186808965e-01	1.763718948942817888e-01
1.757548015999999916e+04	5.209657951717148183e-01	1.782883829901213968e-01
1.756751301999999851e+04	5.296853305728282946e-01	1.802087831530879425e-01
1.755955336000000170e+04	5.383225342286322990e-01	1.821328205428037195e-01
1.755160115999999834e+04	5.468693325926371473e-01	1.840602200984956249e-01
1.754365641999999934e+04	5.553176446467583682e-01	1.859906993468511960e-01
1.753571912000000157e+04	5.636594380537485183e-01	1.879239781739460990e-01
1.752778926000000138e+04	5.718866998890500541e-01	1.898597691855855030e-01
1.751986681999999928e+04	5.799914919236874855e-01	1.917977875295470980e-01
1.751195179999999891e+04	5.879659224104007986e-01	1.937377412133551302e-01
1.750404418000000078e+04	5.958022002041450937e-01	1.956793409710788079e-01
1.749614395000000150e+04	6.034926172821575285e-01	1.976222930053138926e-01
1.748825111000000106e+04	6.110295626461316187e-01	1.995662990511086476e-01
1.748036563999999998e+04	6.184055639982591890e-01	2.015110638498157636e-01
1.747248752999999851e+04	6.256132713610845775e-01	2.034562878553781151e-01
1.746461677000000054e+04	6.326454794544567051e-01	2.054016697796399449e-01
1.745675335999999879e+04	6.394951314249308627e-01	2.073469042064568779e-01
1.744889727000000130e+04	6.461553655334126844e-01	2.092916915786991461e-01
1.744104851000000053e+04	6.526194665441656939e-01	2.112357209681374748e-01
1.743320706000000064e+04	6.588809371110959656e-01	2.131786874909219476e-01
1.742537290999999823e+04	6.649334747415062141e-01	2.151202824988996953e-01
1.741754605000000083e+04	6.707709911390914437e-01	2.170601961471253227e-01
1.740972646000000168e+04	6.763876295964216245e-01	2.189981199653756594e-01
1.740191415000000052e+04	6.817777464664693809e-01	2.209337370392326083e-01
1.739410910000000149e+04	6.869359637533469787e-01	2.228667369751154148e-01
1.738631130000000121e+04	6.918571491112471827e-01	2.247968060815997426e-01
1.737852073999999993e+04	6.965364316920572563e-01	2.267236299435797520e-01
1.737073741000000155e+04	7.009692101625983884e-01	2.286468935183933182e-01
1.736296129999999903e+04	7.051511601951351293e-01	2.305662812323452104e-01
1.735519239999999991e+04	7.090782414144256585e-01	2.324814770775694983e-01
1.734743070000000080e+04	7.127467037862099675e-01	2.343921647092072069e-01
1.733967618999999831e+04	7.161530934335108567e-01	2.362980275428312738e-01
1.733192885000000024e+04	7.192942617526897342e-01	2.381987513031512960e-01
1.732418868999999904e+04	7.221673541710601496e-01	2.400940143125560589e-01
1.731645568999999887e+04	7.247698385148961808e-01	2.419835023099889681e-01
1.730872983999999997e+04	7.270994918724971168e-01	2.438668987305404323e-01
1.730101111999999921e+04	7.291544101124812771e-01	2.457438896876762702e-01
1.729329953999999998e+04	7.309329997781218724e-01	2.476141543502539399e-01
1.728559507999999914e+04	7.324339956342260649e-01	2.494773796315198910e-01
1.727789773000000059e+04	7.336564506100554661e-01	2.513332505534288663e-01
1.727020748000000094e+04	7.345997389674695510e-01	2.531814527791370617e-01
1.726252432000000044e+04	7.352635560133382597e-01	2.550216727104531733e-01
1.725484823999999935e+04	7.356479172002763356e-01	2.568535975850431696e-01
1.724717923000000155e+04	7.357531566220449903e-01	2.586769155733397163e-01
1.723951728000000003e+04	7.355799249115415606e-01	2.604913158751155922e-01
1.723186238999999841e+04	7.351291873207366212e-01	2.622964864625521031e-01
1.722421453000000110e+04	7.344022177350758573e-01	2.640921235989648341e-01
1.721657371000000057e+04	7.334005998668648996e-01	2.658779154526355604e-01
1.720893991000000096e+04	7.321262171224861559e-01	2.676535586524388388e-01
1.720131312999999864e+04	7.305812533288441601e-01	2.694187466711557843e-01
1.719369335000000137e+04	7.287681806206764978e-01	2.711731792222003001e-01
1.718608055999999851e+04	7.266897586907552498e-01	2.729165553794528076e-01
1.717847475000000122e+04	7.243490268756576089e-01	2.746485760012058464e-01
1.717087591999999859e+04	7.217493008599479287e-01	2.763689415645099734e-01
1.716328406000000177e+04	7.188941591742452619e-01	2.780773568120161743e-01
1.715569915000000037e+04	7.157874337327929659e-01	2.797735307746923583e-01
1.714812117999999828e+04	7.124332092189561427e-01	2.814571723587106500e-01
1.714055015999999887e+04	7.088358211324498059e-01	2.831279883058486768e-01
1.713298605999999927e+04	7.049998187032321395e-01	2.847856965384938377e-01
1.712542886999999973e+04	7.009299825869549361e-01	2.864300129287258856e-01
1.711787859000000026e+04	6.966313126758962859e-01	2.880606536903215220e-01
1.711033522000000085e+04	6.921090136591238062e-01	2.896773376815054424e-01
1.710279872999999861e+04	6.873684656086398448e-01	2.912797928452078855e-01
1.709526912000000084e+04	6.824152496909786647e-01	2.928677434315005712e-01
1.708774638000000050e+04	6.772551140122873292e-01	2.944409186683332735e-01
1.708023050000000148e+04	6.718939688213224626e-01	2.959990506898457219e-01
1.707272147000000041e+04	6.663378757196368740e-01	2.975418746149966487e-01
1.706521928000000116e+04	6.605930367504737610e-01	2.990691286249472225e-01
1.705772393000000011e+04	6.546657914227068664e-01	3.005805520324623670e-01
1.705023540000000139e+04	6.485625820198309688e-01	3.020758914165528886e-01
1.704275368000000162e+04	6.422899655937179819e-01	3.035548945976071500e-01
1.703527877000000080e+04	6.358546040152472933e-01	3.050173108086571272e-01
1.702781064999999944e+04	6.292632271087984508e-01	3.064628966463535109e-01
1.702034932000000117e+04	6.225226559659268188e-01	3.078914083154196124e-01
1.701289476999999897e+04	6.156397659418682000e-01	3.093026075561752242e-01
1.700544699000000037e+04	6.086214841806438791e-01	3.106962597442458063e-01
1.699800595999999859e+04	6.014747690496080601e-01	3.120721357933076701e-01
1.699057168000000092e+04	5.942066281285004470e-01	3.134300066595829826e-01
1.698314414000000033e+04	5.868240792209588053e-01	3.147696490070186481e-01
1.697572333000000071e+04	5.793341492368501155e-01	3.160908433853892863e-01
1.696830924999999843e+04	5.717438742334400859e-01	3.173933725441023257e-01
1.696090188000000126e+04	5.640602586908363136e-01	3.186770267722673911e-01
1.695350120999999854e+04	5.562902960345261771e-01	3.199415986241725407e-01
1.694610723000000144e+04	5.484409490044326319e-01	3.211868847652367132e-01
1.693871993999999904e+04	5.405191510660999343e-01	3.224126843774690609e-01
1.693133932999999888e+04	5.325317760456128591e-01	3.236188025796158940e-01
1.692396538000000146e+04	5.244856287942015749e-01	3.248050503510040432e-01
1.691659809999999925e+04	5.163874803971129079e-01	3.259712381693399830e-01
1.690923746000000028e+04	5.082439833685062913e-01	3.271171872525412416e-01
1.690188346000000092e+04	5.000617404790670406e-01	3.282427184576789392e-01
1.689453609000000142e+04	4.918472532681719689e-01	3.293476586808194440e-01
1.688719535000000178e+04	4.836069369841174970e-01	3.304318378380622367e-01
1.687986121999999887e+04	4.753470799938425140e-01	3.314950933488716722e-01
1.687253369000000021e+04	4.670738707890867425e-01	3.325372656741769628e-01
1.686521275999999853e+04	4.587933919258387894e-01	3.335581984880240380e-01
1.685789842000000135e+04	4.505115915433017815e-01	3.345577415563256163e-01
1.685059064999999828e+04	4.422342777738279551e-01	3.355357506290043146e-01
1.684328945999999996e+04	4.339671589067991553e-01	3.364920821445677168e-01
1.683599481999999989e+04	4.257157593270742280e-01	3.374266025548597336e-01
1.682870673000000170e+04	4.174854943590860512e-01	3.383391791112024261e-01
1.682142519000000175e+04	4.092816321525597489e-01	3.392296839484533200e-01
1.681415018000000055e+04	4.011092674820028181e-01	3.400979964672853351e-01
1.680688168999999834e+04	3.929733522860649475e-01	3.409439996125758765e-01
1.679961972999999853e+04	3.848787036218813129e-01	3.417675789207473835e-01
1.679236426999999821e+04	3.768299340808966558e-01	3.425686293721127984e-01
1.678511530000000130e+04	3.688315166456931915e-01	3.433470484516157328e-01
1.677787283000000025e+04	3.608877821866611768e-01	3.441027364636746189e-01
1.677063683999999921e+04	3.530028628188008333e-01	3.448356018381333321e-01
1.676340731999999844e+04	3.451807348323722713e-01	3.455455568144339962e-01
1.675618426000000181e+04	3.374252066801361472e-01	3.462325185387921112e-01
1.674896765999999843e+04	3.297399289488831542e-01	3.468964081663061250e-01
1.674175750999999946e+04	3.221283725415256538e-01	3.475371527683775441e-01
1.673455380000000150e+04	3.145938395126243736e-01	3.481546843381654877e-01
1.672735651000000144e+04	3.071394530298925396e-01	3.487489406015791826e-01
1.672016563999999926e+04	2.997681890517976400e-01	3.493198625236726418e-01
1.671298118999999861e+04	2.924828558924313371e-01	3.498673961164674440e-01
1.670580313999999998e+04	2.852860753234345292e-01	3.503914938645080746e-01
1.669863148999999976e+04	2.781803244546161569e-01	3.508921116710572163e-01
1.669146621999999843e+04	2.711678972051674852e-01	3.513692117710298657e-01
1.668430732999999964e+04	2.642509457230979852e-01	3.518227599300683406e-01
1.667715481000000000e+04	2.574314527275987641e-01	3.522527275121558055e-01
1.667000864999999976e+04	2.507112436954325174e-01	3.526590907532164976e-01
1.666286883999999918e+04	2.440919892739078223e-01	3.530418307472230066e-01
1.665573537999999826e+04	2.375752169437588823e-01	3.534009329436632041e-01
1.664860825000000114e+04	2.311622863080526613e-01	3.537363886571602278e-01
1.664148745000000054e+04	2.248544285572454116e-01	3.540481930353848172e-01
1.663437297000000035e+04	2.186527222046719954e-01	3.543363465328350781e-01
1.662726480000000083e+04	2.125581055048858248e-01	3.546008543693632276e-01
1.662016292999999860e+04	2.065713797942593521e-01	3.548417265069515047e-01
1.661306735000000117e+04	2.006932129462543346e-01	3.550589776250125396e-01
1.660597806000000128e+04	1.949241509944244222e-01	3.552526268376010599e-01
1.659889504999999917e+04	1.892646052125363243e-01	3.554226982782657251e-01
1.659181829999999900e+04	1.837148565842344761e-01	3.555692209058493036e-01
1.658474782000000050e+04	1.782750908308925464e-01	3.556922276789231674e-01
1.657768359000000055e+04	1.729453552260021842e-01	3.557917567662629565e-01
1.657062559999999939e+04	1.677255940326753125e-01	3.558678506524295959e-01
1.656357384000000093e+04	1.626156445487867974e-01	3.559205563268778016e-01
1.655652832000000126e+04	1.576152551462493279e-01	3.559499251978712198e-01
1.654948901000000114e+04	1.527240465564850269e-01	3.559560133385039071e-01
1.654245591000000059e+04	1.479415659560983087e-01	3.559388810739522180e-01
1.653542901999999958e+04	1.432672690453003495e-01	3.558985932154949405e-01
1.652840831999999864e+04	1.387005112266272433e-01	3.558352188059528687e-01
1.652139381000000139e+04	1.342405782401900616e-01	3.557488313069985253e-01
1.651438547000000108e+04	1.298866641509263398e-01	3.556395081951048698e-01
1.650738331000000107e+04	1.256379067616817113e-01	3.555073316149987561e-01
1.650038729999999850e+04	1.214933484384092821e-01	3.553523871605042128e-01
1.649339745000000039e+04	1.174519885702631355e-01	3.551747653380208924e-01
1.648641374999999971e+04	1.135127511800186340e-01	3.549745603535075511e-01
1.647943618000000060e+04	1.096744955914680381e-01	3.547518700734517694e-01
1.647246473999999944e+04	1.059360367619947146e-01	3.545067969168577693e-01
1.646549942000000010e+04	1.022961321357093029e-01	3.542394469284518288e-01
1.645854021999999895e+04	9.875349601486062279e-02	3.539499304298943660e-01
1.645158712000000014e+04	9.530678779108266163e-02	3.536383607354236513e-01
1.644464012000000002e+04	9.195463580521814895e-02	3.533048557626404240e-01
1.643769919999999911e+04	8.869562093114900792e-02	3.529495361864760650e-01
1.643076437000000078e+04	8.552830372045680529e-02	3.525725278639917359e-01
1.642383560999999827e+04	8.245119948492801720e-02	3.521739587071773814e-01
1.641691291999999885e+04	7.946280462654181642e-02	3.517539612650956160e-01
1.640999628999999914e+04	7.656158607957994078e-02	3.513126710198989922e-01
1.640308569999999963e+04	7.374598491281543489e-02	3.508502261722465931e-01
1.639618115000000034e+04	7.101443150184257036e-02	3.503667695752604727e-01
1.638928264000000127e+04	6.836533959163469676e-02	3.498624474920954408e-01
1.638239016000000083e+04	6.579710535170837926e-02	3.493374087577417186e-01
1.637550368999999955e+04	6.330811055906879203e-02	3.487918045649976984e-01
1.636862322999999924e+04	6.089673600378188445e-02	3.482257907657194118e-01
1.636174877000000015e+04	5.856135278445687153e-02	3.476395255087476044e-01
1.635488031000000046e+04	5.630033164714937088e-02	3.470331708224103640e-01
1.634801783000000069e+04	5.411203528017294317e-02	3.464068899185719919e-01
1.634116133000000082e+04	5.199483360826965411e-02	3.457608506608687016e-01
1.633431079999999929e+04	4.994709599768457076e-02	3.450952228380058662e-01
1.632746623999999974e+04	4.796719937412903534e-02	3.444101799836493671e-01
1.632062763000000086e+04	4.605352133434584272e-02	3.437058963243477261e-01
1.631379497000000083e+04	4.420445346092170824e-02	3.429825507184717237e-01
1.630696824999999990e+04	4.241839434182883423e-02	3.422403235744074235e-01
1.630014745000000039e+04	4.069375157975824858e-02	3.414793966425724858e-01
1.629333258999999998e+04	3.902895568255961012e-02	3.406999585991535850e-01
1.628652363999999943e+04	3.742243890330378131e-02	3.399021948695917783e-01
1.627972060000000056e+04	3.587265650391287947e-02	3.390862965721181954e-01
1.627292345000000023e+04	3.437807594310210435e-02	3.382524546649609554e-01
1.626613220999999976e+04	3.293719128035697136e-02	3.374008672125752284e-01
1.625934684999999990e+04	3.154850462431565278e-02	3.365317282104783869e-01
1.625256735999999910e+04	3.021054251698447948e-02	3.356452360938558810e-01
1.624579375000000073e+04	2.892185607406210640e-02	3.347415939402009211e-01
1.623902599999999984e+04	2.768101211259566680e-02	3.338210027979954253e-01
1.623226410000000033e+04	2.648660184902321135e-02	3.328836668250884645e-01
1.622550806000000011e+04	2.533724289076018724e-02	3.319297947780515678e-01
1.621875784999999996e+04	2.423156956583948779e-02	3.309595914999541866e-01
1.621201346999999987e+04	2.316824552357375430e-02	3.299732676737775483e-01
1.620527492999999959e+04	2.214596030761953327e-02	3.289710371342045581e-01
1.619854219000000012e+04	2.116342090764607164e-02	3.279531077772520620e-01
1.619181526999999915e+04	2.021936865273056202e-02	3.269196979163893069e-01
1.618509415000000081e+04	1.931256462107828337e-02	3.258710212210502166e-01
1.617837881999999991e+04	1.844179731444758885e-02	3.248072941502233579e-01
1.617166928999999982e+04	1.760588379562390282e-02	3.237287376266108629e-01
1.616496552999999949e+04	1.680366230319282894e-02	3.226355673497196541e-01
1.615826754000000074e+04	1.603400118730425802e-02	3.215280049256373229e-01
1.615157531999999992e+04	1.529579500052615122e-02	3.204062730838716511e-01
1.614488885999999911e+04	1.458796347686457974e-02	3.192705939015278993e-01
1.613820815000000039e+04	1.390945271279335656e-02	3.181211903594158286e-01
1.613153318000000036e+04	1.325923508952690268e-02	3.169582862793722255e-01
1.612486393999999927e+04	1.263630915970046648e-02	3.157821062619661223e-01
1.611820044000000053e+04	1.203970125346973293e-02	3.145928792148727782e-01
1.611154264999999941e+04	1.146845989500274582e-02	3.133908276031201479e-01
1.610489057999999932e+04	1.092166276360829504e-02	3.121761816641137055e-01
1.609824421000000075e+04	1.039841035860973421e-02	3.109491667607193199e-01
1.609160354999999981e+04	9.897830681367352987e-03	3.097100142742879036e-01
1.608496857000000091e+04	9.419073523041308210e-03	3.084589485724158475e-01
1.607833928000000014e+04	8.961316194344056893e-03	3.071962018763872981e-01
1.607171565999999984e+04	8.523758067114561507e-03	3.059220010525737221e-01
1.606509771000000001e+04	8.105623764487234970e-03	3.046365770289054531e-01
1.605848543000000063e+04	7.706161335593551646e-03	3.033401609824593614e-01
1.605187880000000041e+04	7.324640760502708868e-03	3.020329803043257932e-01
1.604527781999999934e+04	6.960355978686353848e-03	3.007152663849091412e-01
1.603868247999999949e+04	6.612622689399543820e-03	2.993872486665991595e-01
1.603209276999999929e+04	6.280778556074842305e-03	2.980491565400595899e-01
1.602550869000000057e+04	5.964183253383070239e-03	2.967012213451133418e-01
1.601893022000000019e+04	5.662216584329496545e-03	2.953436701826571698e-01
1.601235736999999972e+04	5.374280395890863003e-03	2.939767361372112031e-01
1.600579011999999966e+04	5.099795382672256579e-03	2.926006458419745382e-01
1.599922847000000002e+04	4.838202885009668629e-03	2.912156297836991370e-01
1.599267240999999922e+04	4.588963134725779734e-03	2.898219160038386644e-01
1.598612194000000090e+04	4.351555603055131012e-03	2.884197342674468256e-01
1.597957703000000038e+04	4.125477112972397720e-03	2.870093074360985375e-01
1.597303770000000077e+04	3.910244198648965552e-03	2.855908686146915731e-01
1.596650393000000076e+04	3.705389500197164409e-03	2.841646417428343452e-01
1.595997572000000036e+04	3.510463368543244225e-03	2.827308544891863895e-01
1.595345305000000008e+04	3.325032155888399746e-03	2.812897294737394249e-01
1.594693591999999990e+04	3.148678960118763814e-03	2.798414930059279770e-01
1.594042432000000008e+04	2.981002289008645532e-03	2.783863684429749297e-01
1.593391826000000037e+04	2.821616399174416059e-03	2.769245828402577825e-01
1.592741770999999972e+04	2.670149375256183899e-03	2.754563534372753697e-01
1.592092266999999993e+04	2.526244440268242842e-03	2.739819033115746816e-01
1.591443313999999918e+04	2.389558738300599870e-03	2.725014546475651445e-01
1.590794909999999982e+04	2.259762524100027495e-03	2.710152240966829384e-01
1.590147055999999975e+04	2.136539772825684323e-03	2.695234341686992274e-01
1.589499750999999924e+04	2.019586742804459299e-03	2.680263017561642092e-01
1.588852993000000060e+04	1.908611833956625706e-03	2.665240403190110019e-01
1.588206782000000021e+04	1.803335706877721815e-03	2.650168668100043035e-01
1.587561117000000013e+04	1.703490354097150468e-03	2.635049946928323950e-01
1.586915998000000036e+04	1.608819043713738623e-03	2.619886385678857899e-01
1.586271423999999934e+04	1.519075634531736989e-03	2.604680094517975997e-01
1.585627393999999913e+04	1.434024373953957533e-03	2.589433170697584830e-01
1.584983907999999974e+04	1.353439658609627456e-03	2.574147722003494176e-01
1.584340964999999960e+04	1.277105418267395062e-03	2.558825819058401230e-01
1.583698564000000079e+04	1.204814913629740454e-03	2.543469518542276764e-01
1.583056704999999965e+04	1.136370503250626112e-03	2.528080886881545752e-01
1.582415386000000035e+04	1.071582992696639043e-03	2.512661928040937354e-01
1.581774608000000080e+04	1.010271834587454787e-03	2.497214703251057766e-01
1.581134368999999970e+04	9.522642109118849372e-04	2.481741186452777748e-01
1.580494669000000067e+04	8.973952222327317247e-04	2.466243384371055725e-01
1.579855507000000034e+04	8.455073083229591854e-04	2.450723263878006319e-01
1.579216883000000053e+04	7.964501340890227420e-04	2.435182800156637239e-01
1.578578794999999991e+04	7.500800785163576692e-04	2.419623903455205005e-01
1.577941243000000031e+04	7.062602717255850706e-04	2.404048516162673732e-01
1.577304226999999992e+04	6.648601675608833278e-04	2.388458564022666042e-01
1.576667746000000079e+04	6.257552311600629623e-04	2.372855931332320534e-01
1.576031797999999981e+04	5.888267104098081047e-04	2.357242460501973447e-01
1.575396384000000035e+04	5.539616258306814985e-04	2.341620050076737569e-01
1.574761503000000084e+04	5.210522415051018711e-04	2.325990531841642395e-01
1.574127153999999973e+04	4.899959676546212671e-04	2.310355719603483238e-01
1.573493336000000090e+04	4.606951443041803194e-04	2.294717408992224816e-01
1.572860049000000072e+04	4.330568746605793925e-04	2.279077401977485373e-01
1.572227291999999943e+04	4.069927313287458894e-04	2.263437457328509872e-01
1.571595065000000068e+04	3.824186495640754710e-04	2.247799339815032549e-01
1.570963365999999951e+04	3.592546217662757131e-04	2.232164745838336739e-01
1.570332194999999956e+04	3.374246719718781116e-04	2.216535402205084826e-01
1.569701552000000083e+04	3.168565975483232850e-04	2.200913016533373179e-01
1.569071435000000019e+04	2.974817422969041128e-04	2.185299227517758236e-01
1.568441844999999921e+04	2.792349932499478961e-04	2.169695728659570277e-01
1.567812780000000021e+04	2.620544403855182085e-04	2.154104119458274402e-01
1.567184238999999980e+04	2.458813513718543955e-04	2.138526004402052649e-01
1.566556222999999954e+04	2.306600427399714917e-04	2.122963017634051097e-01
1.565928730999999971e+04	2.163376390111689700e-04	2.107416723686893201e-01
1.565301761000000079e+04	2.028639749369516034e-04	2.091888642190483094e-01
1.564675312999999915e+04	1.901915326377531400e-04	2.076380322088576535e-01
1.564049387000000024e+04	1.782752697243905648e-04	2.060893291961001239e-01
1.563423982000000069e+04	1.670724849159406153e-04	2.045429035201728751e-01
1.562799097000000074e+04	1.565427273060168646e-04	2.029989014718136808e-01
1.562174731000000065e+04	1.466476881800610264e-04	2.014574672865471205e-01
1.561550885000000017e+04	1.373511262702060357e-04	1.999187480693556951e-01
1.560927556000000004e+04	1.286186783607392930e-04	1.983828789872006948e-01
1.560304745999999977e+04	1.204178964887017239e-04	1.968500054551852174e-01
1.559682452000000012e+04	1.127180168708155226e-04	1.953202584930637531e-01
1.559060675000000083e+04	1.054899938424486920e-04	1.937937768783886405e-01
1.558439413000000059e+04	9.870632807193874248e-05	1.922706899288309235e-01
1.557818666999999914e+04	9.234105718123529439e-05	1.907511322284758670e-01
1.557198435000000063e+04	8.636961433989862676e-05	1.892352289165010193e-01
1.556578715999999986e+04	8.076880006786476586e-05	1.877231054964744739e-01
1.555959511000000020e+04	7.551671816404246270e-05	1.862148902498347303e-01
1.555340818000000036e+04	7.059266602542486576e-05	1.847107020457048887e-01
1.554722637000000032e+04	6.597711553792510195e-05	1.832106625303684122e-01
1.554104968000000008e+04	6.165163461342787140e-05	1.817148912425982088e-01
1.553487809000000016e+04	5.759881744686184144e-05	1.802235007859159244e-01
1.552871160000000054e+04	5.380225797737880265e-05	1.787366065173501273e-01
1.552255019999999968e+04	5.024647712704891582e-05	1.772543192878829332e-01
1.551639388999999937e+04	4.691688572786900169e-05	1.757767502674967008e-01
1.551024265999999989e+04	4.379972591123097888e-05	1.743040061371815275e-01
1.550409650999999940e+04	4.088203718370996096e-05	1.728361938927406860e-01
1.549795542000000023e+04	3.815159937974757043e-05	1.713734136821397636e-01
1.549181940000000031e+04	3.559691513321687538e-05	1.699157707358689151e-01
1.548568843000000015e+04	3.320714464145348675e-05	1.684633610812079074e-01
1.547956250999999975e+04	3.097209059364140169e-05	1.670162834419928466e-01
1.547344163999999910e+04	2.888215431498410604e-05	1.655746344738930897e-01
1.546732580000000053e+04	2.692829665756620871e-05	1.641385040811552676e-01
1.546121499000000040e+04	2.510202028778622612e-05	1.627079848455161570e-01
1.545510921000000053e+04	2.339533248069021194e-05	1.612831673018509659e-01
1.544900844999999936e+04	2.180071444373514784e-05	1.598641376233866374e-01
1.544291268999999920e+04	2.031109543748015639e-05	1.584509776685239790e-01
1.543682194999999956e+04	1.891983916145084066e-05	1.570437765623976523e-01
1.543073619999999937e+04	1.762069809884981905e-05	1.556426098618101106e-01
1.542465545000000020e+04	1.640781170390348054e-05	1.542475603780646687e-01
1.541857969000000048e+04	1.527567125311762994e-05	1.528587043329954487e-01
1.541250890000000072e+04	1.421910240424254512e-05	1.514761137258317791e-01
1.540644310000000041e+04	1.323325421508689842e-05	1.500998677107563406e-01
1.540038226000000031e+04	1.231356544654574201e-05	1.487300321328904329e-01
1.539432638000000043e+04	1.145576079761476514e-05	1.473666777341789413e-01
1.538827547000000050e+04	1.065583043386436099e-05	1.460098755574482099e-01
1.538222949999999946e+04	9.910008144451780998e-06	1.446596857692413751e-01
1.537618848000000071e+04	9.214767272573557485e-06	1.433161756110415963e-01
1.537015240000000085e+04	8.566799028541062779e-06	1.419794059676486031e-01
1.536412125000000015e+04	7.963002126423389542e-06	1.406494358747460705e-01
1.535809503000000041e+04	7.400471314992974648e-06	1.393263247238586688e-01
1.535207373000000007e+04	6.876483714102746092e-06	1.380101278660487707e-01
1.534605733999999939e+04	6.388488901903292224e-06	1.367008988459779972e-01
1.534004586000000018e+04	5.934099243071052061e-06	1.353986915781015543e-01
1.533403929000000062e+04	5.511079148993140003e-06	1.341035581604406168e-01
1.532803760999999940e+04	5.117334593201507156e-06	1.328155446070314605e-01
1.532204082000000017e+04	4.750907211704600669e-06	1.315346994881664566e-01
1.531604891999999927e+04	4.409964546648691769e-06	1.302610696029836979e-01
1.531006189000000086e+04	4.092791304983869236e-06	1.289946957747154233e-01
1.530407973999999922e+04	3.797784817457152749e-06	1.277356234685776970e-01
1.529810246000000006e+04	3.523445432249837518e-06	1.264838922058260651e-01
1.529213004000000001e+04	3.268371220731441023e-06	1.252395398419676453e-01
1.528616246999999930e+04	3.031251884963687642e-06	1.240026025836452328e-01
1.528019974999999977e+04	2.810863381506863769e-06	1.227731170621963047e-01
1.527424187999999958e+04	2.606062072682545478e-06	1.215511182506164023e-01
1.526828883999999925e+04	2.415779055949011648e-06	1.203366354109620256e-01
1.526234064000000035e+04	2.239017059786383079e-06	1.191297023394706917e-01
1.525639725999999973e+04	2.074844044616545668e-06	1.179303451434590422e-01
1.525045869999999923e+04	1.922390537586695558e-06	1.167385924317367735e-01
1.524452495000000090e+04	1.780844795500118249e-06	1.155544692506834531e-01
1.523859600999999930e+04	1.649449607978899560e-06	1.143780011154444387e-01
1.523267187999999987e+04	1.527498531487321194e-06	1.132092120038785121e-01
1.522675253999999950e+04	1.414332253739988688e-06	1.120481204625663751e-01
1.522083798999999999e+04	1.309336342419724534e-06	1.108947475166746077e-01
1.521492822999999953e+04	1.211937908319734893e-06	1.097491127078896039e-01
1.520902324000000044e+04	1.121602611123501037e-06	1.086112302699662052e-01
1.520312303000000065e+04	1.037832916912066456e-06	1.074811188108437121e-01
1.519722759000000042e+04	9.601649261730426554e-07	1.063587916671078770e-01
1.519133690999999999e+04	8.881664823323596234e-07	1.052442608112343636e-01
1.518545097999999962e+04	8.214350787172468152e-07	1.041375368702468496e-01
1.517956981000000087e+04	7.595961000689597448e-07	1.030386328696295678e-01
1.517369338000000062e+04	7.023004427824801932e-07	1.019475548798379344e-01
1.516782167999999911e+04	6.492232560806722037e-07	1.008643095679798707e-01
1.516195471999999972e+04	6.000623749335033349e-07	9.978890598448403315e-02
1.515609249000000091e+04	5.545364543873460913e-07	9.872134820221682705e-02
1.515023497999999927e+04	5.123837605743234045e-07	9.766163906051578136e-02
1.514438219000000026e+04	4.733609143782974395e-07	9.660978197519413946e-02
1.513853410000000076e+04	4.372414543914536792e-07	9.556577555973812255e-02
1.513269072000000051e+04	4.038150044123378170e-07	9.452962259998838601e-02
1.512685203999999976e+04	3.728858743058564115e-07	9.350132111679519686e-02
1.512101806000000033e+04	3.442722359294675232e-07	9.248086973424275714e-02
1.511518875999999909e+04	3.178050309802271665e-07	9.146826244487046842e-02
1.510936413999999968e+04	2.933272861664953325e-07	9.046349562493212482e-02
1.510354420000000027e+04	2.706931822420206056e-07	8.946656451850637515e-02
1.509772892999999931e+04	2.497672526204361524e-07	8.847746156117305971e-02
1.509191832000000068e+04	2.304237122798732516e-07	8.749617814170868035e-02
1.508611238000000048e+04	2.125458465132026250e-07	8.652270796184785562e-02
1.508031107999999949e+04	1.960251986908683285e-07	8.555703698254368827e-02
1.507451444000000083e+04	1.807612588493328230e-07	8.459915850219065780e-02
1.506872243999999955e+04	1.666606574290912333e-07	8.364905816350468037e-02
1.506293506999999954e+04	1.536368052060423744e-07	8.270672232492333464e-02
1.505715234000000055e+04	1.416094299098796706e-07	8.177213962837523442e-02
1.505137422999999944e+04	1.305040270448181350e-07	8.084529290634370757e-02
1.504560074999999961e+04	1.202515740051535869e-07	7.992616889689836690e-02
1.503983187999999973e+04	1.107880312182273773e-07	7.901474863725234388e-02
1.503406761000000006e+04	1.020540629882737673e-07	7.811101390995213445e-02
1.502830796000000009e+04	9.399472488080144463e-08	7.721495029970398827e-02
1.502255290000000059e+04	8.655903890875271095e-08	7.632653472885045365e-02
1.501680242999999973e+04	7.969982268999100908e-08	7.544574798133035776e-02
1.501105654999999933e+04	7.337337417966158897e-08	7.457256999869193992e-02
1.500531524999999965e+04	6.753921245886732243e-08	7.370697839592239842e-02
1.499957853000000068e+04	6.215986736123014676e-08	7.284895151809572811e-02
1.499384638000000086e+04	5.720064279059525664e-08	7.199846544224003386e-02
1.498811880000000019e+04	5.262943436437195506e-08	7.115549698580328486e-02
1.498239578000000074e+04	4.841652495440706873e-08	7.032002075618531967e-02
1.497667730999999912e+04	4.453442023615825352e-08	6.949201066914881264e-02
1.497096339000000080e+04	4.095769277161919154e-08	6.867144139560048266e-02
1.496525401000000056e+04	3.766281810469850606e-08	6.785828548226092993e-02
1.495954917000000023e+04	3.462804768727073702e-08	6.705251624036411007e-02
1.495384886999999981e+04	3.183327226781845590e-08	6.625410630825992464e-02
1.494815308999999979e+04	2.925989287912887911e-08	6.546302490175542887e-02
1.494246183000000019e+04	2.689072845903806258e-08	6.467924343271495846e-02
1.493677510000000075e+04	2.470990470906493863e-08	6.390273404815498270e-02
1.493109287000000040e+04	2.270273938098322808e-08	6.313346284803335318e-02
1.492541515000000072e+04	2.085568342821864449e-08	6.237140082473324049e-02
1.491974193000000014e+04	1.915621520850155261e-08	6.161651569738301609e-02
1.491407320000000072e+04	1.759277129677941761e-08	6.086877466971579720e-02
1.490840897000000041e+04	1.615467977675675607e-08	6.012814704876003752e-02
1.490274921999999970e+04	1.483208072058096268e-08	5.939459769345462742e-02
1.489709395000000040e+04	1.361587794791996098e-08	5.866809359611712543e-02
1.489144314999999915e+04	1.249767447943861529e-08	5.794859998022117847e-02
1.488579682999999932e+04	1.146972578656307439e-08	5.723608414065992078e-02
1.488015495999999985e+04	1.052487975302080950e-08	5.653050787540021133e-02
1.487451756000000023e+04	9.656547365512692605e-09	5.583183882884654864e-02
1.486888460999999916e+04	8.858645251337007122e-09	5.514003922226057980e-02
1.486325610000000052e+04	8.125565448393131237e-09	5.445507214884241082e-02
1.485763204000000042e+04	7.452139883563839589e-09	5.377690273171256696e-02
1.485201240999999936e+04	6.833600777813193180e-09	5.310549208069592630e-02
1.484639722000000074e+04	6.265556984830153488e-09	5.244080454107118150e-02
1.484078644999999960e+04	5.743958785753722373e-09	5.178280053825985718e-02
1.483518010999999933e+04	5.265077543157993993e-09	5.113144369363346875e-02
1.482957818000000043e+04	4.825475638917261714e-09	5.048669380092154352e-02
1.482398065999999926e+04	4.421988303199330528e-09	4.984851267552551507e-02
1.481838754999999946e+04	4.051700780114458366e-09	4.921686181107094021e-02
1.481279883999999947e+04	3.711928422178115047e-09	4.859170127899726382e-02
1.480721451999999954e+04	3.400199597522205477e-09	4.797299089710616721e-02
1.480163459999999941e+04	3.114240117660851833e-09	4.736069242563224063e-02
1.479605905999999959e+04	2.851955284783512078e-09	4.675476406623021303e-02
1.479048790000000008e+04	2.611418447427381427e-09	4.615516598703528484e-02
1.478492110999999932e+04	2.390856431460100105e-09	4.556185704758373284e-02
1.477935870000000068e+04	2.188638708972886364e-09	4.497479801321767334e-02
1.477380064999999922e+04	2.003264375701048097e-09	4.439394626356760187e-02
1.476824695000000065e+04	1.833353482481356006e-09	4.381926007713942556e-02
1.476269762000000082e+04	1.677637933323986922e-09	4.325070062950447242e-02
1.475715263000000050e+04	1.534950417590342606e-09	4.268822377730095707e-02
1.475161197999999968e+04	1.404218697422587656e-09	4.213178831641744421e-02
1.474607567999999992e+04	1.284457413352866360e-09	4.158135386238780845e-02
1.474054370999999992e+04	1.174760371098351902e-09	4.103687689429129370e-02
1.473501605999999992e+04	1.074295153717547790e-09	4.049831479189822808e-02
1.472949274999999943e+04	9.822974970301557023e-10	3.996562771472875197e-02
1.472397374999999920e+04	8.980645214538871507e-10	3.943877086710226298e-02
1.471845905999999923e+04	8.209511640281168183e-10	3.891770227259336301e-02
1.471294867999999951e+04	7.503650315068012539e-10	3.840237984618936201e-02
1.470744261000000006e+04	6.857621811051004872e-10	3.789276140407167592e-02
1.470194082999999955e+04	6.266430265699131691e-10	3.738880285078023669e-02
1.469644334999999955e+04	5.725493127357783633e-10	3.689046279218644031e-02
1.469095015000000058e+04	5.230601641644951194e-10	3.639769704832162417e-02
1.468546124000000054e+04	4.777896353312985416e-10	3.591046410135374095e-02
1.467997660999999971e+04	4.363834378215304357e-10	3.542872059548076574e-02
1.467449625000000015e+04	3.985165625891767136e-10	3.495242316759285262e-02
1.466902016000000003e+04	3.638909625521613564e-10	3.448152931065088383e-02
1.466354833999999937e+04	3.322332831495875628e-10	3.401599648985977747e-02
1.465808077000000048e+04	3.032927517098630713e-10	3.355578047661682273e-02
1.465261744999999974e+04	2.768395566908099361e-10	3.310083875936185860e-02
1.464715839000000051e+04	2.526630572539446390e-10	3.265112964198827600e-02
1.464170355999999992e+04	2.305700071250911337e-10	3.220660815505817925e-02
1.463625297999999930e+04	2.103835036292550724e-10	3.176723345521527408e-02
1.463080662999999913e+04	1.919412885428250813e-10	3.133296147597797177e-02
1.462536450999999943e+04	1.750947700465290261e-10	3.090374981560918208e-02
1.461992661000000044e+04	1.597077928297745495e-10	3.047955532996442576e-02
1.461449293000000034e+04	1.456556713266603767e-10	3.006033571677393934e-02
1.460906346999999914e+04	1.328242098625719290e-10	2.964604872093465002e-02
1.460363820999999916e+04	1.211087935103293668e-10	2.923665064053018736e-02
1.459821716000000015e+04	1.104137027936041764e-10	2.883210012730275107e-02
1.459280031000000054e+04	1.006512675795489717e-10	2.843235439884589377e-02
1.458738766000000032e+04	9.174125803782832697e-11	2.803737150458246105e-02
1.458197919000000002e+04	8.361021571129971478e-11	2.764710813821706289e-02
1.457657490999999936e+04	7.619096445349569441e-11	2.726152327181578447e-02
1.457117481000000043e+04	6.942201066382903826e-11	2.688057453326922475e-02
1.456577887999999984e+04	6.324709881951138794e-11	2.650421967921972113e-02
1.456038711999999941e+04	5.761478200418642221e-11	2.613241728581433901e-02
1.455499952999999914e+04	5.247800526304784979e-11	2.576512603680601241e-02
1.454961609999999928e+04	4.779372818680897412e-11	2.540230405894608121e-02
1.454423682999999983e+04	4.352260509751057094e-11	2.504391029056283330e-02
1.453886169999999947e+04	3.962864975119041694e-11	2.468990248366855975e-02
1.453349072999999953e+04	3.607899447255054543e-11	2.434024116806203508e-02
1.452812389000000076e+04	3.284356506138581271e-11	2.399488374741125599e-02
1.452276118999999926e+04	2.989490231029075598e-11	2.365379038201049361e-02
1.451740262000000075e+04	2.720790322118880679e-11	2.331692009451172276e-02
1.451204817999999977e+04	2.475963765306930815e-11	2.298423270116823833e-02
1.450669786999999997e+04	2.252915774207837119e-11	2.265568816905728922e-02
1.450135167000000001e+04	2.049732179666999903e-11	2.233124541385628214e-02
1.449600957999999991e+04	1.864665603515564470e-11	2.201086475985278637e-02
1.449067159999999967e+04	1.696120335666953504e-11	2.169450669409427740e-02
1.448533772999999928e+04	1.542639359418972275e-11	2.138213187038555049e-02
1.448000794999999925e+04	1.402891968873070357e-11	2.107369996268690024e-02
1.447468226999999933e+04	1.275664251033315181e-11	2.076917257936296626e-02
1.446936067000000003e+04	1.159847535320723875e-11	2.046850979413812957e-02
1.446404317000000083e+04	1.054430898029493996e-11	2.017167413526610442e-02
1.445872974000000067e+04	9.584908975194788123e-12	1.987862552059855431e-02
1.445342037999999957e+04	8.711856102103691721e-12	1.958932576002608492e-02
1.444811510000000089e+04	7.917471062562370140e-12	1.930373738858234128e-02
1.444281387999999970e+04	7.194744763416884492e-12	1.902182152290973760e-02
1.443751672999999937e+04	6.537288835327768823e-12	1.874354109403633326e-02
1.443222363000000041e+04	5.939273899752005987e-12	1.846885765900319401e-02
1.442693457999999919e+04	5.395387140449930091e-12	1.819773404615307802e-02
1.442164957999999933e+04	4.900784761565697042e-12	1.793013328775920276e-02
1.441636861999999928e+04	4.451050320654436831e-12	1.766601812559593851e-02
1.441109170000000086e+04	4.042159224852123463e-12	1.740535202590424643e-02
1.440581881000000067e+04	3.670442851264923834e-12	1.714809818118951529e-02
1.440054996000000028e+04	3.332559493219730375e-12	1.689422097911556092e-02
1.439528512000000046e+04	3.025461914165262206e-12	1.664368310727780756e-02
1.439002431000000070e+04	2.746376919390043010e-12	1.639644987680743612e-02
1.438476750999999967e+04	2.492776146073389390e-12	1.615248492627978025e-02
1.437951471999999922e+04	2.262357771474623269e-12	1.591175307274693418e-02
1.437426593999999932e+04	2.053025455788623645e-12	1.567421935592241272e-02
1.436902115000000049e+04	1.862869538687932590e-12	1.543984815189298337e-02
1.436378037000000040e+04	1.690152700801860895e-12	1.520860586147061190e-02
1.435854357999999957e+04	1.533291953057688621e-12	1.498045733663777232e-02
1.435331077000000005e+04	1.390846729899778311e-12	1.475536813001344059e-02
1.434808194999999978e+04	1.261506381057071709e-12	1.453330489001785318e-02
1.434285709999999926e+04	1.144077389407100460e-12	1.431423322492766069e-02
1.433763623000000007e+04	1.037474383666287794e-12	1.409812025224682630e-02
1.433241933000000063e+04	9.407093995550828476e-13	1.388493248976495169e-02
1.432720638999999937e+04	8.528836683962506315e-13	1.367463671098645070e-02
1.432199741999999969e+04	7.731799472791024809e-13	1.346720073698047006e-02
1.431679239000000052e+04	7.008543315655850180e-13	1.326259104251914511e-02
1.431159132999999929e+04	6.352311062400267209e-13	1.306077671357173953e-02
1.430639420000000064e+04	5.756949376206492869e-13	1.286172435009773352e-02
1.430120102000000043e+04	5.216870542147208796e-13	1.266540312380586356e-02
1.429601178000000073e+04	4.726991201539722718e-13	1.247178129399040096e-02
1.429082646999999997e+04	4.282690617321527496e-13	1.228082737933838646e-02
1.428564508999999998e+04	3.879769770858804080e-13	1.209251051908006615e-02
1.428046764000000076e+04	3.514412408768625360e-13	1.190680009302926869e-02
1.427529409999999916e+04	3.183149327659249997e-13	1.172366501877747554e-02
1.427012448000000040e+04	2.882830280167639830e-13	1.154307553350997217e-02
1.426495876999999928e+04	2.610591967955570784e-13	1.136500141247752393e-02
1.425979696999999942e+04	2.363833860865397652e-13	1.118941302883252713e-02
1.425463906999999926e+04	2.140193381083596115e-13	1.101628066412800762e-02
1.424948507000000063e+04	1.937525235880988985e-13	1.084557518866464954e-02
1.424433496000000014e+04	1.753880856309088720e-13	1.067726739000341221e-02
1.423918873999999960e+04	1.587491266174240614e-13	1.051132863529035712e-02
1.423404639999999927e+04	1.436750053901637466e-13	1.034773021738988330e-02
1.422890795000000071e+04	1.300199432439702692e-13	1.018644431135290809e-02
1.422377337000000080e+04	1.176515337717476258e-13	1.002744239410852285e-02
1.421864265999999952e+04	1.064496535400870392e-13	9.870696824129217978e-03
1.421351582000000053e+04	9.630528390854098021e-14	9.716180200708478959e-03
1.420839284000000043e+04	8.711947819594396566e-14	9.563865068463727262e-03
1.420327371999999923e+04	7.880247670098312414e-14	9.413724519688171019e-03
1.419815846000000056e+04	7.127284368283415757e-14	9.265731886484664462e-03
1.419304703999999947e+04	6.445667804393665175e-14	9.119860173567653772e-03
1.418793946999999935e+04	5.828698812824868586e-14	8.976083494373081687e-03
1.418283574000000044e+04	5.270298969940718066e-14	8.834375633707487740e-03
1.417773584999999912e+04	4.764957121266057294e-14	8.694710901412910919e-03
1.417263978999999927e+04	4.307674969452777224e-14	8.557063576289512807e-03
1.416754756000000089e+04	3.893921620725484924e-14	8.421408453112193618e-03
1.416245915000000059e+04	3.519588668284920770e-14	8.287720301583716490e-03
1.415737456000000020e+04	3.180952658130105156e-14	8.155974398358635871e-03
1.415229378999999972e+04	2.874638600755221157e-14	8.026146254432577065e-03
1.414721681999999964e+04	2.597586642816926648e-14	7.898211113998028499e-03
1.414214366999999947e+04	2.347026048084744211e-14	7.772145469053585304e-03
1.413707430999999997e+04	2.120443748949772431e-14	7.647924799215700085e-03
1.413200876000000062e+04	1.915565106151778828e-14	7.525526055942253698e-03
1.412694699000000037e+04	1.730327434602300039e-14	7.404925210869581047e-03
1.412188902000000053e+04	1.562864118520515083e-14	7.286099671315964497e-03
1.411683482999999978e+04	1.411483103778835632e-14	7.169026126412190829e-03
1.411178442999999970e+04	1.274652880800432655e-14	7.053682199050079725e-03
1.410673780000000079e+04	1.150985757188839740e-14	6.940045054815975265e-03
1.410169493999999941e+04	1.039225743515928546e-14	6.828092550881133260e-03
1.409665584999999919e+04	9.382356533396186918e-15	6.717802768493917956e-03
1.409162053000000014e+04	8.469859699845603347e-15	6.609154011995954474e-03
1.408658895999999913e+04	7.645444348157492934e-15	6.502124385413764890e-03
1.408156115999999929e+04	6.900678792375973481e-15	6.396693070629210984e-03
1.407653709999999955e+04	6.227924702328137164e-15	6.292838419187679611e-03
1.407151678999999967e+04	5.620275432014890303e-15	6.190539845912563198e-03
1.406650021999999990e+04	5.071478873523241666e-15	6.089776572393534350e-03
1.406148739000000023e+04	4.575879445420509226e-15	5.990528244472281133e-03
1.405647830000000067e+04	4.128360531001951758e-15	5.892774722912320212e-03
1.405147293999999965e+04	3.724292805229459034e-15	5.796495891285695021e-03
1.404647129999999925e+04	3.359489154359288593e-15	5.701671856758725766e-03
1.404147338999999920e+04	3.030164034914584489e-15	5.608283319559724533e-03
1.403647919000000002e+04	2.732892082268034406e-15	5.516310630532807353e-03
1.403148870999999963e+04	2.464577721690202254e-15	5.425734911001201324e-03
1.402650194000000010e+04	2.222420901659632952e-15	5.336537123860203048e-03
1.402151886999999988e+04	2.003890244246120602e-15	5.248698448422953709e-03
1.401653951000000052e+04	1.806698224299933945e-15	5.162200623714844998e-03
1.401156384000000071e+04	1.628775946592318057e-15	5.077025072098838819e-03
1.400659187000000020e+04	1.468254579334285911e-15	4.993153940219330518e-03
1.400162358999999924e+04	1.323444495603883124e-15	4.910569235331077587e-03
1.399665898999999990e+04	1.192818905768360308e-15	4.829253173647143904e-03
1.399169807000000037e+04	1.074998512144719912e-15	4.749188338906913491e-03
1.398674083000000064e+04	9.687371013927506611e-16	4.670357511121583406e-03
1.398178725999999915e+04	8.729086258468266703e-16	4.592743509715562986e-03
1.397683735999999953e+04	7.864960976163107100e-16	4.516329510107913725e-03
1.397189112999999998e+04	7.085809079813100735e-16	4.441098879774873706e-03
1.396694856000000073e+04	6.383332529158248209e-16	4.367035028155099793e-03
1.396200964000000022e+04	5.750037791904282273e-16	4.294121562830609078e-03
1.395707438000000002e+04	5.179160627833165953e-16	4.222342576571353617e-03
1.395214276000000064e+04	4.664590038099999446e-16	4.151681913156279706e-03
1.394721478999999999e+04	4.200811960716986960e-16	4.082124038591032622e-03
1.394229046000000017e+04	3.782846537155058794e-16	4.013653317793940307e-03
1.393736976999999933e+04	3.406199453308300321e-16	3.946254441920211964e-03
1.393245269999999982e+04	3.066812762351597541e-16	3.879912014790223417e-03
1.392753926999999931e+04	2.761026781863196874e-16	3.814611362958298269e-03
1.392262946000000011e+04	2.485536305920257156e-16	3.750337454797713233e-03
1.391772328000000016e+04	2.237360569599145487e-16	3.687075834465704596e-03
1.391282070000000022e+04	2.013808154535324606e-16	3.624811708766786499e-03
1.390792173999999977e+04	1.812453159934328927e-16	3.563531101279052409e-03
1.390302639000000090e+04	1.631105773738455824e-16	3.503219825159810397e-03
1.389813464999999997e+04	1.467791077626404938e-16	3.443863991647228007e-03
1.389324649999999929e+04	1.320727154998469201e-16	3.385449643488384983e-03
1.388836195000000043e+04	1.188307828047010571e-16	3.327963355473213120e-03
1.388348099999999977e+04	1.069084279127574741e-16	3.271391745825902135e-03
1.387860362999999961e+04	9.617496167497741427e-17	3.215721370515234323e-03
1.387372984999999971e+04	8.651261407534172842e-17	3.160939296798265848e-03
1.386885964000000058e+04	7.781514661154134914e-17	3.107032416755616585e-03
1.386399301999999989e+04	6.998685412656002050e-17	3.053988228405071868e-03
1.385912996000000021e+04	6.294138495821839167e-17	3.001793842176867736e-03
1.385427047999999922e+04	5.660097886289740345e-17	2.950437069475955135e-03
1.384941455999999926e+04	5.089549819114879302e-17	2.899905450995287487e-03
1.384456220000000030e+04	4.576176046148484413e-17	2.850186897537861953e-03
1.383971340000000055e+04	4.114282874309627512e-17	2.801269472292175749e-03
1.383486815999999999e+04	3.698739865177503171e-17	2.753141389425796913e-03
1.383002645999999913e+04	3.324923041613775484e-17	2.705790818605063094e-03
1.382518829999999980e+04	2.988668320649039441e-17	2.659206280750971412e-03
1.382035368999999992e+04	2.686225054581154964e-17	2.613376537360660896e-03
1.381552261999999973e+04	2.414213485967181718e-17	2.568290304027050046e-03
1.381069507999999951e+04	2.169589627448135463e-17	2.523936445959713230e-03
1.380587106999999924e+04	1.949612548062761427e-17	2.480304066134278191e-03
1.380105059000000074e+04	1.751813871981161972e-17	2.437382408376177582e-03
1.379623363000000063e+04	1.573970509888388875e-17	2.395160769020345144e-03
1.379142017999999916e+04	1.414080870320293093e-17	2.353628587938572797e-03
1.378661025999999947e+04	1.270343777950227562e-17	2.312775699777787353e-03
1.378180384000000049e+04	1.141136233838435440e-17	2.272591649034484598e-03
1.377700093000000015e+04	1.024998376752180094e-17	2.233066456416347555e-03
1.377220152000000053e+04	9.206156542714480738e-18	2.194190109101536341e-03
1.376740560999999980e+04	8.268051439232158335e-18	2.155952809517840824e-03
1.376261319999999978e+04	7.425022293618532728e-18	2.118344889739501562e-03
1.375782428000000073e+04	6.667486956043192352e-18	2.081356733531436898e-03
1.375303883999999925e+04	5.986823444735486927e-18	2.044978856488711364e-03
1.374825689000000057e+04	5.375276731329898375e-18	2.009202052983931775e-03
1.374347841999999946e+04	4.825866986867350835e-18	1.974017090743836276e-03
1.373870342999999957e+04	4.332316231862767963e-18	1.939414936962542257e-03
1.373393190999999933e+04	3.888976116153642332e-18	1.905386609633087517e-03
1.372916386000000057e+04	3.490767024330660362e-18	1.871923321122548854e-03
1.372439926999999989e+04	3.133119477471866679e-18	1.839016334154717743e-03
1.371963813999999911e+04	2.811924718812647474e-18	1.806657100835755468e-03
1.371488047999999981e+04	2.523488332319072640e-18	1.774837255843271294e-03
1.371012625999999909e+04	2.264485961578191480e-18	1.743548283442848982e-03
1.370537550000000010e+04	2.031931298163463943e-18	1.712782115439300847e-03
1.370062817999999970e+04	1.823137407780885348e-18	1.682530534841438722e-03
1.369588429999999971e+04	1.635689691238655670e-18	1.652785568388311825e-03
1.369114386999999988e+04	1.467417856906064901e-18	1.623539413828177470e-03
1.368640685999999914e+04	1.316369737871077266e-18	1.594784132713135752e-03
1.368167329000000063e+04	1.180792326734817179e-18	1.566512201909967851e-03
1.367694314999999915e+04	1.059109184250286783e-18	1.538716021777053770e-03
1.367221643000000040e+04	9.499036607820069054e-19	1.511388101408896265e-03
1.366749313000000075e+04	8.519029845671782750e-19	1.484521113723574325e-03
1.366277325000000019e+04	7.639634914245123112e-19	1.458107834070503138e-03
1.365805678000000080e+04	6.850574469028872598e-19	1.432141084451532195e-03
1.365334372000000076e+04	6.142616970515807078e-19	1.406613844228247557e-03
1.364863406000000032e+04	5.507467839487759896e-19	1.381519138772960027e-03
1.364392780999999923e+04	4.937678745622849553e-19	1.356850198585850611e-03
1.363922494999999981e+04	4.426555871527841026e-19	1.332600193850824906e-03
1.363452548999999999e+04	3.968090456676134462e-19	1.308762547791481653e-03
1.362982942000000003e+04	3.556884018579825710e-19	1.285330675543445078e-03
1.362513673000000017e+04	3.188088755163394984e-19	1.262298088612480006e-03
1.362044743000000017e+04	2.857352997892560243e-19	1.239658489411859165e-03
1.361576151000000027e+04	2.560767887364275982e-19	1.217405573813306946e-03
1.361107897000000048e+04	2.294824574418664607e-19	1.195533176882292159e-03
1.360639978999999948e+04	2.056371879449753382e-19	1.174035131185930531e-03
1.360172399000000041e+04	1.842582933220066140e-19	1.152905542109825422e-03
1.359705155000000013e+04	1.650918309020359998e-19	1.132138419194270856e-03
1.359238247000000047e+04	1.479099558199619351e-19	1.111727949949280550e-03
1.358771674999999959e+04	1.325081668946593714e-19	1.091668406165297858e-03
1.358305438999999933e+04	1.187029279885580108e-19	1.071954142882999231e-03
1.357839537000000018e+04	1.063294800667850931e-19	1.052579514892693687e-03
1.357373970000000008e+04	9.524005890964849715e-20	1.033539085331096992e-03
1.356908738000000085e+04	8.530204793540667836e-20	1.014827454846076215e-03
1.356443839999999909e+04	7.639644072883159299e-20	9.964392640155774177e-04
1.355979275000000052e+04	6.841647358112559156e-20	9.783692341902862875e-04
1.355515042999999969e+04	6.126638665746801446e-20	9.606122043454128892e-04
1.355051144999999997e+04	5.486029073749672795e-20	9.431631268569173410e-04
1.354587578000000030e+04	4.912109244922317698e-20	9.260168800479882511e-04
1.354124344999999994e+04	4.397971832942056942e-20	9.091686402315581105e-04
1.353661441999999988e+04	3.937414164598872087e-20	8.926134013873910983e-04
1.353198871999999938e+04	3.524880711772112488e-20	8.763464834550690162e-04
1.352736631999999918e+04	3.155384119448254112e-20	8.603630648799976983e-04
1.352274724000000060e+04	2.824456362846882237e-20	8.446585700493766018e-04
1.351813145000000077e+04	2.528087734911110873e-20	8.292283225069997264e-04
1.351351896999999917e+04	2.262686515827484839e-20	8.140678840575555925e-04
1.350890978999999970e+04	2.025030805173527193e-20	7.991727835775405383e-04
1.350430390000000079e+04	1.812232442585271002e-20	7.845386189104386213e-04
1.349970129000000088e+04	1.621702593177511502e-20	7.701610559115073043e-04
1.349510197999999946e+04	1.451121917872053675e-20	7.560359188563415536e-04
1.349050595000000067e+04	1.298410114186107923e-20	7.421589722387604516e-04
1.348591320000000087e+04	1.161703510925928305e-20	7.285261067958841586e-04
1.348132372000000032e+04	1.039331664959270346e-20	7.151332467340660790e-04
1.347673752000000059e+04	9.297981818580435845e-21	7.019764366840370098e-04
1.347215458000000035e+04	8.317615068727710559e-21	6.890516961784373673e-04
1.346757490999999936e+04	7.440202666058190288e-21	6.763551909596646509e-04
1.346299849999999969e+04	6.654976954806072193e-21	6.638830899249192766e-04
1.345842534999999953e+04	5.952293176372686618e-21	6.516316486872786523e-04
1.345385546000000068e+04	5.323511111261420302e-21	6.395971803506088999e-04
1.344928881999999976e+04	4.760889782349613424e-21	6.277760290719630728e-04
1.344472542000000067e+04	4.257495716707293720e-21	6.161645967107265030e-04
1.344016527999999926e+04	3.807121867762729911e-21	6.047594163883674313e-04
1.343560836999999992e+04	3.404204253764177640e-21	5.935569503382852460e-04
1.343105470000000059e+04	3.043763769231837841e-21	5.825538153219345094e-04
1.342650425999999970e+04	2.721339938076351670e-21	5.717466322197912055e-04
1.342195706000000064e+04	2.432939990327692266e-21	5.611321219767255886e-04
1.341741308000000026e+04	2.174986959076404129e-21	5.507069871272536176e-04
1.341287233000000015e+04	1.944279990005524428e-21	5.404680511360989391e-04
1.340833479000000079e+04	1.737951901049714174e-21	5.304121199878015580e-04
1.340380047999999988e+04	1.553437674977603531e-21	5.205361383721865843e-04
1.339926936999999998e+04	1.388439143334557386e-21	5.108369904586036693e-04
1.339474148000000059e+04	1.240901003763139675e-21	5.013117170312237280e-04
1.339021680000000015e+04	1.108982540837052752e-21	4.919573416885202576e-04
1.338569532000000072e+04	9.910363450272662533e-22	4.827709360330667446e-04
1.338117704000000049e+04	8.855883128254368254e-22	4.737496387530217555e-04
1.337666194999999971e+04	7.913190218314626034e-22	4.648906143076327328e-04
1.337215005999999994e+04	7.070481630788091767e-22	4.561911113145714351e-04
1.336764135999999962e+04	6.317191867095564242e-22	4.476483834240145240e-04
1.336313585000000057e+04	5.643869120276231312e-22	4.392597473787182702e-04
1.335863351999999941e+04	5.042055356689347126e-22	4.310225444715175486e-04
1.335413436000000002e+04	4.504183809425208603e-22	4.229341593347398193e-04
1.334963839000000007e+04	4.023488449650078222e-22	4.149920718189914958e-04
1.334514559000000008e+04	3.593912280816158973e-22	4.071937313382208612e-04
1.334065596000000005e+04	3.210039424170151283e-22	3.995366638165939017e-04
1.333616949000000022e+04	2.867024797949796399e-22	3.920184182291557885e-04
1.333168619000000035e+04	2.560536379993735087e-22	3.846366164426940856e-04
1.332720605000000069e+04	2.286698357274968308e-22	3.773888856102997069e-04
1.332272905999999966e+04	2.042044705743285934e-22	3.702728919767084726e-04
1.331825523000000067e+04	1.823476945281678757e-22	3.632863712388468376e-04
1.331378455000000031e+04	1.628223361276816794e-22	3.564270644136954412e-04
1.330931701000000066e+04	1.453805702789234544e-22	3.496927498966995586e-04
1.330485261999999966e+04	1.298008882602427932e-22	3.430812722443069766e-04
1.330039135999999962e+04	1.158851447974979250e-22	3.365904669248244896e-04
1.329593325000000004e+04	1.034563176438371943e-22	3.302182628190738112e-04
1.329147825999999986e+04	9.235601721850035394e-23	3.239625513789311869e-04
1.328702641000000040e+04	8.244278326661752979e-23	3.178213290629735167e-04
1.328257768000000033e+04	7.359007728964228283e-23	3.117925698057978949e-04
1.327813207999999941e+04	6.568485800463614913e-23	3.058743217108336786e-04
1.327368959999999970e+04	5.862605482122738959e-23	3.000646381835793929e-04
1.326925022999999965e+04	5.232334220453602826e-23	2.943616052491913513e-04
1.326481398000000081e+04	4.669602523241314324e-23	2.887633660559440064e-04
1.326038083000000006e+04	4.167195506976520708e-23	2.832680567296786659e-04
1.325595080000000053e+04	3.718670508372212552e-23	2.778738936927826878e-04
1.325152385999999933e+04	3.318265759052911459e-23	2.725790621723741354e-04
1.324710002999999961e+04	2.960837776222200735e-23	2.673818375199413320e-04
1.324267929999999978e+04	2.641788500984243648e-23	2.622804879991672694e-04
1.323826166000000012e+04	2.357010219365136982e-23	2.572733111710496221e-04
1.323384711000000061e+04	2.102833987665475732e-23	2.523586444624238549e-04
1.322943564999999944e+04	1.875982258584184410e-23	2.475348528887368949e-04
1.322502727000000050e+04	1.673526850068007797e-23	2.428003179925377307e-04
1.322062197000000015e+04	1.492852758154304342e-23	2.381534592876305867e-04
1.321621975000000020e+04	1.331624299673379383e-23	2.335927226193846272e-04
1.321182061000000067e+04	1.187755386671910084e-23	2.291165797634626814e-04
1.320742453000000023e+04	1.059382400367437494e-23	2.247235082233542121e-04
1.320303153000000020e+04	9.448422080228570197e-24	2.204120509680579430e-04
1.319864158999999927e+04	8.426485779218872700e-24	2.161807360873403932e-04
1.319425470999999925e+04	7.514749106322065495e-24	2.120281361798712365e-04
1.318987089000000014e+04	6.701366623455074127e-24	2.079528478116997412e-04
1.318549013000000014e+04	5.975761877304776465e-24	2.039534911468782576e-04
1.318111240999999973e+04	5.328489146719373030e-24	2.000286918143550600e-04
1.317673775000000023e+04	4.751121364832371568e-24	1.961771344935583146e-04
1.317236613000000034e+04	4.236130046389656742e-24	1.923974908239439827e-04
1.316799755999999979e+04	3.776798289072380074e-24	1.886884810891355495e-04
1.316363201999999910e+04	3.367127231630062696e-24	1.850488219741631263e-04
1.315926951999999983e+04	3.001765203542124897e-24	1.814772771631479936e-04
1.315491006000000016e+04	2.675934491880356138e-24	1.779726228911033441e-04
1.315055362000000059e+04	2.385369624934815864e-24	1.745336405366926876e-04
1.314620021000000088e+04	2.126265858388028730e-24	1.711591561148938180e-04
1.314184982999999920e+04	1.895226984841724277e-24	1.678480076546811251e-04
1.313750245999999970e+04	1.689221351561838894e-24	1.645990381845835340e-04
1.313315812000000005e+04	1.505545545925545436e-24	1.614111403893384500e-04
1.312881677999999920e+04	1.341785222530116551e-24	1.582831893648934513e-04
1.312447846000000027e+04	1.195788082573872850e-24	1.552141156979540740e-04
1.312014314999999988e+04	1.065632707243523389e-24	1.522028468571116617e-04
1.311581084000000010e+04	9.496049310541682063e-25	1.492483290916692172e-04
1.311148152999999911e+04	8.461757755449023369e-25	1.463495337538188305e-04
1.310715522000000055e+04	7.539812252745888547e-25	1.435054498737167999e-04
1.310283191000000079e+04	6.718044881187891748e-25	1.407150838778738547e-04
1.309851159000000007e+04	5.985599966218988047e-25	1.379774530330229716e-04
1.309419426000000021e+04	5.332796394152027541e-25	1.352915980730482555e-04
1.308987990999999965e+04	4.750997869731274907e-25	1.326565702435848130e-04
1.308556854999999996e+04	4.232504337707174991e-25	1.300714494119839407e-04
1.308126016999999956e+04	3.770445979026416362e-25	1.275353193707058977e-04
1.307695476000000053e+04	3.358696483813271295e-25	1.250472801169129388e-04
1.307265233000000080e+04	2.991794410083999777e-25	1.226064588210995336e-04
1.306835287000000062e+04	2.664867828480620556e-25	1.202119864570466950e-04
1.306405637999999999e+04	2.373573306282663469e-25	1.178630148352998109e-04
1.305976284999999916e+04	2.114037380509190511e-25	1.155587052105624930e-04
1.305547227999999996e+04	1.882807067272556593e-25	1.132982389699880969e-04
1.305118468000000030e+04	1.676804171889936433e-25	1.110808169006696137e-04
1.304690001999999913e+04	1.493282565422247259e-25	1.089056333380079757e-04
1.304261832999999933e+04	1.329796620240215868e-25	1.067719271760471589e-04
1.303833957999999984e+04	1.184163825619267383e-25	1.046789207104097038e-04
1.303406377000000066e+04	1.054439813065591606e-25	1.026258649566578937e-04
1.302979090999999971e+04	9.388916246808212896e-26	1.006120287297143591e-04
1.302552099000000089e+04	8.359740302128864077e-26	9.863668424848143830e-05
1.302125401000000056e+04	7.443100179393653157e-26	9.669912128120276287e-05
1.301698996000000079e+04	6.626721004661179560e-26	9.479863767488056012e-05
1.301272883999999976e+04	5.899665076054641588e-26	9.293454822562753463e-05
1.300847064999999930e+04	5.252184600620977639e-26	9.110617980701120409e-05
1.300421538999999939e+04	4.675592624692061089e-26	8.931287117078137543e-05
1.299996305000000029e+04	4.162146781829856007e-26	8.755396865280912059e-05
1.299571362000000045e+04	3.704948268024229166e-26	8.582883038124277633e-05
1.299146711999999934e+04	3.297852869414922901e-26	8.413683791425882004e-05
1.298722351999999955e+04	2.935381292052527417e-26	8.247736394859680846e-05
1.298298284000000058e+04	2.612655980498974045e-26	8.084981198062683098e-05
1.297874507000000085e+04	2.325328844131453992e-26	7.925358446810980978e-05
1.297451019000000088e+04	2.069525768886688418e-26	7.768809104174077514e-05
1.297027822000000015e+04	1.841797797056201434e-26	7.615276662681808332e-05
1.296604915000000074e+04	1.639070728969345751e-26	7.464704521798657354e-05
1.296182296999999926e+04	1.458606208142309317e-26	7.317037110251889192e-05
1.295759968999999910e+04	1.297965834637168096e-26	7.172220547405304392e-05
1.295337930000000051e+04	1.154976870680681302e-26	7.030201228812469271e-05
1.294916179000000011e+04	1.027704169291712526e-26	6.890926527563197355e-05
1.294494715999999971e+04	9.144245063946218536e-27	6.754345098148930855e-05
1.294073542000000089e+04	8.136033423210229371e-27	6.620406829601877495e-05
1.293652655000000050e+04	7.238733395336464153e-27	6.489061564016010452e-05
1.293232056000000011e+04	6.440174750109538929e-27	6.360260989187310743e-05
1.292811743999999999e+04	5.729515717199619401e-27	6.233957047945905587e-05
1.292391718000000037e+04	5.097102321182805864e-27	6.110102564353023745e-05
1.291971980000000076e+04	4.534342331024298223e-27	5.988652087981693534e-05
1.291552527000000009e+04	4.033578493067713221e-27	5.869559548022713929e-05
1.291133360999999968e+04	3.587999035170722580e-27	5.752781132758955031e-05
1.290714480000000003e+04	3.191534753019268939e-27	5.638272706190520503e-05
1.290295885000000089e+04	2.838785088732508415e-27	5.525991757919763525e-05
1.289877575000000070e+04	2.524940269349048695e-27	5.415896009420276746e-05
1.289459549999999945e+04	2.245719232220493146e-27	5.307944218176475300e-05
1.289041808999999921e+04	1.997310301185894431e-27	5.202095637739338340e-05
1.288624352999999974e+04	1.776321536306719192e-27	5.098310767338565919e-05
1.288207179999999971e+04	1.579732059515708459e-27	4.996550083947111950e-05
1.287790291000000070e+04	1.404854397563067827e-27	4.896775521450953456e-05
1.287373686000000089e+04	1.249295945933471252e-27	4.798949459352763671e-05
1.286957363000000078e+04	1.110926514985905929e-27	4.703034505375535941e-05
1.286541323999999986e+04	9.878515014694243552e-28	4.608994870091431432e-05
1.286125567000000046e+04	8.783835219218145419e-28	4.516794511865296623e-05
1.285710092000000077e+04	7.810214796348854247e-28	4.426398503097503335e-05
1.285294899000000078e+04	6.944294916815630280e-28	4.337772553836919949e-05
1.284879988000000048e+04	6.174187498460733421e-28	4.250883000748347245e-05
1.284465358000000015e+04	5.489312121533022502e-28	4.165696592763961325e-05
1.284051008999999976e+04	4.880255824511939402e-28	4.082180898958167161e-05
1.283636940999999933e+04	4.338642847230291721e-28	4.000304082548812801e-05
1.283223154000000068e+04	3.857020618259656939e-28	3.920034890569553136e-05
1.282809646000000066e+04	3.428756290188849615e-28	3.841342266735331933e-05
1.282396419000000060e+04	3.047952650287773392e-28	3.764196486686746169e-05
1.281983472000000074e+04	2.709360094849101322e-28	3.688567806803885464e-05
1.281570802999999978e+04	2.408307888729600475e-28	3.614426863478311080e-05
1.281158414000000084e+04	2.140643741520870001e-28	3.541745552669542163e-05
1.280746304000000055e+04	1.902671724796318322e-28	3.470495754202759391e-05
1.280334471999999914e+04	1.691104272592357115e-28	3.400649876661346571e-05
1.279922919000000002e+04	1.503018006701765952e-28	3.332181177274582009e-05
1.279511643000000004e+04	1.335811266160531719e-28	3.265062912869170933e-05
1.279100645000000077e+04	1.187171226723487560e-28	3.199269329243293816e-05
1.278689925000000039e+04	1.055040326984523676e-28	3.134774983947601621e-05
1.278279480999999942e+04	9.375880031012217078e-29	3.071554600709007244e-05
1.277869314999999915e+04	8.331873205760265880e-29	3.009583988070234844e-05
1.277459425000000010e+04	7.403903285257627810e-29	2.948838798731824400e-05
1.277049811000000045e+04	6.579098539287070557e-29	2.889295442538388669e-05
1.276640473999999995e+04	5.846013780482205472e-29	2.830930908761912919e-05
1.276231411999999909e+04	5.194466048971298645e-29	2.773722190801108302e-05
1.275822624999999971e+04	4.615403950876455701e-29	2.717646998119684879e-05
1.275414113999999972e+04	4.100780003683114757e-29	2.662683588454384164e-05
1.275005877999999939e+04	3.643435971420963121e-29	2.608810355591314431e-05
1.274597916000000077e+04	3.237007440736509394e-29	2.556006104042760806e-05
1.274190228999999999e+04	2.875837608077627793e-29	2.504250292889317759e-05
1.273782814999999937e+04	2.554894472937672967e-29	2.453522387621616784e-05
1.273375676000000021e+04	2.269707369015116162e-29	2.403802735824810908e-05
1.272968809999999939e+04	2.016298850659362007e-29	2.355071564103919558e-05
1.272562217000000055e+04	1.791134357935067519e-29	2.307309715932608034e-05
1.272155897000000004e+04	1.591071685852510331e-29	2.260498393672291949e-05
1.271749849999999969e+04	1.413317522218484085e-29	2.214619152147404525e-05
1.271344074999999975e+04	1.255388422413934118e-29	2.169653782589519526e-05
1.270938572999999997e+04	1.115077606641815992e-29	2.125584639874260291e-05
1.270533342000000084e+04	9.904225217129896990e-30	2.082394087522188023e-05
1.270128383000000031e+04	8.796797161854740012e-30	2.040065143710275536e-05
1.269723695000000043e+04	7.812990050144640538e-30	1.998580937064985642e-05
1.269319278999999915e+04	6.939030661325507850e-30	1.957925119067013866e-05
1.268915133000000060e+04	6.162671538215722779e-30	1.918081350605329181e-05
1.268511256999999932e+04	5.473032240660641972e-30	1.879033803764628373e-05
1.268107652000000053e+04	4.860444429911397768e-30	1.840767043201159192e-05
1.267704317000000083e+04	4.316312817527645592e-30	1.803265735443029469e-05
1.267301251000000047e+04	3.832999469949478923e-30	1.766514842333244314e-05
1.266898454999999922e+04	3.403719346277692699e-30	1.730499792552913672e-05
1.266495927999999913e+04	3.022440964252558719e-30	1.695206111705800160e-05
1.266093670000000020e+04	2.683805885818916928e-30	1.660619689869122622e-05
1.265691681000000062e+04	2.383052754891808478e-30	1.626726684574821130e-05
1.265289960000000065e+04	2.115950267218046061e-30	1.593513434078208899e-05
1.264888507000000027e+04	1.878739598623439369e-30	1.560966621088034236e-05
1.264487321999999949e+04	1.668081042713143309e-30	1.529073181251128664e-05
1.264086404000000039e+04	1.481006927437381188e-30	1.497820221351806176e-05
1.263685754000000088e+04	1.314881568534771794e-30	1.467195249355908984e-05
1.263285370999999941e+04	1.167362534461058798e-30	1.437185858079324348e-05
1.262885253999999986e+04	1.036368943326088492e-30	1.407779881087984515e-05
1.262485404000000017e+04	9.200528479526792263e-31	1.378965530836803959e-05
1.262085820000000058e+04	8.167720405755045407e-31	1.350731100413990945e-05
1.261686503000000084e+04	7.250682280931555326e-31	1.323065247711266861e-05
1.261287449999999990e+04	6.436451654638756183e-31	1.295956574119246675e-05
1.260888664000000063e+04	5.713526550367122244e-31	1.269394306561182415e-05
1.260490142000000014e+04	5.071679369101201066e-31	1.243367478195956293e-05
1.260091885000000002e+04	4.501832679000120770e-31	1.217865597219745516e-05
1.259693893000000025e+04	3.995922140893756674e-31	1.192878306747082297e-05
1.259296166000000085e+04	3.546785160192823486e-31	1.168395448353156783e-05
1.258898702000000048e+04	3.148058343133618801e-31	1.144406938895197754e-05
1.258501502000000073e+04	2.794093309308681103e-31	1.120903071561543243e-05
1.258104565999999977e+04	2.479872594394811562e-31	1.097874264917912252e-05
1.257707892999999967e+04	2.200939583257013915e-31	1.075311065287408094e-05
1.257311483000000044e+04	1.953337325733721541e-31	1.053204259295610924e-05
1.256915336000000025e+04	1.733551867014285601e-31	1.031544810769681300e-05
1.256519451999999910e+04	1.538462737885088548e-31	1.010323857456214406e-05
1.256123830000000089e+04	1.365298555848142812e-31	9.895326557623972358e-06
1.255728470000000016e+04	1.211598909526978563e-31	9.691626847193310885e-06
1.255333371000000079e+04	1.075178735161322833e-31	9.492055376436480364e-06
1.254938534000000072e+04	9.540985295953711835e-32	9.296530710864281576e-06
1.254543958999999995e+04	8.466358244656185869e-32	9.104972478118867070e-06
1.254149644000000080e+04	7.512608093038406948e-32	8.917300916387010715e-06
1.253755589999999938e+04	6.666159827486087626e-32	8.733439247954167221e-06
1.253361795999999958e+04	5.914956574131846291e-32	8.553311246504832747e-06
1.252968262999999934e+04	5.248297765910122038e-32	8.376843076030644780e-06
1.252574990000000071e+04	4.656680010029646922e-32	8.203961433378838768e-06
1.252181976000000031e+04	4.131666894990436858e-32	8.034594462102532216e-06
1.251789221999999972e+04	3.665771568359251787e-32	7.868672560921233171e-06
1.251396726999999919e+04	3.252345264602302913e-32	7.706126633651331226e-06
1.251004491000000053e+04	2.885486990742643099e-32	7.546889352027770003e-06
1.250612513000000035e+04	2.559957660572315691e-32	7.390894301469214974e-06
1.250220794000000024e+04	2.271108312540729389e-32	7.238077154151176030e-06
