Wavenumber	Minor Gaussian	Major Gaussian
1.999839949999999953e+04	6.393722340695958183e-12	9.169354779252250186e-04
1.998799624000000040e+04	7.756836472168214502e-12	9.528085018866807362e-04
1.997760411999999997e+04	9.401677624548281256e-12	9.899231728520447183e-04
1.996722313999999824e+04	1.138457862327255724e-11	1.028315893825862198e-03
1.995685327999999936e+04	1.377274919565893050e-11	1.068023968393540029e-03
1.994649451000000045e+04	1.664629755628909182e-11	1.109085584312069321e-03
1.993614682000000175e+04	2.010060386375578579e-11	1.151539706257362740e-03
1.992581019999999990e+04	2.424912604029629398e-11	1.195426158898342701e-03
1.991548461999999927e+04	2.922670557004977745e-11	1.240785726494168318e-03
1.990517007000000012e+04	3.519342363873271498e-11	1.287659993475497857e-03
1.989486652999999933e+04	4.233915795764122261e-11	1.336091482820460233e-03
1.988457398000000103e+04	5.088890729660332898e-11	1.386123624506779145e-03
1.987429239999999845e+04	6.110903208269919738e-11	1.437800765524703886e-03
1.986402178999999887e+04	7.331453040190196737e-11	1.491168074049459670e-03
1.985376210999999967e+04	8.787764105641546233e-11	1.546271858943311546e-03
1.984351335000000108e+04	1.052377315472881730e-10	1.603159219670495820e-03
1.983327549999999974e+04	1.259129477163220830e-10	1.661878203280656944e-03
1.982304853000000003e+04	1.505138102054702372e-10	1.722477933298726749e-03
1.981283242999999857e+04	1.797589070568550741e-10	1.785008388892229438e-03
1.980262718999999925e+04	2.144932652779188225e-10	1.849520521993333871e-03
1.979243277999999918e+04	2.557097483304195945e-10	1.916066397584903925e-03
1.978224918999999863e+04	3.045736637532305263e-10	1.984698948604741216e-03
1.977207640000000174e+04	3.624515629340108688e-10	2.055472174106394694e-03
1.976191439000000173e+04	4.309444552856130125e-10	2.128441084346505922e-03
1.975176314999999886e+04	5.119261993719573687e-10	2.203661632489588035e-03
1.974162266000000091e+04	6.075881190632972293e-10	2.281190864627142233e-03
1.973149290000000110e+04	7.204903393146725137e-10	2.361086857592711776e-03
1.972137385999999969e+04	8.536209447055338002e-10	2.443408642280083063e-03
1.971126551000000109e+04	1.010464723076507394e-09	2.528216451899641636e-03
1.970116785000000164e+04	1.195081170654069302e-09	2.615571313755508248e-03
1.969108084999999846e+04	1.412196010982225644e-09	2.705535557321976127e-03
1.968100449999999910e+04	1.667304466085633358e-09	2.798172392313120170e-03
1.967093878000000041e+04	1.966791395025756025e-09	2.893546173365209220e-03
1.966088366999999926e+04	2.318068319546995780e-09	2.991722318357490588e-03
1.965083915999999954e+04	2.729730227477804131e-09	3.092767209381968099e-03
1.964080523000000176e+04	3.211736287740746958e-09	3.196748390352456646e-03
1.963078186999999889e+04	3.775614928767946110e-09	3.303734367491188532e-03
1.962076904999999897e+04	4.434700837831711893e-09	3.413794929485419998e-03
1.961076675999999861e+04	5.204401414845558074e-09	3.527000721515551485e-03
1.960077497999999832e+04	6.102505004919230189e-09	3.643423567546936331e-03
1.959079371000000174e+04	7.149527413587954702e-09	3.763136121933853030e-03
1.958082290999999896e+04	8.369115610588490028e-09	3.886212584891203178e-03
1.957086258000000089e+04	9.788491477615203089e-09	4.012727741652075478e-03
1.956091269000000102e+04	1.143897382043283581e-08	4.142757816286527471e-03
1.955097323999999935e+04	1.335655288096898436e-08	4.276379706783083740e-03
1.954104420000000027e+04	1.558256177244395416e-08	4.413671766358329314e-03
1.953112556000000041e+04	1.816441685287757053e-08	4.554713137026147537e-03
1.952121730000000025e+04	2.115647195797625619e-08	4.699584150776499498e-03
1.951131941000000006e+04	2.462097223689610368e-08	4.848366040140878255e-03
1.950143187000000034e+04	2.862914380405581608e-08	5.001141225154273444e-03
1.949155466000000160e+04	3.326241463838718920e-08	5.157993167377129123e-03
1.948168777000000046e+04	3.861378821195387111e-08	5.319006198086321038e-03
1.947183118000000104e+04	4.478940648489688353e-08	5.484265828457921509e-03
1.946198487999999998e+04	5.191028730938844723e-08	5.653858414876626430e-03
1.945214884000000166e+04	6.011431188716454247e-08	5.827871664767609108e-03
1.944232305999999880e+04	6.955839424832452317e-08	6.006393754205996763e-03
1.943250750999999946e+04	8.042101015032562300e-08	6.189514379462741737e-03
1.942270218999999997e+04	9.290491736243458567e-08	6.377323655523855529e-03
1.941290707000000111e+04	1.072403351587218085e-07	6.569913224097639025e-03
1.940312213999999949e+04	1.236883679789667694e-07	6.767375295998980488e-03
1.939334737999999925e+04	1.425449393505195719e-07	6.969803215432156598e-03
1.938358279000000039e+04	1.641450836300245108e-07	7.177290827108563295e-03
1.937382833000000028e+04	1.888679295944925106e-07	7.389933731216851397e-03
1.936408399999999892e+04	2.171419342577391543e-07	7.607827568097619460e-03
1.935434977000000072e+04	2.494510809806176139e-07	7.831069514836244347e-03
1.934462565000000177e+04	2.863413688289272419e-07	8.059756688106881756e-03
1.933491159999999945e+04	3.284285783097905083e-07	8.293988205226808172e-03
1.932520761000000130e+04	3.764062723653653818e-07	8.533863313737203790e-03
1.931551367000000027e+04	4.310550721909278577e-07	8.779482050896410261e-03
1.930582977000000028e+04	4.932528358245254952e-07	9.030945223003643621e-03
1.929615587999999843e+04	5.639860856813967620e-07	9.288354922589793158e-03
1.928649198999999862e+04	6.443622311003752313e-07	9.551813468356859516e-03
1.927683809000000110e+04	7.356234598062652180e-07	9.821423882632789037e-03
1.926719414999999935e+04	8.391621894992302121e-07	1.009729044644800192e-02
1.925756017000000065e+04	9.565373668663612748e-07	1.037951726222903839e-02
1.924793612999999823e+04	1.089493490748603276e-06	1.066820964213316923e-02
1.923832200999999986e+04	1.239980836699204236e-06	1.096347353111044864e-02
1.922871779999999853e+04	1.410177714031178341e-06	1.126541516297061528e-02
1.921912349000000177e+04	1.602515225938541062e-06	1.157414132194213574e-02
1.920953904999999941e+04	1.819704810502849156e-06	1.188975998015672463e-02
1.919996446999999898e+04	2.064767145431415743e-06	1.221237898196418474e-02
1.919039975000000049e+04	2.341064707221444802e-06	1.254210628639522082e-02
1.918084485000000132e+04	2.652338920857424075e-06	1.287905167935727777e-02
1.917129977000000144e+04	3.002746827247107670e-06	1.322332398452562632e-02
1.916176449000000139e+04	3.396905450440400494e-06	1.357503310771200275e-02
1.915223900000000140e+04	3.839937283691833750e-06	1.393428894167128909e-02
1.914272327999999834e+04	4.337521835067732233e-06	1.430120207032314385e-02
1.913321731999999975e+04	4.895949945708579710e-06	1.467588297988374826e-02
1.912372109999999884e+04	5.522184990779049463e-06	1.505844279502229627e-02
1.911423460999999952e+04	6.223927104121558430e-06	1.544899245446120124e-02
1.910475782999999865e+04	7.009685566976111808e-06	1.584764348015870600e-02
1.909529074000000037e+04	7.888855424729562240e-06	1.625450755070412950e-02
1.908583334000000104e+04	8.871798970498498996e-06	1.666969557648085090e-02
1.907638560000000143e+04	9.969941242270868786e-06	1.709331983260403698e-02
1.906694752000000153e+04	1.119586176892278993e-05	1.752549128477877069e-02
1.905751907999999821e+04	1.256340603286891406e-05	1.796632176736430095e-02
1.904810024999999951e+04	1.408779973233533305e-05	1.841592355660241417e-02
1.903869104000000152e+04	1.578576380475970058e-05	1.887440691818917729e-02
1.902929142000000138e+04	1.767566046317470675e-05	1.934188388362204775e-02
1.901990137999999934e+04	1.977762658826332100e-05	1.981846533304921706e-02
1.901052089999999953e+04	2.211373346108677754e-05	2.030426241886816238e-02
1.900114996999999858e+04	2.470814790849691734e-05	2.079938550619245610e-02
1.899178858000000037e+04	2.758731189760317849e-05	2.130394461953334304e-02
1.898243671000000177e+04	3.078013666514934439e-05	2.181804995176287246e-02
1.897309433999999965e+04	3.431820478390941990e-05	2.234181130602714421e-02
1.896376147000000128e+04	3.823598011723137563e-05	2.287533689532722514e-02
1.895443807000000015e+04	4.257106144848985403e-05	2.341873612593620840e-02
1.894512413000000015e+04	4.736441212333802214e-05	2.397211671903727581e-02
1.893581965000000127e+04	5.266062728137380371e-05	2.453558516074660217e-02
1.892652459000000090e+04	5.850824723143735180e-05	2.510924970947029863e-02
1.891723895999999877e+04	6.496000664412223844e-05	2.569321486721654405e-02
1.890796272999999928e+04	7.207321089382368463e-05	2.628758685571902856e-02
1.889869589999999880e+04	7.991002982688309557e-05	2.689246919265513361e-02
1.888943844000000172e+04	8.853790591443173679e-05	2.750796648608796677e-02
1.888019034000000102e+04	9.802989757552476224e-05	2.813418114994375649e-02
1.887095159000000058e+04	1.084650994599036639e-04	2.877121462164556123e-02
1.886172218000000066e+04	1.199290714020321104e-04	2.941916730981370548e-02
1.885250207999999839e+04	1.325143200545539574e-04	3.007813998382580928e-02
1.884329130000000077e+04	1.463206965833493197e-04	3.074822944580657760e-02
1.883408980000000156e+04	1.614560272488047010e-04	3.142953494270533943e-02
1.882489758000000074e+04	1.780365123794254694e-04	3.212215159773711831e-02
1.881571462999999858e+04	1.961873551313415268e-04	3.282617396217046152e-02
1.880654091999999946e+04	2.160433775102746595e-04	3.354169681372899670e-02
1.879737644999999975e+04	2.377495312790787443e-04	3.426881123672520513e-02
1.878822120999999970e+04	2.614616177019553366e-04	3.500760762122227809e-02
1.877907517000000007e+04	2.873469998892078992e-04	3.575817650377599577e-02
1.876993832000000111e+04	3.155852028041559098e-04	3.652060528614754081e-02
1.876081065999999919e+04	3.463686559630144851e-04	3.729497889881710354e-02
1.875169215999999869e+04	3.799035943618587325e-04	3.808138315395476203e-02
1.874258281999999963e+04	4.164106505265787643e-04	3.887989960084054647e-02
1.873348260999999911e+04	4.561259023180810803e-04	3.969061064699332814e-02
1.872439153000000078e+04	4.993014888604687708e-04	4.051359424439941737e-02
1.871530956000000151e+04	5.462067077999394624e-04	4.134892825434226260e-02
1.870623669000000154e+04	5.971288003763121485e-04	4.219668771361601706e-02
1.869717291000000114e+04	6.523739406606744989e-04	4.305694566418351299e-02
1.868811819000000105e+04	7.122683502156808419e-04	4.392977504210458795e-02
1.867907253000000128e+04	7.771589883719888688e-04	4.481524384180504000e-02
1.867003591999999844e+04	8.474148246031385943e-04	4.571341884424366675e-02
1.866100833000000057e+04	9.234280158479731167e-04	4.662436665534592378e-02
1.865198976000000039e+04	1.005614590668942087e-03	4.754814864618947534e-02
1.864298020000000179e+04	1.094415864345144995e-03	4.848482486099134348e-02
1.863397961999999825e+04	1.190299718707743407e-03	4.943445510415470784e-02
1.862498802000000069e+04	1.293761246491511490e-03	5.039709365216044762e-02
1.861600537999999869e+04	1.405324439114443271e-03	5.137279443934265888e-02
1.860703168999999980e+04	1.525543053071927143e-03	5.236160783408668612e-02
1.859806694000000061e+04	1.655001915237821640e-03	5.336358163567787860e-02
1.858911111000000164e+04	1.794318297984332563e-03	5.437876216581329775e-02
1.858016417999999976e+04	1.944143028535994921e-03	5.540719314156863223e-02
1.857122615999999834e+04	2.105161162900079635e-03	5.644891210670345549e-02
1.856229702000000179e+04	2.278094417711735899e-03	5.750395846979852732e-02
1.855337673999999970e+04	2.463701596605332843e-03	5.857236774983212019e-02
1.854446532999999908e+04	2.662779284744829379e-03	5.965416900510518705e-02
1.853556275000000096e+04	2.876164799283116753e-03	6.074939445003538913e-02
1.852666901000000144e+04	3.104735146025049651e-03	6.185806727000458388e-02
1.851778408000000127e+04	3.349410313411850873e-03	6.298021260832735446e-02
1.850890796000000046e+04	3.611152661660144494e-03	6.411584883699467108e-02
1.850004061999999976e+04	3.890969698737400170e-03	6.526499509175179292e-02
1.849118206999999893e+04	4.189913041494843123e-03	6.642766223241741708e-02
1.848233227999999872e+04	4.509081980631926209e-03	6.760386316903455040e-02
1.847349123999999938e+04	4.849622556632177464e-03	6.879360502926523679e-02
1.846465894000000117e+04	5.212729100945809151e-03	6.999689169402009692e-02
1.845583536000000095e+04	5.599645557996521701e-03	7.121372514613678872e-02
1.844702049999999872e+04	6.011664987154502135e-03	7.244410130380762869e-02
1.843821433999999863e+04	6.450132045740018458e-03	7.368801550017105295e-02
1.842941686000000118e+04	6.916442851775738559e-03	7.494545973978036790e-02
1.842062805999999910e+04	7.412044391018728258e-03	7.621641975510436151e-02
1.841184792000000016e+04	7.938437097188465186e-03	7.750088069028178428e-02
1.840307643000000098e+04	8.497173599708137542e-03	7.879882277231846366e-02
1.839431356999999844e+04	9.089860173095038257e-03	8.011022420564947732e-02
1.838555933999999979e+04	9.718154850410064965e-03	8.143505666075324945e-02
1.837681371999999828e+04	1.038377012470420580e-02	8.277329123136743794e-02
1.836807669000000169e+04	1.108847158940113806e-02	8.412489546405386986e-02
1.835934824999999910e+04	1.183407591520248270e-02	8.548983018723209371e-02
1.835062839000000167e+04	1.262245271436920890e-02	8.686805408486009128e-02
1.834191707999999926e+04	1.345552517233323392e-02	8.825952536207205823e-02
1.833321431999999913e+04	1.433526464932452157e-02	8.966419377766471355e-02
1.832452009000000180e+04	1.526369440828529746e-02	9.108200856729688211e-02
1.831583438999999998e+04	1.624288445316473053e-02	9.251291196730533628e-02
1.830715720000000147e+04	1.727495450741624305e-02	9.395684571896160964e-02
1.829848849999999948e+04	1.836207058165744907e-02	9.541374783942457860e-02
1.828982829000000129e+04	1.950644059816704010e-02	9.688354919448517732e-02
1.828117655000000013e+04	2.071031751928412851e-02	9.836618020654126771e-02
1.827253326999999990e+04	2.197599345319532077e-02	9.986156579119184751e-02
1.826389843000000110e+04	2.330580013592457866e-02	1.013696287726102568e-01
1.825527203999999983e+04	2.470210015887728400e-02	1.028902828710342165e-01
1.824665406000000075e+04	2.616729692898313656e-02	1.044234467473459521e-01
1.823804449999999997e+04	2.770381549452015021e-02	1.059690263679721189e-01
1.822944332999999824e+04	2.931411444862069143e-02	1.075269309693542424e-01
1.822085054999999920e+04	3.100067020313047872e-02	1.090970605278158007e-01
1.821226613999999972e+04	3.276598246834915712e-02	1.106793147726737453e-01
1.820369009000000005e+04	3.461256469038068856e-02	1.122735877430698914e-01
1.819512240000000020e+04	3.654293943648270065e-02	1.138797677090634813e-01
1.818656304000000091e+04	3.855964313785652242e-02	1.154977446880674080e-01
1.817801199999999881e+04	4.066521049490277179e-02	1.171274011135195053e-01
1.816946928000000116e+04	4.286217123536226192e-02	1.187686136132461573e-01
1.816093485000000146e+04	4.515305546530216235e-02	1.204212607162012255e-01
1.815240871999999945e+04	4.754037012242721960e-02	1.220852093742404582e-01
1.814389085999999952e+04	5.002661499156455666e-02	1.237603304628930589e-01
1.813538127000000168e+04	5.261425771422299086e-02	1.254464851694835070e-01
1.812687992999999915e+04	5.530574222277669788e-02	1.271435348009798960e-01
1.811838682999999946e+04	5.810347386403134223e-02	1.288513348909841316e-01
1.810990194999999949e+04	6.100981950562173878e-02	1.305697392073725538e-01
1.810142529999999897e+04	6.402708729067400906e-02	1.322985916544822393e-01
1.809295684999999867e+04	6.715754438095795920e-02	1.340377405048528703e-01
1.808449658999999883e+04	7.040338956689685956e-02	1.357870262536183259e-01
1.807604450999999972e+04	7.376675313889019536e-02	1.375462856770372222e-01
1.806760060000000158e+04	7.724968992332983952e-02	1.393153518564922977e-01
1.805916485000000102e+04	8.085417221719339020e-02	1.410940542040719226e-01
1.805073723999999856e+04	8.458208713711495852e-02	1.428822206180913879e-01
1.804231777000000147e+04	8.843521621061696536e-02	1.446796711526798507e-01
1.803390641999999934e+04	9.241524580683527224e-02	1.464862265347937897e-01
1.802550316999999995e+04	9.652375146278495410e-02	1.483017039904236944e-01
1.801710802999999942e+04	1.007621752053882574e-01	1.501259107386130331e-01
1.800872096999999849e+04	1.051318528721486567e-01	1.519586591805925646e-01
1.800034199000000081e+04	1.096339718953847353e-01	1.537997517569134331e-01
1.799197106999999960e+04	1.142695897346071437e-01	1.556489918798139582e-01
1.798360820999999851e+04	1.190396052322157394e-01	1.575061751839933188e-01
1.797525337999999829e+04	1.239447796712267319e-01	1.593711006412382447e-01
1.796690657999999894e+04	1.289856956210327088e-01	1.612435572778800341e-01
1.795856780000000072e+04	1.341627727948624671e-01	1.631233330902042422e-01
1.795023702000000048e+04	1.394762622686603892e-01	1.650102151449022170e-01
1.794191423999999824e+04	1.449262209987535188e-01	1.669039828356948807e-01
1.793359944000000178e+04	1.505125311152811229e-01	1.688044169905885128e-01
1.792529261000000042e+04	1.562348747206574184e-01	1.707112931206904716e-01
1.791699374000000171e+04	1.620927344617472121e-01	1.726243837305962703e-01
1.790870281999999861e+04	1.680853880945662460e-01	1.745434583704945364e-01
1.790041982999999891e+04	1.742119108385091208e-01	1.764682860179108137e-01
1.789214476999999897e+04	1.804711484746280570e-01	1.783986281649846961e-01
1.788387762999999904e+04	1.868617346759108289e-01	1.803342458236085188e-01
1.787561837999999989e+04	1.933820957538970875e-01	1.822749019802105686e-01
1.786736703000000125e+04	2.000303997829945835e-01	1.842203475634129339e-01
1.785912356000000000e+04	2.068046082032423683e-01	1.861703379305346684e-01
1.785088795000000027e+04	2.137024500482878897e-01	1.881246259143904975e-01
1.784266020999999819e+04	2.207213937446722840e-01	1.900829547314781820e-01
1.783444029999999839e+04	2.278587130088965407e-01	1.920450770642015415e-01
1.782622824000000037e+04	2.351113912504821102e-01	1.940107289270555091e-01
1.781802400000000125e+04	2.424762158176287652e-01	1.959796559713933295e-01
1.780982757000000129e+04	2.499497169260946894e-01	1.979515968452149055e-01
1.780163894000000073e+04	2.575281850512567972e-01	1.999262880278950272e-01
1.779345809999999983e+04	2.652076716518603772e-01	2.019034638986202113e-01
1.778528503999999884e+04	2.729839904504056114e-01	2.038828568057958757e-01
1.777711975000000166e+04	2.808527192786727800e-01	2.058641971373940671e-01
1.776896222000000125e+04	2.888092024952851888e-01	2.078472133922152354e-01
1.776081244000000152e+04	2.968485539804675555e-01	2.098316322520209776e-01
1.775267037999999957e+04	3.049656807510067735e-01	2.118171835352701815e-01
1.774453605999999854e+04	3.131552172657807165e-01	2.138035831978873924e-01
1.773640943999999945e+04	3.214116400565565357e-01	2.157905602403294709e-01
1.772829052999999840e+04	3.297291625640454971e-01	2.177778299302291776e-01
1.772017930999999953e+04	3.381018218374368667e-01	2.197651134227516789e-01
1.771207575999999972e+04	3.465234548704586581e-01	2.217521305127566622e-01
1.770397988999999870e+04	3.549876741042380379e-01	2.237385923455448289e-01
1.769589168000000063e+04	3.634879373781850775e-01	2.257242162075615566e-01
1.768781110999999873e+04	3.720175251244976500e-01	2.277087182546580768e-01
1.767973818000000028e+04	3.805695277231522788e-01	2.296918086743632015e-01
1.767167287999999826e+04	3.891368862423514319e-01	2.316731991315749417e-01
1.766361519000000044e+04	3.977124022758772304e-01	2.336526028506297759e-01
1.765556510999999955e+04	4.062887161582414142e-01	2.356297273254387703e-01
1.764752261999999973e+04	4.148583601244436037e-01	2.376042842257403420e-01
1.763948771000000124e+04	4.234137374062503789e-01	2.395759821083260355e-01
1.763146038000000044e+04	4.319471337104646147e-01	2.415445265039901090e-01
1.762344060000000172e+04	4.404507715777338794e-01	2.435096298071417753e-01
1.761542838000000120e+04	4.489167482571653212e-01	2.454709941969911435e-01
1.760742369999999937e+04	4.573371225464103462e-01	2.474283288770738609e-01
1.759942655000000013e+04	4.657038851985798589e-01	2.493813403541962903e-01
1.759143691000000035e+04	4.740089930337523794e-01	2.513297374094018433e-01
1.758345478999999978e+04	4.822443408054373215e-01	2.532732214296914974e-01
1.757548015999999916e+04	4.904018473597949179e-01	2.552115035518406350e-01
1.756751301999999851e+04	4.984733969965091660e-01	2.571442876923637488e-01
1.755955336000000170e+04	5.064508947447292631e-01	2.590712803740721215e-01
1.755160115999999834e+04	5.143262798735214192e-01	2.609921907850958345e-01
1.754365641999999934e+04	5.220915102042259504e-01	2.629067236117051953e-01
1.753571912000000157e+04	5.297386158420722690e-01	2.648145887826085509e-01
1.752778926000000138e+04	5.372596742493577215e-01	2.667154919133656876e-01
1.751986681999999928e+04	5.446468628711980120e-01	2.686091440027784105e-01
1.751195179999999891e+04	5.518924352639773545e-01	2.704952519276108136e-01
1.750404418000000078e+04	5.589887723059295821e-01	2.723735280848209594e-01
1.749614395000000150e+04	5.659283680838727015e-01	2.742436833056305923e-01
1.748825111000000106e+04	5.727038444351404411e-01	2.761054269764542934e-01
1.748036563999999998e+04	5.793079902229795186e-01	2.779584742014749033e-01
1.747248752999999851e+04	5.857337482199803658e-01	2.798025387853446122e-01
1.746461677000000054e+04	5.919742368612648242e-01	2.816373356849813381e-01
1.745675335999999879e+04	5.980227552301593530e-01	2.834625787735509661e-01
1.744889727000000130e+04	6.038728257980930936e-01	2.852779901948708230e-01
1.744104851000000053e+04	6.095181530239156542e-01	2.870832842202077351e-01
1.743320706000000064e+04	6.149526875057874653e-01	2.888781835283889543e-01
1.742537290999999823e+04	6.201706069152859158e-01	2.906624100296525959e-01
1.741754605000000083e+04	6.251663340754098908e-01	2.924356872590854195e-01
1.740972646000000168e+04	6.299345529258832954e-01	2.941977427005072476e-01
1.740191415000000052e+04	6.344701939084494979e-01	2.959482988611866205e-01
1.739410910000000149e+04	6.387684795126167270e-01	2.976870868681010251e-01
1.738631130000000121e+04	6.428249079742145433e-01	2.994138375163805099e-01
1.737852073999999993e+04	6.466352673140127738e-01	3.011282836027883159e-01
1.737073741000000155e+04	6.501956425305468468e-01	3.028301599988532655e-01
1.736296129999999903e+04	6.535024221719548665e-01	3.045192037231976845e-01
1.735519239999999991e+04	6.565523042720052826e-01	3.061951540130189442e-01
1.734743070000000080e+04	6.593423016374623247e-01	3.078577523947191863e-01
1.733967618999999831e+04	6.618697464757929971e-01	3.095067427536359883e-01
1.733192885000000024e+04	6.641322971040651835e-01	3.111418735053458340e-01
1.732418868999999904e+04	6.661279298894142720e-01	3.127628892371299152e-01
1.731645568999999887e+04	6.678549593789804284e-01	3.143695434388253940e-01
1.730872983999999997e+04	6.693120281943274463e-01	3.159615901101259783e-01
1.730101111999999921e+04	6.704981127173949007e-01	3.175387879786270573e-01
1.729329953999999998e+04	6.714125178436631813e-01	3.191008924075992570e-01
1.728559507999999914e+04	6.720548860732937779e-01	3.206476677193477176e-01
1.727789773000000059e+04	6.724251902061841868e-01	3.221788790658209889e-01
1.727020748000000094e+04	6.725237335768343705e-01	3.236942945412850103e-01
1.726252432000000044e+04	6.723511479165584781e-01	3.251936852418009782e-01
1.725484823999999935e+04	6.719083905649365640e-01	3.266768253235590169e-01
1.724717923000000155e+04	6.711967410425759839e-01	3.281434920600446170e-01
1.723951728000000003e+04	6.702177969989517869e-01	3.295934658980233523e-01
1.723186238999999841e+04	6.689734713494907004e-01	3.310265286505092441e-01
1.722421453000000110e+04	6.674659801705813411e-01	3.324424710183745413e-01
1.721657371000000057e+04	6.656978491124985187e-01	3.338410795898293371e-01
1.720893991000000096e+04	6.636718940827442959e-01	3.352221499029843788e-01
1.720131312999999864e+04	6.613912250295322925e-01	3.365854772922809435e-01
1.719369335000000137e+04	6.588592279057402523e-01	3.379308641728664964e-01
1.718608055999999851e+04	6.560795648920857426e-01	3.392581146705455075e-01
1.717847475000000122e+04	6.530561635366813888e-01	3.405670364875249545e-01
1.717087591999999859e+04	6.497932123940221016e-01	3.418574392603356826e-01
1.716328406000000177e+04	6.462951438310127195e-01	3.431291380460647633e-01
1.715569915000000037e+04	6.425666228374030675e-01	3.443819532495657199e-01
1.714812117999999828e+04	6.386125462994939328e-01	3.456157073127248958e-01
1.714055015999999887e+04	6.344380398958043843e-01	3.468302232790084760e-01
1.713298605999999927e+04	6.300484146976198518e-01	3.480253344812241356e-01
1.712542886999999973e+04	6.254491879422383604e-01	3.492008748322683043e-01
1.711787859000000026e+04	6.206460683011860713e-01	3.503566806216664720e-01
1.711033522000000085e+04	6.156449391395591997e-01	3.514925921679484810e-01
1.710279872999999861e+04	6.104518259029001470e-01	3.526084582571245019e-01
1.709526912000000084e+04	6.050729242749385284e-01	3.537041271380214069e-01
1.708774638000000050e+04	5.995145621658274360e-01	3.547794526002463478e-01
1.708023050000000148e+04	5.937831943672986501e-01	3.558342924837282761e-01
1.707272147000000041e+04	5.878853906503528348e-01	3.568685087052079208e-01
1.706521928000000116e+04	5.818278238313557837e-01	3.578819672832954657e-01
1.705772393000000011e+04	5.756172662236482829e-01	3.588745370512468891e-01
1.705023540000000139e+04	5.692605529555713195e-01	3.598460936656452391e-01
1.704275368000000162e+04	5.627645944562322811e-01	3.607965155873891772e-01
1.703527877000000080e+04	5.561363656646921561e-01	3.617256842358068103e-01
1.702781064999999944e+04	5.493828678248987574e-01	3.626334877497375819e-01
1.702034932000000117e+04	5.425111523855710161e-01	3.635198160322558603e-01
1.701289476999999897e+04	5.355282828974128329e-01	3.643845644814741047e-01
1.700544699000000037e+04	5.284413325716781351e-01	3.652276327473793494e-01
1.699800595999999859e+04	5.212573635405801653e-01	3.660489258335272722e-01
1.699057168000000092e+04	5.139834449718261311e-01	3.668483507820877731e-01
1.698314414000000033e+04	5.066266138763956262e-01	3.676258200653073627e-01
1.697572333000000071e+04	4.991938742535140805e-01	3.683812504473661931e-01
1.696830924999999843e+04	4.916921972362972570e-01	3.691145620162917251e-01
1.696090188000000126e+04	4.841284810438507558e-01	3.698256811710316505e-01
1.695350120999999854e+04	4.765095716825937799e-01	3.705145375853167167e-01
1.694610723000000144e+04	4.688422438920828994e-01	3.711810652423516710e-01
1.693871993999999904e+04	4.611332028555182316e-01	3.718252015785906694e-01
1.693133932999999888e+04	4.533890550208033443e-01	3.724468892866828473e-01
1.692396538000000146e+04	4.456162997480358490e-01	3.730460761658412894e-01
1.691659809999999925e+04	4.378213638470275226e-01	3.736227118980946504e-01
1.690923746000000028e+04	4.300105203972098833e-01	3.741767536570173580e-01
1.690188346000000092e+04	4.221899557956421134e-01	3.747081605483512101e-01
1.689453609000000142e+04	4.143657209421076071e-01	3.752168967636091423e-01
1.688719535000000178e+04	4.065437463298496867e-01	3.757029301270051191e-01
1.687986121999999887e+04	3.987298043375402390e-01	3.761662340872992116e-01
1.687253369000000021e+04	3.909295358678335774e-01	3.766067856444610951e-01
1.686521275999999853e+04	3.831484453960367631e-01	3.770245654894972542e-01
1.685789842000000135e+04	3.753918751280630461e-01	3.774195591935873839e-01
1.685059064999999828e+04	3.676650009803099084e-01	3.777917570402127834e-01
1.684328945999999996e+04	3.599728711223184607e-01	3.781411520024736683e-01
1.683599481999999989e+04	3.523203287343378842e-01	3.784677432140284292e-01
1.682870673000000170e+04	3.447120829154916022e-01	3.787715325238649733e-01
1.682142519000000175e+04	3.371526743018729566e-01	3.790525260511950489e-01
1.681415018000000055e+04	3.296464522737922453e-01	3.793107348438757298e-01
1.680688168999999834e+04	3.221976044704894515e-01	3.795461736212756843e-01
1.679961972999999853e+04	3.148101651718231420e-01	3.797588606287080060e-01
1.679236426999999821e+04	3.074879531063543503e-01	3.799488194015516185e-01
1.678511530000000130e+04	3.002346321810653862e-01	3.801160768273125212e-01
1.677787283000000025e+04	2.930537102848894682e-01	3.802606634298693611e-01
1.677063683999999921e+04	2.859484894270928890e-01	3.803826144179247026e-01
1.676340731999999844e+04	2.789221061457910489e-01	3.804819687023899277e-01
1.675618426000000181e+04	2.719775220619670697e-01	3.805587691130449812e-01
1.674896765999999843e+04	2.651175342334973761e-01	3.806130623082314979e-01
1.674175750999999946e+04	2.583447571039172996e-01	3.806448989558385843e-01
1.673455380000000150e+04	2.516616337428241867e-01	3.806543335477032830e-01
1.672735651000000144e+04	2.450704284832114499e-01	3.806414243326010638e-01
1.672016563999999926e+04	2.385732564466550853e-01	3.806062333201227221e-01
1.671298118999999861e+04	2.321720668343700555e-01	3.805488263643801439e-01
1.670580313999999998e+04	2.258686279155726617e-01	3.804692728747848252e-01
1.669863148999999976e+04	2.196645653235693441e-01	3.803676460984129482e-01
1.669146621999999843e+04	2.135613297981096836e-01	3.802440226387842070e-01
1.668430732999999964e+04	2.075602348321589075e-01	3.800984829837468770e-01
1.667715481000000000e+04	2.016624340041941188e-01	3.799311110251872847e-01
1.667000864999999976e+04	1.958689330776905990e-01	3.797419941448769709e-01
1.666286883999999918e+04	1.901805935309399120e-01	3.795312231732863029e-01
1.665573537999999826e+04	1.845981439755528530e-01	3.792988926885707546e-01
1.664860825000000114e+04	1.791221603917599881e-01	3.790451000119275382e-01
1.664148745000000054e+04	1.737531013234582256e-01	3.787699464668226046e-01
1.663437297000000035e+04	1.684912884619143292e-01	3.784735363425011934e-01
1.662726480000000083e+04	1.633369186184333577e-01	3.781559771597575725e-01
1.662016292999999860e+04	1.582900678727390265e-01	3.778173796256152905e-01
1.661306735000000117e+04	1.533506957820696126e-01	3.774578575874055764e-01
1.660597806000000128e+04	1.485186563830504514e-01	3.770775285376084529e-01
1.659889504999999917e+04	1.437936885669139631e-01	3.766765125529615843e-01
1.659181829999999900e+04	1.391754211311168887e-01	3.762549320981279921e-01
1.658474782000000050e+04	1.346634030820867967e-01	3.758129143900298397e-01
1.657768359000000055e+04	1.302570688316733449e-01	3.753505877746338704e-01
1.657062559999999939e+04	1.259557687953490324e-01	3.748680840313233786e-01
1.656357384000000093e+04	1.217587671328208970e-01	3.743655377423547592e-01
1.655652832000000126e+04	1.176652575466107659e-01	3.738430877547122555e-01
1.654948901000000114e+04	1.136743325757861994e-01	3.733008727087564482e-01
1.654245591000000059e+04	1.097850288775895772e-01	3.727390361059078061e-01
1.653542901999999958e+04	1.059963133833751875e-01	3.721577241614423825e-01
1.652840831999999864e+04	1.023070771012540431e-01	3.715570840121538709e-01
1.652139381000000139e+04	9.871616079323543291e-02	3.709372669731865746e-01
1.651438547000000108e+04	9.522233799691305622e-02	3.702984250641364605e-01
1.650738331000000107e+04	9.182434426847163600e-02	3.696407154438241527e-01
1.650038729999999850e+04	8.852084651824167205e-02	3.689642939074401218e-01
1.649339745000000039e+04	8.531048566324206384e-02	3.682693223471513178e-01
1.648641374999999971e+04	8.219185138767219623e-02	3.675559630348448348e-01
1.647943618000000060e+04	7.916349135451637709e-02	3.668243793577263268e-01
1.647246473999999944e+04	7.622392784558426615e-02	3.660747388970921334e-01
1.646549942000000010e+04	7.337164789726473291e-02	3.653072102963536016e-01
1.645854021999999895e+04	7.060511511418382513e-02	3.645219653566061369e-01
1.645158712000000014e+04	6.792276095579648232e-02	3.637191756104289908e-01
1.644464012000000002e+04	6.532300380868015510e-02	3.628990167807997214e-01
1.643769919999999911e+04	6.280423661251013923e-02	3.620616641091526366e-01
1.643076437000000078e+04	6.036484825279979372e-02	3.612072982678386501e-01
1.642383560999999827e+04	5.800320464021341965e-02	3.603360980671944658e-01
1.641691291999999885e+04	5.571766932710353615e-02	3.594482464964183777e-01
1.640999628999999914e+04	5.350659564672961138e-02	3.585439269602393453e-01
1.640308569999999963e+04	5.136832976681495605e-02	3.576233230995131129e-01
1.639618115000000034e+04	4.930122243444576974e-02	3.566866227216766716e-01
1.638928264000000127e+04	4.730362459581606560e-02	3.557340152044234372e-01
1.638239016000000083e+04	4.537388686468024623e-02	3.547656900225450993e-01
1.637550368999999955e+04	4.351036209896829571e-02	3.537818365733730874e-01
1.636862322999999924e+04	4.171141554638229526e-02	3.527826483976042038e-01
1.636174877000000015e+04	3.997541837604268178e-02	3.517683188985670228e-01
1.635488031000000046e+04	3.830075469686969325e-02	3.507390441916439783e-01
1.634801783000000069e+04	3.668581587699466101e-02	3.496950185662970334e-01
1.634116133000000082e+04	3.512901187387999086e-02	3.486364404265441252e-01
1.633431079999999929e+04	3.362876543978786381e-02	3.475635077304330411e-01
1.632746623999999974e+04	3.218351805230468266e-02	3.464764210235518616e-01
1.632062763000000086e+04	3.079172482595931085e-02	3.453753786322691921e-01
1.631379497000000083e+04	2.945186415158687274e-02	3.442605829638678006e-01
1.630696824999999990e+04	2.816243250196458908e-02	3.431322356783706451e-01
1.630014745000000039e+04	2.692194580764225784e-02	3.419905375298123995e-01
1.629333258999999998e+04	2.572894930257316540e-02	3.408356967361285128e-01
1.628652363999999943e+04	2.458200217441084204e-02	3.396679138105945794e-01
1.627972060000000056e+04	2.347969267451694916e-02	3.384873949634646384e-01
1.627292345000000023e+04	2.242063020498453671e-02	3.372943435284432856e-01
1.626613220999999976e+04	2.140345534867104868e-02	3.360889704223489760e-01
1.625934684999999990e+04	2.042682653902854611e-02	3.348714782481973518e-01
1.625256735999999910e+04	1.948943145848359287e-02	3.336420735231328538e-01
1.624579375000000073e+04	1.858998686165373032e-02	3.324009668220375135e-01
1.623902599999999984e+04	1.772723214403092162e-02	3.311483636130959640e-01
1.623226410000000033e+04	1.689993520043702943e-02	3.298844714444725268e-01
1.622550806000000011e+04	1.610689352807809574e-02	3.286095018847786098e-01
1.621875784999999996e+04	1.534692729934808084e-02	3.273236591696956355e-01
1.621201346999999987e+04	1.461888780866692390e-02	3.260271533200353455e-01
1.620527492999999959e+04	1.392165481006059878e-02	3.247201964604040647e-01
1.619854219000000012e+04	1.325413050550523428e-02	3.234029910655367157e-01
1.619181526999999915e+04	1.261525078426978773e-02	3.220757512910631948e-01
1.618509415000000081e+04	1.200397501370580045e-02	3.207386834482940374e-01
1.617837881999999991e+04	1.141929098223348239e-02	3.193919956997967047e-01
1.617166928999999982e+04	1.086021535779551836e-02	3.180359001252288653e-01
1.616496552999999949e+04	1.032578846235515310e-02	3.166706005655487988e-01
1.615826754000000074e+04	9.815079971557420443e-03	3.152963066885983712e-01
1.615157531999999992e+04	9.327186000913723421e-03	3.139132279515223778e-01
1.614488885999999911e+04	8.861228151254131255e-03	3.125215714674723366e-01
1.613820815000000039e+04	8.416354011104113311e-03	3.111215439931652726e-01
1.613153318000000036e+04	7.991736819979635559e-03	3.097133518880637593e-01
1.612486393999999927e+04	7.586575109632867804e-03	3.082972010741187874e-01
1.611820044000000053e+04	7.200093458413764705e-03	3.068733012830738294e-01
1.611154264999999941e+04	6.831538590996139894e-03	3.054418532084527960e-01
1.610489057999999932e+04	6.480183609622783281e-03	3.040030655606011933e-01
1.609824421000000075e+04	6.145323624236332175e-03	3.025571400114941967e-01
1.609160354999999981e+04	5.826278488704872416e-03	3.011042841324260144e-01
1.608496857000000091e+04	5.522388879218586427e-03	2.996446960979770591e-01
1.607833928000000014e+04	5.233019679390226581e-03	2.981785821510443135e-01
1.607171565999999984e+04	4.957556246522178654e-03	2.967061411985417729e-01
1.606509771000000001e+04	4.695406173315506970e-03	2.952275758037583575e-01
1.605848543000000063e+04	4.445997874358000208e-03	2.937430877613811941e-01
1.605187880000000041e+04	4.208779405270433698e-03	2.922528735392275756e-01
1.604527781999999934e+04	3.983219481490420967e-03	2.907571332246476348e-01
1.603868247999999949e+04	3.768805863351649792e-03	2.892560637510146471e-01
1.603209276999999929e+04	3.565045247541349157e-03	2.877498611055047117e-01
1.602550869000000057e+04	3.371463058665570556e-03	2.862387225976165128e-01
1.601893022000000019e+04	3.187602066758278042e-03	2.847228399472818694e-01
1.601235736999999972e+04	3.013023331268277656e-03	2.832024107523238854e-01
1.600579011999999966e+04	2.847304035074620879e-03	2.816776246328152600e-01
1.599922847000000002e+04	2.690038363069859832e-03	2.801486747449472015e-01
1.599267240999999922e+04	2.540836230407421317e-03	2.786157508084845524e-01
1.598612194000000090e+04	2.399323287270414135e-03	2.770790437378543580e-01
1.597957703000000038e+04	2.265139593554122734e-03	2.755387362237047277e-01
1.597303770000000077e+04	2.137940826183882224e-03	2.739950215111935927e-01
1.596650393000000076e+04	2.017395947459176605e-03	2.724480822112135270e-01
1.595997572000000036e+04	1.903187973607485192e-03	2.708981044017190754e-01
1.595345305000000008e+04	1.795012788875892037e-03	2.693452681336652166e-01
1.594693591999999990e+04	1.692579407118702294e-03	2.677897569038423242e-01
1.594042432000000008e+04	1.595609021021664881e-03	2.662317505052964051e-01
1.593391826000000037e+04	1.503835033064703126e-03	2.646714321778652623e-01
1.592741770999999972e+04	1.417001788069631018e-03	2.631089742014353638e-01
1.592092266999999993e+04	1.334865174217197926e-03	2.615445546485498096e-01
1.591443313999999918e+04	1.257191770490209996e-03	2.599783501919338269e-01
1.590794909999999982e+04	1.183758241488586755e-03	2.584105312417196432e-01
1.590147055999999975e+04	1.114351541911005406e-03	2.568412740036273845e-01
1.589499750999999924e+04	1.048767965974247351e-03	2.552707483803497990e-01
1.588852993000000060e+04	9.868129394567273609e-04	2.536991203439387110e-01
1.588206782000000021e+04	9.283009577978186631e-04	2.521265592071070816e-01
1.587561117000000013e+04	8.730549433937468632e-04	2.505532303253317217e-01
1.586915998000000036e+04	8.209060956103985491e-04	2.489792999461659384e-01
1.586271423999999934e+04	7.716933972242940925e-04	2.474049303192305538e-01
1.585627393999999913e+04	7.252633934245457338e-04	2.458302821130974036e-01
1.584983907999999974e+04	6.814699530828435261e-04	2.442555168492480389e-01
1.584340964999999960e+04	6.401738297328966052e-04	2.426807919974207362e-01
1.583698564000000079e+04	6.012424535226150663e-04	2.411062634036522934e-01
1.583056704999999965e+04	5.645497091533870733e-04	2.395320877309399521e-01
1.582415386000000035e+04	5.299754943673349586e-04	2.379584150899878847e-01
1.581774608000000080e+04	4.974057384793711045e-04	2.363854012926644987e-01
1.581134368999999970e+04	4.667318278968947713e-04	2.348131931180111875e-01
1.580494669000000067e+04	4.378506258806646144e-04	2.332419405726776918e-01
1.579855507000000034e+04	4.106640874050675964e-04	2.316717895158410812e-01
1.579216883000000053e+04	3.850791241447060480e-04	2.301028865611533525e-01
1.578578794999999991e+04	3.610072651465793831e-04	2.285353716977207295e-01
1.577941243000000031e+04	3.383646070846886870e-04	2.269693881083545417e-01
1.577304226999999992e+04	3.170715253149843159e-04	2.254050772469822217e-01
1.576667746000000079e+04	2.970524494783371603e-04	2.238425763750825914e-01
1.576031797999999981e+04	2.782356859094497299e-04	2.222820185586635855e-01
1.575396384000000035e+04	2.605533535263771286e-04	2.207235424770967736e-01
1.574761503000000084e+04	2.439410582361379318e-04	2.191672801445061491e-01
1.574127153999999973e+04	2.283377909525846302e-04	2.176133618156463057e-01
1.573493336000000090e+04	2.136857674038815413e-04	2.160619159816214996e-01
1.572860049000000072e+04	1.999302954329788536e-04	2.145130718107248480e-01
1.572227291999999943e+04	1.870195815712113747e-04	2.129669542488100420e-01
1.571595065000000068e+04	1.749046335064068157e-04	2.114236889066897218e-01
1.570963365999999951e+04	1.635390665385055885e-04	2.098833947332025551e-01
1.570332194999999956e+04	1.528790505042929384e-04	2.083461937769251482e-01
1.569701552000000083e+04	1.428831439865927571e-04	2.068122062935854322e-01
1.569071435000000019e+04	1.335121470900104107e-04	2.052815458882780997e-01
1.568441844999999921e+04	1.247290645981310618e-04	2.037543316682147998e-01
1.567812780000000021e+04	1.164989079116516435e-04	2.022306736674676919e-01
1.567184238999999980e+04	1.087886513480901040e-04	2.007106825675952777e-01
1.566556222999999954e+04	1.015671396039865453e-04	1.991944720921849377e-01
1.565928730999999971e+04	9.480494406692266840e-05	1.976821493336687052e-01
1.565301761000000079e+04	8.847428936503839384e-05	1.961738171995086877e-01
1.564675312999999915e+04	8.254899738719779850e-05	1.946695816341872942e-01
1.564049387000000024e+04	7.700438142612146472e-05	1.931695467874262606e-01
1.563423982000000069e+04	7.181715985583295072e-05	1.916738126263468622e-01
1.562799097000000074e+04	6.696539157301819841e-05	1.901824773468656082e-01
1.562174731000000065e+04	6.242840456871824053e-05	1.886956373775126317e-01
1.561550885000000017e+04	5.818674106876250930e-05	1.872133921300970782e-01
1.560927556000000004e+04	5.422205165313014779e-05	1.857358297423763183e-01
1.560304745999999977e+04	5.051709393484416042e-05	1.842630484519173772e-01
1.559682452000000012e+04	4.705561034245415129e-05	1.827951328971800515e-01
1.559060675000000083e+04	4.382232715024705932e-05	1.813321754190468094e-01
1.558439413000000059e+04	4.080286162764523592e-05	1.798742595401125188e-01
1.557818666999999914e+04	3.798370313841509905e-05	1.784214740869495552e-01
1.557198435000000063e+04	3.535213624870059120e-05	1.769738991163899711e-01
1.556578715999999986e+04	3.289621514517650008e-05	1.755316153156892545e-01
1.555959511000000020e+04	3.060472274037544157e-05	1.740947062943605239e-01
1.555340818000000036e+04	2.846711080436863082e-05	1.726632469712823248e-01
1.554722637000000032e+04	2.647348049084938436e-05	1.712373152018130951e-01
1.554104968000000008e+04	2.461453760857415242e-05	1.698169871233955741e-01
1.553487809000000016e+04	2.288155257715780122e-05	1.684023325857577358e-01
1.552871160000000054e+04	2.126633956701889483e-05	1.669934243574440480e-01
1.552255019999999968e+04	1.976121641612232007e-05	1.655903312398405991e-01
1.551639388999999937e+04	1.835898042857247108e-05	1.641931226453501314e-01
1.551024265999999989e+04	1.705287560292488802e-05	1.628018640521161353e-01
1.550409650999999940e+04	1.583657083304150598e-05	1.614166215523024639e-01
1.549795542000000023e+04	1.470412893597516277e-05	1.600374550965585063e-01
1.549181940000000031e+04	1.364999263207481940e-05	1.586644297530399317e-01
1.548568843000000015e+04	1.266895117733047709e-05	1.572976022430912502e-01
1.547956250999999975e+04	1.175612822148534201e-05	1.559370321602763787e-01
1.547344163999999910e+04	1.090695815846734617e-05	1.545827774806959043e-01
1.546732580000000053e+04	1.011716491174177870e-05	1.532348901740425429e-01
1.546121499000000040e+04	9.382749762409010885e-06	1.518934250649632278e-01
1.545510921000000053e+04	8.699971593246863839e-06	1.505584353933293873e-01
1.544900844999999936e+04	8.065330162461904461e-06	1.492299706521008629e-01
1.544291268999999920e+04	7.475551627945286248e-06	1.479080766436831063e-01
1.543682194999999956e+04	6.927579186651235409e-06	1.465928063123214664e-01
1.543073619999999937e+04	6.418551339451693480e-06	1.452842002620562400e-01
1.542465545000000020e+04	5.945797740210334115e-06	1.439823062266222253e-01
1.541857969000000048e+04	5.506822156288793189e-06	1.426871661343404596e-01
1.541250890000000072e+04	5.099292652225395105e-06	1.413988183316826908e-01
1.540644310000000041e+04	4.721034440290845473e-06	1.401173081836865897e-01
1.540038226000000031e+04	4.370014201613167825e-06	1.388426690108871264e-01
1.539432638000000043e+04	4.044336133106960003e-06	1.375749390516256276e-01
1.538827547000000050e+04	3.742231732893989756e-06	1.363141571726783352e-01
1.538222949999999946e+04	3.462049304573131898e-06	1.350603524885779227e-01
1.537618848000000071e+04	3.202250333753901636e-06	1.338135610440436551e-01
1.537015240000000085e+04	2.961399370593024892e-06	1.325738133356975379e-01
1.536412125000000015e+04	2.738158334321987869e-06	1.313411385031227341e-01
1.535809503000000041e+04	2.531280524408076638e-06	1.301155663716322131e-01
1.535207373000000007e+04	2.339603956693764840e-06	1.288971233785380366e-01
1.534605733999999939e+04	2.162046212003904965e-06	1.276858346463581317e-01
1.534004586000000018e+04	1.997599479202386727e-06	1.264817259950495598e-01
1.533403929000000062e+04	1.845325319688765034e-06	1.252848219170809574e-01
1.532803760999999940e+04	1.704349640376245262e-06	1.240951416373739513e-01
1.532204082000000017e+04	1.573859409252033713e-06	1.229127070984245979e-01
1.531604891999999927e+04	1.453098070137750317e-06	1.217375389580924311e-01
1.531006189000000086e+04	1.341361420080262094e-06	1.205696527130489248e-01
1.530407973999999922e+04	1.237995048703494828e-06	1.194090684932495317e-01
1.529810246000000006e+04	1.142390063619197513e-06	1.182558012966248018e-01
1.529213004000000001e+04	1.053980410464671763e-06	1.171098649370327094e-01
1.528616246999999930e+04	9.722399736930108425e-07	1.159712720591930535e-01
1.528019974999999977e+04	8.966799865786980532e-07	1.148400360454203406e-01
1.527424187999999958e+04	8.268463368467301519e-07	1.137161690954578419e-01
1.526828883999999925e+04	7.623169941628076876e-07	1.125996785010165147e-01
1.526234064000000035e+04	7.027003604167133115e-07	1.114905760652961098e-01
1.525639725999999973e+04	6.476325489976399196e-07	1.103888668650138821e-01
1.525045869999999923e+04	5.967759738295211013e-07	1.092945586155776860e-01
1.524452495000000090e+04	5.498172463176831991e-07	1.082076560977563856e-01
1.523859600999999930e+04	5.064656623317386490e-07	1.071281648580034579e-01
1.523267187999999987e+04	4.664515353713150581e-07	1.060560893641185887e-01
1.522675253999999950e+04	4.295246108057930219e-07	1.049914294339202997e-01
1.522083798999999999e+04	3.954529652662648264e-07	1.039341874889534167e-01
1.521492822999999953e+04	3.640215789565391202e-07	1.028843649168532243e-01
1.520902324000000044e+04	3.350310516187242199e-07	1.018419585667166422e-01
1.520312303000000065e+04	3.082967471298579659e-07	1.008069696183222091e-01
1.519722759000000042e+04	2.836475026428181939e-07	9.977939474271906029e-02
1.519133690999999999e+04	2.609247728946143173e-07	9.875922968113820533e-02
1.518545097999999962e+04	2.399817299971901645e-07	9.774646925991099800e-02
1.517956981000000087e+04	2.206824880675785257e-07	9.674111081304984094e-02
1.517369338000000062e+04	2.029011528240793539e-07	9.574314562178116994e-02
1.516782167999999911e+04	1.865212398433494920e-07	9.475256582312062414e-02
1.516195471999999972e+04	1.714350105073281167e-07	9.376936603880507703e-02
1.515609249000000091e+04	1.575427323577684831e-07	9.279353664178548178e-02
1.515023497999999927e+04	1.447521564750041206e-07	9.182506717858909817e-02
1.514438219000000026e+04	1.329779921684468073e-07	9.086394802045787145e-02
1.513853410000000076e+04	1.221413396700609446e-07	8.991016544579827352e-02
1.513269072000000051e+04	1.121693165660224728e-07	8.896370983736426319e-02
1.512685203999999976e+04	1.029945243848884069e-07	8.802456751396098289e-02
1.512101806000000033e+04	9.455469782605485417e-08	8.709272563198328099e-02
1.511518875999999909e+04	8.679228328507791970e-08	8.616816740229055194e-02
1.510936413999999968e+04	7.965414621223694938e-08	8.525087849347919022e-02
1.510354420000000027e+04	7.309121362813490518e-08	8.434084381787564089e-02
1.509772892999999931e+04	6.705816267152455350e-08	8.343804599879245387e-02
1.509191832000000068e+04	6.151315387376123282e-08	8.254246697615318096e-02
1.508611238000000048e+04	5.641758764115797635e-08	8.165409106943924411e-02
1.508031107999999949e+04	5.173580956503096578e-08	8.077289579967784905e-02
1.507451444000000083e+04	4.743496401640338464e-08	7.989886564638347399e-02
1.506872243999999955e+04	4.348471221454307878e-08	7.903197836269382215e-02
1.506293506999999954e+04	3.985708172331471296e-08	7.817221261157815404e-02
1.505715234000000055e+04	3.652629060570460374e-08	7.731954939264878979e-02
1.505137422999999944e+04	3.346855221640062877e-08	7.647396465538273957e-02
1.504560074999999961e+04	3.066195686742730304e-08	7.563543815951895288e-02
1.503983187999999973e+04	2.808629819593525425e-08	7.480394470766864312e-02
1.503406761000000006e+04	2.572296332706449731e-08	7.397946002311428515e-02
1.502830796000000009e+04	2.355481650128011583e-08	7.316196353537832153e-02
1.502255290000000059e+04	2.156605554319828211e-08	7.235142700548077843e-02
1.501680242999999973e+04	1.974213947076699262e-08	7.154782594845192356e-02
1.501105654999999933e+04	1.806967947309327490e-08	7.075113533869256677e-02
1.500531524999999965e+04	1.653634736078121140e-08	6.996132825252365794e-02
1.499957853000000068e+04	1.513079899967842237e-08	6.917837865384275642e-02
1.499384638000000086e+04	1.384259274251199084e-08	6.840225865520979665e-02
1.498811880000000019e+04	1.266212390070074534e-08	6.763294125981526850e-02
1.498239578000000074e+04	1.158055511547322406e-08	6.687039766571199750e-02
1.497667730999999912e+04	1.058975866705654615e-08	6.611459864799594521e-02
1.497096339000000080e+04	9.682262337553521214e-09	6.536551587628257332e-02
1.496525401000000056e+04	8.851194584215954757e-09	6.462311928318918708e-02
1.495954917000000023e+04	8.090240310147256666e-09	6.388737969810125150e-02
1.495384886999999981e+04	7.393595325918416510e-09	6.315826753195574739e-02
1.494815308999999979e+04	6.755923834648913317e-09	6.243575026247431131e-02
1.494246183000000019e+04	6.172325991498504318e-09	6.171979756179638010e-02
1.493677510000000075e+04	5.638301638665850445e-09	6.101037996025505949e-02
1.493109287000000040e+04	5.149714094542266928e-09	6.030746264643536969e-02
1.492541515000000072e+04	4.702768370337887835e-09	5.961101545819968983e-02
1.491974193000000014e+04	4.293978594061136087e-09	5.892100541907670935e-02
1.491407320000000072e+04	3.920145033999539796e-09	5.823739925436637044e-02
1.490840897000000041e+04	3.578332265833959406e-09	5.756016578264476491e-02
1.490274921999999970e+04	3.265844857750042371e-09	5.688926992250019354e-02
1.489709395000000040e+04	2.980211023637639224e-09	5.622467870685562280e-02
1.489144314999999915e+04	2.719162860296653715e-09	5.556635771141955199e-02
1.488579682999999932e+04	2.480621218632786788e-09	5.491427456513572891e-02
1.488015495999999985e+04	2.262677886293611914e-09	5.426839202082997526e-02
1.487451756000000023e+04	2.063585272207490001e-09	5.362867833398585193e-02
1.486888460999999916e+04	1.881739917075929990e-09	5.299509694412055105e-02
1.486325610000000052e+04	1.715672609469556345e-09	5.236761223346164673e-02
1.485763204000000042e+04	1.564037544691229433e-09	5.174619058648856351e-02
1.485201240999999936e+04	1.425600849319927029e-09	5.113079485004123209e-02
1.484639722000000074e+04	1.299232946743799982e-09	5.052139097244448540e-02
1.484078644999999960e+04	1.183898555934400684e-09	4.991794144208866468e-02
1.483518010999999933e+04	1.078650217075024772e-09	4.932041180837083705e-02
1.482957818000000043e+04	9.826198528762625185e-10	4.872876423739815749e-02
1.482398065999999926e+04	8.950131330575951507e-10	4.814296287413465797e-02
1.481838754999999946e+04	8.151029700725684553e-10	4.756297169060544339e-02
1.481279883999999947e+04	7.422238126551993721e-10	4.698875347203873565e-02
1.480721451999999954e+04	6.757666854023935400e-10	4.642027088608388641e-02
1.480163459999999941e+04	6.151746757003318429e-10	4.585748849871967847e-02
1.479605905999999959e+04	5.599380352381070062e-10	4.530036771608939722e-02
1.479048790000000008e+04	5.095907722421874209e-10	4.474887185903708015e-02
1.478492110999999932e+04	4.637066780423505639e-10	4.420296314988322872e-02
1.477935870000000068e+04	4.218962304785970024e-10	4.366260566704515539e-02
1.477380064999999922e+04	3.838031261281056847e-10	4.312776047259598428e-02
1.476824695000000065e+04	3.491017933345460735e-10	4.259838955144899103e-02
1.476269762000000082e+04	3.174948788626023915e-10	4.207445765221545786e-02
1.475715263000000050e+04	2.887104038924467501e-10	4.155592471451904912e-02
1.475161197999999968e+04	2.625000695809617529e-10	4.104275347445130590e-02
1.474607567999999992e+04	2.386371089516321333e-10	4.053490751167972833e-02
1.474054370999999992e+04	2.169142915590786638e-10	4.003234759644384161e-02
1.473501605999999992e+04	1.971424384583823197e-10	3.953503540985698478e-02
1.472949274999999943e+04	1.791489280259812242e-10	3.904293527959112886e-02
1.472397374999999920e+04	1.627760189873067471e-10	3.855600703291574283e-02
1.471845905999999923e+04	1.478798366947257512e-10	3.807421317436348457e-02
1.471294867999999951e+04	1.343290810927837078e-10	3.759751618026013070e-02
1.470744261000000006e+04	1.220039463487394580e-10	3.712587850533016071e-02
1.470194082999999955e+04	1.107950927182952792e-10	3.665926090136790994e-02
1.469644334999999955e+04	1.006028467242837857e-10	3.619762668504027114e-02
1.469095015000000058e+04	9.133624857707941077e-11	3.574093665496028832e-02
1.468546124000000054e+04	8.291240468588390100e-11	3.528915413607226076e-02
1.467997660999999971e+04	7.525570449575877912e-11	3.484224080773391796e-02
1.467449625000000015e+04	6.829722304359619773e-11	3.440015839691545202e-02
1.466902016000000003e+04	6.197415002152256587e-11	3.396286947796296057e-02
1.466354833999999937e+04	5.622924262994779449e-11	3.353033665109290268e-02
1.465808077000000048e+04	5.101032175108676678e-11	3.310252099105207707e-02
1.465261744999999974e+04	4.626986929576905298e-11	3.267938521407687258e-02
1.464715839000000051e+04	4.196460577207394878e-11	3.226089284076240349e-02
1.464170355999999992e+04	3.805508186072146123e-11	3.184700438799958899e-02
1.463625297999999930e+04	3.450540846465541377e-11	3.143768425375283171e-02
1.463080662999999913e+04	3.128288037968966201e-11	3.103289387335672958e-02
1.462536450999999943e+04	2.835773559815270958e-11	3.063259626900415034e-02
1.461992661000000044e+04	2.570287733856419341e-11	3.023675380513530728e-02
1.461449293000000034e+04	2.329364874483825312e-11	2.984532966409585500e-02
1.460906346999999914e+04	2.110761133270897305e-11	2.945828710371110881e-02
1.460363820999999916e+04	1.912434142027106225e-11	2.907558805846302205e-02
1.459821716000000015e+04	1.732526967718713053e-11	2.869719668927215098e-02
1.459280031000000054e+04	1.569349802534607673e-11	2.832307584198660508e-02
1.458738766000000032e+04	1.421366095687159007e-11	2.795318916404501003e-02
1.458197919000000002e+04	1.287178065414575035e-11	2.758749905443676209e-02
1.457657490999999936e+04	1.165515554030394238e-11	2.722597006624559793e-02
1.457117481000000043e+04	1.055223374618655067e-11	2.686856551160734033e-02
1.456577887999999984e+04	9.552515225621882143e-12	2.651524883905783184e-02
1.456038711999999941e+04	8.646458888926315102e-12	2.616598428106230168e-02
1.455499952999999914e+04	7.825394300813135606e-12	2.582073618517289129e-02
1.454961609999999928e+04	7.081442027755857348e-12	2.547946838714994222e-02
1.454423682999999983e+04	6.407445241042779226e-12	2.514214549591422751e-02
1.453886169999999947e+04	5.796900743003853091e-12	2.480873101188187102e-02
1.453349072999999953e+04	5.243906591610162385e-12	2.447919105862245842e-02
1.452812389000000076e+04	4.743098094656442695e-12	2.415348881997970987e-02
1.452276118999999926e+04	4.289608146136753598e-12	2.383159008190130490e-02
1.451740262000000075e+04	3.879016323235863329e-12	2.351345956053607286e-02
1.451204817999999977e+04	3.507310866054503356e-12	2.319906272245210802e-02
1.450669786999999997e+04	3.170850590917020810e-12	2.288836517735094028e-02
1.450135167000000001e+04	2.866330028430918978e-12	2.258133153867230430e-02
1.449600957999999991e+04	2.590751154326570920e-12	2.227792774877482632e-02
1.449067159999999967e+04	2.341393964433685586e-12	2.197811990077895919e-02
1.448533772999999928e+04	2.115791027665991806e-12	2.168187424116710740e-02
1.448000794999999925e+04	1.911703607028746809e-12	2.138915608003736160e-02
1.447468226999999933e+04	1.727102594856230946e-12	2.109993255477824597e-02
1.446936067000000003e+04	1.560147036278353066e-12	2.081416933671322023e-02
1.446404317000000083e+04	1.409169063787374758e-12	2.053183441970877002e-02
1.445872974000000067e+04	1.272655299002210826e-12	2.025289330425090670e-02
1.445342037999999957e+04	1.149234862842945246e-12	1.997731327697705242e-02
1.444811510000000089e+04	1.037665510782243736e-12	1.970506230293857935e-02
1.444281387999999970e+04	9.368209302065590880e-13	1.943610698081174593e-02
1.443751672999999937e+04	8.456812001400287665e-13	1.917041562377161737e-02
1.443222363000000041e+04	7.633218230096857771e-13	1.890795521684182287e-02
1.442693457999999919e+04	6.889057089356303625e-13	1.864869394069005107e-02
1.442164957999999933e+04	6.216746826961634312e-13	1.839260015286241570e-02
1.441636861999999928e+04	5.609420242408782053e-13	1.813964191321368671e-02
1.441109170000000086e+04	5.060860443411913511e-13	1.788978795444578704e-02
1.440581881000000067e+04	4.565437885279898707e-13	1.764300672532997591e-02
1.440054996000000028e+04	4.118058218096195622e-13	1.739926779886712821e-02
1.439528512000000046e+04	3.714107127031871301e-13	1.715853909236108796e-02
1.439002431000000070e+04	3.349412439403988578e-13	1.692079101860955934e-02
1.438476750999999967e+04	3.020195860860857232e-13	1.668599235831381977e-02
1.437951471999999922e+04	2.723040187573743055e-13	1.645411299922382858e-02
1.437426593999999932e+04	2.454853868204076747e-13	1.622512301748574998e-02
1.436902115000000049e+04	2.212839446297185942e-13	1.599899182153470545e-02
1.436378037000000040e+04	1.994468534422557478e-13	1.577569074499794374e-02
1.435854357999999957e+04	1.797452872055483117e-13	1.555518959824178302e-02
1.435331077000000005e+04	1.619723836868970328e-13	1.533745883736099824e-02
1.434808194999999978e+04	1.459411770941867266e-13	1.512246994831681519e-02
1.434285709999999926e+04	1.314825558812281483e-13	1.491019337945942262e-02
1.433763623000000007e+04	1.184437431597577750e-13	1.470060100921311702e-02
1.433241933000000063e+04	1.066866064106082888e-13	1.449366410300970479e-02
1.432720638999999937e+04	9.608632109889262265e-14	1.428935414073972780e-02
1.432199741999999969e+04	8.653013657268263567e-14	1.408764358673899458e-02
1.431679239000000052e+04	7.791611547782597160e-14	1.388850356199063281e-02
1.431159132999999929e+04	7.015226884355237135e-14	1.369190769373162218e-02
1.430639420000000064e+04	6.315540256528509060e-14	1.349782715335954598e-02
1.430120102000000043e+04	5.685046343262755585e-14	1.330623558222169926e-02
1.429601178000000073e+04	5.116963513793361735e-14	1.311710569674799827e-02
1.429082646999999997e+04	4.605168592670706209e-14	1.293041042921440516e-02
1.428564508999999998e+04	4.144134402634143103e-14	1.274612328111614755e-02
1.428046764000000076e+04	3.728871307550718103e-14	1.256421795227061038e-02
1.427529409999999916e+04	3.354874098001372218e-14	1.238466765120169524e-02
1.427012448000000040e+04	3.018078943514155122e-14	1.220744684107111407e-02
1.426495876999999928e+04	2.714817203201001991e-14	1.203252949366342105e-02
1.425979696999999942e+04	2.441779243779162637e-14	1.185989012846114764e-02
1.425463906999999926e+04	2.195978586553197799e-14	1.168950313523457740e-02
1.424948507000000063e+04	1.974721619853844322e-14	1.152134344283197408e-02
1.424433496000000014e+04	1.775578292904332179e-14	1.135538585824087329e-02
1.423918873999999960e+04	1.596357353056617270e-14	1.119160571893763542e-02
1.423404639999999927e+04	1.435082402837002879e-14	1.102997824808399363e-02
1.422890795000000071e+04	1.289971932124400429e-14	1.087047949923928072e-02
1.422377337000000080e+04	1.159418909507086666e-14	1.071308479428313004e-02
1.421864265999999952e+04	1.041975172510368259e-14	1.055777028478500565e-02
1.421351582000000053e+04	9.363353346959687054e-15	1.040451231926231221e-02
1.420839284000000043e+04	8.413226674481069398e-15	1.025328714962022228e-02
1.420327371999999923e+04	7.558769097681502026e-15	1.010407152860451352e-02
1.419815846000000056e+04	6.790426532011464371e-15	9.956842404893397058e-03
1.419304703999999947e+04	6.099588134581193470e-15	9.811576357979266694e-03
1.418793946999999935e+04	5.478500595636501168e-15	9.668251027649399365e-03
1.418283574000000044e+04	4.920177208910038697e-15	9.526843683395399415e-03
1.417773584999999912e+04	4.418326242762802342e-15	9.387332074738977128e-03
1.417263978999999927e+04	3.967280447281440137e-15	9.249693876435882006e-03
1.416754756000000089e+04	3.561937402480764146e-15	9.113907234992769252e-03
1.416245915000000059e+04	3.197702119458130544e-15	8.979950227782458258e-03
1.415737456000000020e+04	2.870438459902660913e-15	8.847801395707521194e-03
1.415229378999999972e+04	2.576422969223618107e-15	8.717439470858404788e-03
1.414721681999999964e+04	2.312303082012033088e-15	8.588842872636809345e-03
1.414214366999999947e+04	2.075063467978653192e-15	8.461991230085374668e-03
1.413707430999999997e+04	1.861988248075247656e-15	8.336863109537153566e-03
1.413200876000000062e+04	1.670635739780360460e-15	8.213438514479681068e-03
1.412694699000000037e+04	1.498807210671549106e-15	8.091696416213661411e-03
1.412188902000000053e+04	1.344526324859922412e-15	7.971617189773853168e-03
1.411683482999999978e+04	1.206014029572673763e-15	7.853180440556599418e-03
1.411178442999999970e+04	1.081671003871363982e-15	7.736366673245006348e-03
1.410673780000000079e+04	9.700581660106532552e-16	7.621155884801282705e-03
1.410169493999999941e+04	8.698818982271301729e-16	7.507528727610958755e-03
1.409665584999999919e+04	7.799789992533455077e-16	7.395466037009081409e-03
1.409162053000000014e+04	6.993036468316568045e-16	7.284948830515645263e-03
1.408658895999999913e+04	6.269153793712825744e-16	7.175957876673803165e-03
1.408156115999999929e+04	5.619693882804949864e-16	7.068474996675058394e-03
1.407653709999999955e+04	5.037057206534297935e-16	6.962481120901194837e-03
1.407151678999999967e+04	4.514418925301559334e-16	6.857958219070359879e-03
1.406650021999999990e+04	4.045643922713420685e-16	6.754888019346702750e-03
1.406148739000000023e+04	3.625220635393116655e-16	6.653252638954125844e-03
1.405647830000000067e+04	3.248197200817204399e-16	6.553034370940291620e-03
1.405147293999999965e+04	2.910124437414244640e-16	6.454215487182837600e-03
1.404647129999999925e+04	2.607005997230422923e-16	6.356778444010992464e-03
1.404147338999999920e+04	2.335253652201889430e-16	6.260706262878944738e-03
1.403647919000000002e+04	2.091643296744914521e-16	6.165981561737773550e-03
1.403148870999999963e+04	1.873281224890301464e-16	6.072587707411442742e-03
1.402650194000000010e+04	1.677568260741427567e-16	5.980507859801066639e-03
1.402151886999999988e+04	1.502170927055574642e-16	5.889725357665611706e-03
1.401653951000000052e+04	1.344995080119064909e-16	5.800224074443856986e-03
1.401156384000000071e+04	1.204160014174909942e-16	5.711987512352927412e-03
1.400659187000000020e+04	1.077978578082500735e-16	5.624999879837376017e-03
1.400162358999999924e+04	9.649360871283063147e-17	5.539245197766854041e-03
1.399665898999999990e+04	8.636733563408810681e-17	5.454707660078631122e-03
1.399169807000000037e+04	7.729710229822998731e-17	5.371371799346058747e-03
1.398674083000000064e+04	6.917350549382623186e-17	5.289222309633321260e-03
1.398178725999999915e+04	6.189838261576962763e-17	5.208243883120243153e-03
1.397683735999999953e+04	5.538369462501118459e-17	5.128421540411923739e-03
1.397189112999999998e+04	4.955047417356140337e-17	5.049740460386599981e-03
1.396694856000000073e+04	4.432788772535149317e-17	4.972185823325308597e-03
1.396200964000000022e+04	3.965241599912671719e-17	4.895742974202552632e-03
1.395707438000000002e+04	3.546711990633320225e-17	4.820397724627454097e-03
1.395214276000000064e+04	3.172092252856938139e-17	4.746135583082445458e-03
1.394721478999999999e+04	2.836805564514698787e-17	4.672942669838038576e-03
1.394229046000000017e+04	2.536747652194130320e-17	4.600804957666803502e-03
1.393736976999999933e+04	2.268240285347461393e-17	4.529708721457081921e-03
1.393245269999999982e+04	2.027985795302510950e-17	4.459640102496764506e-03
1.392753926999999931e+04	1.813030755006728982e-17	4.390585964298200118e-03
1.392262946000000011e+04	1.620726777489807410e-17	4.322532751412782280e-03
1.391772328000000016e+04	1.448702051506458708e-17	4.255467477057525184e-03
1.391282070000000022e+04	1.294830240422078158e-17	4.189376756328907353e-03
1.390792173999999977e+04	1.157208032486210590e-17	4.124248030586643958e-03
1.390302639000000090e+04	1.034129555681421584e-17	4.060068478427125184e-03
1.389813464999999997e+04	9.240671334676333651e-18	3.996825555698379530e-03
1.389324649999999929e+04	8.256521501765136593e-18	3.934506605474538503e-03
1.388836195000000043e+04	7.376595749286917368e-18	3.873099498781551291e-03
1.388348099999999977e+04	6.589922140879028217e-18	3.812592114585809655e-03
1.387860362999999961e+04	5.886673787287741440e-18	3.752972226141959577e-03
1.387372984999999971e+04	5.258057112342622877e-18	3.694228115293988254e-03
1.386885964000000058e+04	4.696196115367330673e-18	3.636347837784482690e-03
1.386399301999999989e+04	4.194045176331276081e-18	3.579320061684170776e-03
1.385912996000000021e+04	3.745292911632001660e-18	3.523133000725487719e-03
1.385427047999999922e+04	3.344295425927710778e-18	3.467775585055001171e-03
1.384941455999999926e+04	2.985998564854534261e-18	3.413236416066866771e-03
1.384456220000000030e+04	2.665881382818218477e-18	3.359504456851939661e-03
1.383971340000000055e+04	2.379898689170457755e-18	3.306568798410112076e-03
1.383486815999999999e+04	2.124431304016845071e-18	3.254418658576170836e-03
1.383002645999999913e+04	1.896240589169679201e-18	3.203043170233877378e-03
1.382518829999999980e+04	1.692430568260426371e-18	3.152431810620915688e-03
1.382035368999999992e+04	1.510411257984695784e-18	3.102574282753781196e-03
1.381552261999999973e+04	1.347865471742046785e-18	3.053460204280679640e-03
1.381069507999999951e+04	1.202721051811611298e-18	3.005079319960935694e-03
1.380587106999999924e+04	1.073125362598330064e-18	2.957421598500921574e-03
1.380105059000000074e+04	9.574218601166763907e-19	2.910477127631741837e-03
1.379623363000000063e+04	8.541292620421213930e-19	2.864236017745191206e-03
1.379142017999999916e+04	7.619233650681636997e-19	2.818688501595800235e-03
1.378661025999999947e+04	6.796209671329578725e-19	2.773825210876935433e-03
1.378180384000000049e+04	6.061636269796348275e-19	2.729636424897981077e-03
1.377700093000000015e+04	5.406059941353429215e-19	2.686112912313608388e-03
1.377220152000000053e+04	4.821029254637719012e-19	2.643245371681213814e-03
1.376740560999999980e+04	4.298993143591275419e-19	2.601024705543162480e-03
1.376261319999999978e+04	3.833204266655551930e-19	2.559441926793832624e-03
1.375782428000000073e+04	3.417633146382596596e-19	2.518488072753186438e-03
1.375303883999999925e+04	3.046893241366336534e-19	2.478154293941940874e-03
1.374825689000000057e+04	2.716174067174544831e-19	2.438432017825986273e-03
1.374347841999999946e+04	2.421177168597237022e-19	2.399312610626272435e-03
1.373870342999999957e+04	2.158063898913025670e-19	2.360787628520375544e-03
1.373393190999999933e+04	1.923405399015074169e-19	2.322848652806124448e-03
1.372916386000000057e+04	1.714140082404005101e-19	2.285487450201315138e-03
1.372439926999999989e+04	1.527533629687760682e-19	2.248695812728783786e-03
1.371963813999999911e+04	1.361144984899850906e-19	2.212465713380877205e-03
1.371488047999999981e+04	1.212794959574571814e-19	2.176789299477881884e-03
1.371012625999999909e+04	1.080536889874785043e-19	2.141658519495816867e-03
1.370537550000000010e+04	9.626344269278872647e-20	2.107065794189262511e-03
1.370062817999999970e+04	8.575366509271202877e-20	2.073003347746395393e-03
1.369588429999999971e+04	7.638597875379647027e-20	2.039463649049431428e-03
1.369114386999999988e+04	6.803689907716188145e-20	2.006439330990270834e-03
1.368640685999999914e+04	6.059616071858002029e-20	1.973922843755246577e-03
1.368167329000000063e+04	5.396544919803516351e-20	1.941907078258336755e-03
1.367694314999999915e+04	4.805699518396179857e-20	1.910384810910349283e-03
1.367221643000000040e+04	4.279249365455705775e-20	1.879348913084747438e-03
1.366749313000000075e+04	3.810209778117540976e-20	1.848792414263200493e-03
1.366277325000000019e+04	3.392349840241397838e-20	1.818708432971350656e-03
1.365805678000000080e+04	3.020110747734543716e-20	1.789090113525566243e-03
1.365334372000000076e+04	2.688535266752441814e-20	1.759930752544697826e-03
1.364863406000000032e+04	2.393201547801755799e-20	1.731223672365788530e-03
1.364392780999999923e+04	2.130167384640231120e-20	1.702962403433114095e-03
1.363922494999999981e+04	1.895915741484307544e-20	1.675140380837877602e-03
1.363452548999999999e+04	1.687312133185426872e-20	1.647751303710169460e-03
1.362982942000000003e+04	1.501560917551437368e-20	1.620788836256327166e-03
1.362513673000000017e+04	1.336169781226040706e-20	1.594246727757495010e-03
1.362044743000000017e+04	1.188917575944789760e-20	1.568118922177790800e-03
1.361576151000000027e+04	1.057823703579794664e-20	1.542399331027182949e-03
1.361107897000000048e+04	9.411230874415120563e-21	1.517082001736645876e-03
1.360639978999999948e+04	8.372421230872962227e-21	1.492160954098678723e-03
1.360172399000000041e+04	7.447792697765052182e-21	1.467630499737226576e-03
1.359705155000000013e+04	6.624847404237707254e-21	1.443484815137463040e-03
1.359238247000000047e+04	5.892452736973510941e-21	1.419718259524654089e-03
1.358771674999999959e+04	5.240689205314930835e-21	1.396325266711306596e-03
1.358305438999999933e+04	4.660718900593407044e-21	1.373300344273341864e-03
1.357839537000000018e+04	4.144666055039337947e-21	1.350637976184098418e-03
1.357373970000000008e+04	3.685518152205760083e-21	1.328332867008044779e-03
1.356908738000000085e+04	3.277027455976008190e-21	1.306379742816365366e-03
1.356443839999999909e+04	2.913628317782540297e-21	1.284773354024547429e-03
1.355979275000000052e+04	2.590363969752492840e-21	1.263508523510023518e-03
1.355515042999999969e+04	2.302820789169008519e-21	1.242580190465483736e-03
1.355051144999999997e+04	2.047068848842169975e-21	1.221983406135004587e-03
1.354587578000000030e+04	1.819606674674993464e-21	1.201713112734064792e-03
1.354124344999999994e+04	1.617319507373406431e-21	1.181764583297309620e-03
1.353661441999999988e+04	1.437431160107626206e-21	1.162132854044590873e-03
1.353198871999999938e+04	1.277472854251897192e-21	1.142813326548497346e-03
1.352736631999999918e+04	1.135244756401502529e-21	1.123801213941125242e-03
1.352274724000000060e+04	1.008790272435741359e-21	1.105092001230272188e-03
1.351813145000000077e+04	8.963665190307150364e-22	1.086681033163478839e-03
1.351351896999999917e+04	7.964235334002248441e-22	1.068563918549255993e-03
1.350890978999999970e+04	7.075811976250845602e-22	1.050736207334734698e-03
1.350430390000000079e+04	6.286113940873773418e-22	1.033193512250053531e-03
1.349970129000000088e+04	5.584213336335484955e-22	1.015931508013755494e-03
1.349510197999999946e+04	4.960390881470259330e-22	9.989460404844128193e-04
1.349050595000000067e+04	4.405993544405759172e-22	9.822328648641566202e-04
1.348591320000000087e+04	3.913325776814478397e-22	9.657878694300535199e-04
1.348132372000000032e+04	3.475540577724333916e-22	9.496069642771681795e-04
1.347673752000000059e+04	3.086549041346329502e-22	9.336861866697565614e-04
1.347215458000000035e+04	2.740932669357932697e-22	9.180215254100161518e-04
1.346757490999999936e+04	2.433874415952194934e-22	9.026091284487808720e-04
1.346299849999999969e+04	2.161088721857189488e-22	8.874451299578913974e-04
1.345842534999999953e+04	1.918765026224342771e-22	8.725257519406694239e-04
1.345385546000000068e+04	1.703514714085793845e-22	8.578472691399190251e-04
1.344928881999999976e+04	1.512324200329781869e-22	8.434059770202603562e-04
1.344472542000000067e+04	1.342514084121682233e-22	8.291982244544358980e-04
1.344016527999999926e+04	1.191703167749170745e-22	8.152205042635898326e-04
1.343560836999999992e+04	1.057772867043938683e-22	8.014692059186449488e-04
1.343105470000000059e+04	9.388410750566661538e-23	7.879408919732055778e-04
1.342650425999999970e+04	8.332342035442141392e-23	7.746321139764003995e-04
1.342195706000000064e+04	7.394651114293074373e-23	7.615395307201225676e-04
1.341741308000000026e+04	6.562114180205399917e-23	7.486597625142087185e-04
1.341287233000000015e+04	5.822984265474695265e-23	7.359895633408797396e-04
1.340833479000000079e+04	5.166817135427898037e-23	7.235256501458089701e-04
1.340380047999999988e+04	4.584337315078133191e-23	7.112648964969160627e-04
1.339926936999999998e+04	4.067296427954118190e-23	6.992040858250699606e-04
1.339474148000000059e+04	3.608371379023156335e-23	6.873401812612100776e-04
1.339021680000000015e+04	3.201052466233375315e-23	6.756701100081621532e-04
1.338569532000000072e+04	2.839556590506426997e-23	6.641908444822303961e-04
1.338117704000000049e+04	2.518747113220453521e-23	6.528994264961918495e-04
1.337666194999999971e+04	2.234060437579125136e-23	6.417929159018089013e-04
1.337215005999999994e+04	1.981444116284026308e-23	6.308684640314170559e-04
1.336764135999999962e+04	1.757297574403682064e-23	6.201232147569706553e-04
1.336313585000000057e+04	1.558423504884605898e-23	6.095543775541255489e-04
1.335863351999999941e+04	1.381981981792017801e-23	5.991591792811331663e-04
1.335413436000000002e+04	1.225451121542546601e-23	5.889348880116872373e-04
1.334963839000000007e+04	1.086592461492655362e-23	5.788788790381053364e-04
1.334514559000000008e+04	9.634171160886370216e-24	5.689884761859400524e-04
1.334065596000000005e+04	8.541598046979842085e-24	5.592610872840334327e-04
1.333616949000000022e+04	7.572530228398832595e-24	5.496941367045253980e-04
1.333168619000000035e+04	6.713055786579476231e-24	5.402851290069905776e-04
1.332720605000000069e+04	5.950820654500849509e-24	5.310315631472273690e-04
1.332272905999999966e+04	5.274858826304451720e-24	5.219309756268955547e-04
1.331825523000000067e+04	4.675439442943680876e-24	5.129809796625935722e-04
1.331378455000000031e+04	4.143922803657159244e-24	5.041791833971299465e-04
1.330931701000000066e+04	3.672641260352958316e-24	4.955232310283183214e-04
1.330485261999999966e+04	3.254791973582893158e-24	4.870108401341141473e-04
1.330039135999999962e+04	2.884335187018128232e-24	4.786397050950342755e-04
1.329593325000000004e+04	2.555914631371581731e-24	4.704076293618096268e-04
1.329147825999999986e+04	2.264773920402668870e-24	4.623123568541858373e-04
1.328702641000000040e+04	2.006696169151468206e-24	4.543517561817874621e-04
1.328257768000000033e+04	1.777937666157939970e-24	4.465236559069970580e-04
1.327813207999999941e+04	1.575178677935216583e-24	4.388259700147149282e-04
1.327368959999999970e+04	1.395473224921600389e-24	4.312566087779290879e-04
1.326925022999999965e+04	1.236208103665521257e-24	4.238135143491509878e-04
1.326481398000000081e+04	1.095066013319040240e-24	4.164946930363416940e-04
1.326038083000000006e+04	9.699906227403011425e-25	4.092981317188323443e-04
1.325595080000000053e+04	8.591592156115688775e-25	4.022219122697699495e-04
1.325152385999999933e+04	7.609540221166857082e-25	3.952640656811281139e-04
1.324710002999999961e+04	6.739414813306489565e-25	3.884227314067472086e-04
1.324267929999999978e+04	5.968496858111947533e-25	3.816960299476545443e-04
1.323826166000000012e+04	5.285508352470081044e-25	3.750821107373732621e-04
1.323384711000000061e+04	4.680450873240197751e-25	3.685791663360153377e-04
1.322943564999999944e+04	4.144459251881978589e-25	3.621854164653481043e-04
1.322502727000000050e+04	3.669672550177705011e-25	3.558990934940728509e-04
1.322062197000000015e+04	3.249122829780661944e-25	3.497184710449494668e-04
1.321621975000000020e+04	2.876632905069881876e-25	3.436418487829374880e-04
1.321182061000000067e+04	2.546726905323479353e-25	3.376675520580288393e-04
1.320742453000000023e+04	2.254549666479594775e-25	3.317939050473088926e-04
1.320303153000000020e+04	1.995800358226956232e-25	3.260193107786666191e-04
1.319864158999999927e+04	1.766664666038134059e-25	3.203421438819884534e-04
1.319425470999999925e+04	1.563763265823261710e-25	3.147608301862036650e-04
1.318987089000000014e+04	1.384101270353399626e-25	3.092738194430286148e-04
1.318549013000000014e+04	1.225024637475652276e-25	3.038795849952157435e-04
1.318111240999999973e+04	1.084180899028722735e-25	2.985765994194488596e-04
1.317673775000000023e+04	9.594868203326230466e-26	2.933634070714068458e-04
1.317236613000000034e+04	8.490953940123599817e-26	2.882385268431845982e-04
1.316799755999999979e+04	7.513709599089240866e-26	2.832005357581323019e-04
1.316363201999999910e+04	6.648637440109103313e-26	2.782479982951888316e-04
1.315926951999999983e+04	5.882899913953313533e-26	2.733795352707918554e-04
1.315491006000000016e+04	5.205122446388017781e-26	2.685937772182824847e-04
1.315055362000000059e+04	4.605226513267161551e-26	2.638893542945021094e-04
1.314620021000000088e+04	4.074289050592912691e-26	2.592649504084796621e-04
1.314184982999999920e+04	3.604405046841765367e-26	2.547192588388087699e-04
1.313750245999999970e+04	3.188571246361644274e-26	2.502509726257670197e-04
1.313315812000000005e+04	2.820588997075233423e-26	2.458588461147883167e-04
1.312881677999999920e+04	2.494964575870589509e-26	2.415416025748173107e-04
1.312447846000000027e+04	2.206836793584641993e-26	2.372980350225216569e-04
1.312014314999999988e+04	1.951898803993909860e-26	2.331269255588666947e-04
1.311581084000000010e+04	1.726337172443912479e-26	2.290270756533607744e-04
1.311148152999999911e+04	1.526775928497956796e-26	2.249973150827995873e-04
1.310715522000000055e+04	1.350225978369321094e-26	2.210364918049433980e-04
1.310283191000000079e+04	1.194040901794138936e-26	2.171434716980780492e-04
1.309851159000000007e+04	1.055877482876592964e-26	2.133171295205349806e-04
1.309419426000000021e+04	9.336617097240543921e-27	2.095563666572720733e-04
1.308987990999999965e+04	8.255573617281416624e-27	2.058600931418718034e-04
1.308556854999999996e+04	7.299395325872467193e-27	2.022272531787388790e-04
1.308126016999999956e+04	6.453694908173370186e-27	1.986567906243829013e-04
1.307695476000000053e+04	5.705738730487029306e-27	1.951476662909693450e-04
1.307265233000000080e+04	5.044260126531333271e-27	1.916988735855928549e-04
1.306835287000000062e+04	4.459284698347849010e-27	1.883094056689222848e-04
1.306405637999999999e+04	3.941986857586222377e-27	1.849782796038561305e-04
1.305976284999999916e+04	3.484555437550734992e-27	1.817045203474197820e-04
1.305547227999999996e+04	3.080079542330439684e-27	1.784871760239822153e-04
1.305118468000000030e+04	2.722444730167523607e-27	1.753253170668629104e-04
1.304690001999999913e+04	2.406237741376032854e-27	1.722179994343102491e-04
1.304261832999999933e+04	2.126673444963667526e-27	1.691643375229399580e-04
1.303833957999999984e+04	1.879514281308148339e-27	1.661634169145144555e-04
1.303406377000000066e+04	1.661013306203408777e-27	1.632143592432786384e-04
1.302979090999999971e+04	1.467856128285909559e-27	1.603163067754326677e-04
1.302552099000000089e+04	1.297109836120935689e-27	1.574684018034386019e-04
1.302125401000000056e+04	1.146180485586268350e-27	1.546698070741881804e-04
1.301698996000000079e+04	1.012773310810381425e-27	1.519196922391892902e-04
1.301272883999999976e+04	8.948589327149728166e-28	1.492172467686292848e-04
1.300847064999999930e+04	7.906424170422653711e-28	1.465616730318002893e-04
1.300421538999999939e+04	6.985362621641225253e-28	1.439521861058551259e-04
1.299996305000000029e+04	6.171363105344230296e-28	1.413880076076859610e-04
1.299571362000000045e+04	5.452008512058334048e-28	1.388683718866564243e-04
1.299146711999999934e+04	4.816322903116756539e-28	1.363925431686283931e-04
1.298722351999999955e+04	4.254593197737662183e-28	1.339597684321447478e-04
1.298298284000000058e+04	3.758237533502748027e-28	1.315693355340555911e-04
1.297874507000000085e+04	3.319664017703312779e-28	1.292205266802939000e-04
1.297451019000000088e+04	2.932159650083957622e-28	1.269126304715100352e-04
1.297027822000000015e+04	2.589792895737266742e-28	1.246449687357995125e-04
1.296604915000000074e+04	2.287317113764243216e-28	1.224168579793195367e-04
1.296182296999999926e+04	2.020094224523347305e-28	1.202276259734114648e-04
1.295759968999999910e+04	1.784025322383054514e-28	1.180766216764195844e-04
1.295337930000000051e+04	1.575485906948140125e-28	1.159631943478981272e-04
1.294916179000000011e+04	1.391272279313300853e-28	1.138867040013804123e-04
1.294494715999999971e+04	1.228553152051741642e-28	1.118465260330546527e-04
1.294073542000000089e+04	1.084826322337815810e-28	1.098420506493459468e-04
1.293652655000000050e+04	9.578792710084789289e-29	1.078726637587423191e-04
1.293232056000000011e+04	8.457575206311831691e-29	1.059377753746054359e-04
1.292811743999999999e+04	7.467332217519907144e-29	1.040367958651922624e-04
1.292391718000000037e+04	6.592794948238989804e-29	1.021691453938238154e-04
1.291971980000000076e+04	5.820476207370731631e-29	1.003342667651028786e-04
1.291552527000000009e+04	5.138448915205735722e-29	9.853159008299487297e-05
1.291133360999999968e+04	4.536182387712419311e-29	9.676057632635640495e-05
1.290714480000000003e+04	4.004365959962808672e-29	9.502067833916486321e-05
1.290295885000000089e+04	3.534777138077108169e-29	9.331137045169965894e-05
1.289877575000000070e+04	3.120148861040528683e-29	9.163212739438131879e-05
1.289459549999999945e+04	2.754061906237123965e-29	8.998243658895049152e-05
1.289041808999999921e+04	2.430844423561367483e-29	8.836178998226503173e-05
1.288624352999999974e+04	2.145487303653297790e-29	8.676969558747892823e-05
1.288207179999999971e+04	1.893563601765039158e-29	8.520565811934653047e-05
1.287790291000000070e+04	1.671164663434254685e-29	8.366920175045611870e-05
1.287373686000000089e+04	1.474837240157750893e-29	8.215985466838366985e-05
1.286957363000000078e+04	1.301530335210573807e-29	8.067714573872791653e-05
1.286541323999999986e+04	1.148550799588739650e-29	7.922062581151216674e-05
1.286125567000000046e+04	1.013518498736267146e-29	7.778983910710999129e-05
1.285710092000000077e+04	8.943320878014073717e-30	7.638434440422583376e-05
1.285294899000000078e+04	7.891357389768029329e-30	7.500370774145420096e-05
1.284879988000000048e+04	6.962905196398839421e-30	7.364750230452420912e-05
1.284465358000000015e+04	6.143489137235794626e-30	7.231530512971296094e-05
1.284051008999999976e+04	5.420329076007177127e-30	7.100670352810239689e-05
1.283636940999999933e+04	4.782139749495995816e-30	6.972129162382120695e-05
1.283223154000000068e+04	4.218956295825152482e-30	6.845867024774864669e-05
1.282809646000000066e+04	3.721977841730294398e-30	6.721844088568391050e-05
1.282396419000000060e+04	3.283438603495218035e-30	6.600022361945737472e-05
1.281983472000000074e+04	2.896478756812862796e-30	6.480363589974812383e-05
1.281570802999999978e+04	2.555041539964648742e-30	6.362829884685380639e-05
1.281158414000000084e+04	2.253783106075923538e-30	6.247385126185193906e-05
1.280746304000000055e+04	1.987983519082079126e-30	6.133992946834455190e-05
1.280334471999999914e+04	1.753476365510428188e-30	6.022617597671927622e-05
1.279922919000000002e+04	1.546584894905259627e-30	5.913224465217298026e-05
1.279511643000000004e+04	1.364062153534299143e-30	5.805778721244069071e-05
1.279100645000000077e+04	1.203043514551293311e-30	5.700246908345047575e-05
1.278689925000000039e+04	1.061000030171462379e-30	5.596595863150089840e-05
1.278279480999999942e+04	9.356990207067835501e-31	5.494792483768270151e-05
1.277869314999999915e+04	8.251711572073374339e-31	5.394805213268846479e-05
1.277459425000000010e+04	7.276772950966102514e-31	5.296602046470846729e-05
1.277049811000000045e+04	6.416831428455917901e-31	5.200152005106267798e-05
1.276640473999999995e+04	5.658348492287631404e-31	5.105424858508240553e-05
1.276231411999999909e+04	4.989371497562982320e-31	5.012390193777038853e-05
1.275822624999999971e+04	4.399356745653561642e-31	4.921018574480829917e-05
1.275414113999999972e+04	3.879001449584016895e-31	4.831281275416015746e-05
1.275005877999999939e+04	3.420094389612785460e-31	4.743149613942463570e-05
1.274597916000000077e+04	3.015390740417879398e-31	4.656595400415627738e-05
1.274190228999999999e+04	2.658500154129133405e-31	4.571591343314691574e-05
1.273782814999999937e+04	2.343781931569627465e-31	4.488109989810122456e-05
1.273375676000000021e+04	2.066262533997198730e-31	4.406125168913789850e-05
1.272968809999999939e+04	1.821551345252980284e-31	4.325610344669944925e-05
1.272562217000000055e+04	1.605776323276749097e-31	4.246539834639769103e-05
1.272155897000000004e+04	1.415521589111616065e-31	4.168888389453580186e-05
1.271749849999999969e+04	1.247773788519075831e-31	4.092631185857229892e-05
1.271344074999999975e+04	1.099874405920066191e-31	4.017743636914332579e-05
1.270938572999999997e+04	9.694790848101778087e-32	3.944201940437680004e-05
1.270533342000000084e+04	8.545190132729228581e-32	3.871982157337459869e-05
1.270128383000000031e+04	7.531703027746721223e-32	3.801061293159907457e-05
1.269723695000000043e+04	6.638237378752191900e-32	3.731416392485168159e-05
1.269319278999999915e+04	5.850604434013603174e-32	3.663025233234599694e-05
1.268915133000000060e+04	5.156284674758706106e-32	3.595865467202546354e-05
1.268511256999999932e+04	4.544240697500713844e-32	3.529915466634857144e-05
1.268107652000000053e+04	4.004739673796847314e-32	3.465154130033733476e-05
1.267704317000000083e+04	3.529195669612928975e-32	3.401560393513242559e-05
1.267301251000000047e+04	3.110037528891274383e-32	3.339113559725732586e-05
1.266898454999999922e+04	2.740590823058878380e-32	3.277793593430140920e-05
1.266495927999999913e+04	2.414968143248440846e-32	3.217580495986273884e-05
1.266093670000000020e+04	2.127979045525298665e-32	3.158454763113021632e-05
1.265691681000000062e+04	1.875046826640636006e-32	3.100397223092406489e-05
1.265289960000000065e+04	1.652135558224307841e-32	3.043388890682735499e-05
1.264888507000000027e+04	1.455687403292131373e-32	2.987411250469275566e-05
1.264487321999999949e+04	1.282565489689235659e-32	2.932446103337104171e-05
1.264086404000000039e+04	1.130003829744701843e-32	2.878475427866346528e-05
1.263685754000000088e+04	9.955646152279625285e-33	2.825481780210019306e-05
1.263285370999999941e+04	8.770979964512251268e-33	2.773447750521367613e-05
1.262885253999999986e+04	7.727088256996585182e-33	2.722356234053892120e-05
1.262485404000000017e+04	6.807269518877375470e-33	2.672190674636459477e-05
1.262085820000000058e+04	5.996796282393805906e-33	2.622934549044737677e-05
1.261686503000000084e+04	5.282690344914707987e-33	2.574571864233844929e-05
1.261287449999999990e+04	4.653505192229814486e-33	2.527086423654184192e-05
1.260888664000000063e+04	4.099160744537894587e-33	2.480463023181498603e-05
1.260490142000000014e+04	3.610763743405087777e-33	2.434686018442247396e-05
1.260091885000000002e+04	3.180481006855077203e-33	2.389740499889857217e-05
1.259693893000000025e+04	2.801407217983468243e-33	2.345611698725655916e-05
1.259296166000000085e+04	2.467456343123897572e-33	2.302285100576779840e-05
1.258898702000000048e+04	2.173263193772064086e-33	2.259746229128892269e-05
1.258501502000000073e+04	1.914101737931774311e-33	2.217981181700577571e-05
1.258104565999999977e+04	1.685806207782118144e-33	2.176976187529311682e-05
1.257707892999999967e+04	1.484705004485077105e-33	2.136717613073773497e-05
1.257311483000000044e+04	1.307563175994895262e-33	2.097192164560128451e-05
1.256915336000000025e+04	1.151530030326814545e-33	2.058386778025039055e-05
1.256519451999999910e+04	1.014093562433883015e-33	2.020288615501063197e-05
1.256123830000000089e+04	8.930399900632098719e-34	1.982884967554166030e-05
1.255728470000000016e+04	7.864190112473901760e-34	1.946163441947927725e-05
1.255333371000000079e+04	6.925119447305636351e-34	1.910111770743762712e-05
1.254938534000000072e+04	6.098049330300887943e-34	1.874718081227528328e-05
1.254543958999999995e+04	5.369639004918139571e-34	1.839970614621437583e-05
1.254149644000000080e+04	4.728131524339122229e-34	1.805857644837212476e-05
1.253755589999999938e+04	4.163173813073388050e-34	1.772367911348748373e-05
1.253361795999999958e+04	3.665641789382744502e-34	1.739490179294246459e-05
1.252968262999999934e+04	3.227499770671136294e-34	1.707213576192162098e-05
1.252574990000000071e+04	2.841666354019227870e-34	1.675527254679200085e-05
1.252181976000000031e+04	2.501903578845850058e-34	1.644420560554572209e-05
1.251789221999999972e+04	2.202718001570929260e-34	1.613883183515710506e-05
1.251396726999999919e+04	1.939268901399329829e-34	1.583904837417568631e-05
1.251004491000000053e+04	1.707292980580311152e-34	1.554475493935364466e-05
1.250612513000000035e+04	1.503034382133891239e-34	1.525585226672467753e-05
1.250220794000000024e+04	1.323185843524187671e-34	1.497224429948809284e-05
