Wavenumber	Minor Gaussian	Major Gaussian
1.999839949999999953e+04	2.027776624086865042e-12	3.240710379115739940e-04
1.998799624000000040e+04	2.486618454525707963e-12	3.384630236188020114e-04
1.997760411999999997e+04	3.046231929830426944e-12	3.534297076216032338e-04
1.996722313999999824e+04	3.728057883737400319e-12	3.689910857478387795e-04
1.995685327999999936e+04	4.557948940785385873e-12	3.851677565636043611e-04
1.994649451000000045e+04	5.567045023558713057e-12	4.019809226936959406e-04
1.993614682000000175e+04	6.792812849506906692e-12	4.194523544490438003e-04
1.992581019999999990e+04	8.280286608334576641e-12	4.376044310239887648e-04
1.991548461999999927e+04	1.008354459195324344e-11	4.564601896010228740e-04
1.990517007000000012e+04	1.226745208364522343e-11	4.760432672084641183e-04
1.989486652999999933e+04	1.490973930734941395e-11	4.963779659146342954e-04
1.988457398000000103e+04	1.810345628866968949e-11	5.174892478643254102e-04
1.987429239999999845e+04	2.195987912335690732e-11	5.394027475746289609e-04
1.986402178999999887e+04	2.661193526715580333e-11	5.621447391302229453e-04
1.985376210999999967e+04	3.221828543998168303e-11	5.857422804523761562e-04
1.984351335000000108e+04	3.896807790782308739e-11	6.102230727298475505e-04
1.983327549999999974e+04	4.708659389734748121e-11	6.356155352330561913e-04
1.982304853000000003e+04	5.684190092209162538e-11	6.619488698554531689e-04
1.981283242999999857e+04	6.855262156770703659e-11	6.892529741977801785e-04
1.980262718999999925e+04	8.259710533589705097e-11	7.175585004827369356e-04
1.979243277999999918e+04	9.942421180406636731e-11	7.468969261740593607e-04
1.978224918999999863e+04	1.195658559529686229e-10	7.773004552370141838e-04
1.977207640000000174e+04	1.436518047495841149e-10	8.088021140386248559e-04
1.976191439000000173e+04	1.724269231942512761e-10	8.414357363032051165e-04
1.975176314999999886e+04	2.067713038470644154e-10	8.752359413297879131e-04
1.974162266000000091e+04	2.477238591873153955e-10	9.102382101192190702e-04
1.973149290000000110e+04	2.965097474687775558e-10	9.464788669204266675e-04
1.972137385999999969e+04	3.545722829290314734e-10	9.839950533495102347e-04
1.971126551000000109e+04	4.236103054784102080e-10	1.022824850634931068e-03
1.970116785000000164e+04	5.056211081849919656e-10	1.063007102355223400e-03
1.969108084999999846e+04	6.029510671750100642e-10	1.104581656355414125e-03
1.968100449999999910e+04	7.183535203567723775e-10	1.147589180405508315e-03
1.967093878000000041e+04	8.550565319125127060e-10	1.192071293403935322e-03
1.966088366999999926e+04	1.016840984364057258e-09	1.238070537311669302e-03
1.965083915999999954e+04	1.208130774434790055e-09	1.285630339841459073e-03
1.964080523000000176e+04	1.434097562068684960e-09	1.334795116435847240e-03
1.963078186999999889e+04	1.700780901507095646e-09	1.385610185731024104e-03
1.962076904999999897e+04	2.015227993330389846e-09	1.438121930939419407e-03
1.961076675999999861e+04	2.385652692119110292e-09	1.492377606956484882e-03
1.960077497999999832e+04	2.821620519818340242e-09	1.548425502991231974e-03
1.959079371000000174e+04	3.334259053843861705e-09	1.606314784302585513e-03
1.958082290999999896e+04	3.936504034089924399e-09	1.666095847310481793e-03
1.957086258000000089e+04	4.643374121674831891e-09	1.727819864312012815e-03
1.956091269000000102e+04	5.472294564057719995e-09	1.791539206957366804e-03
1.955097323999999935e+04	6.443458748307791967e-09	1.857307082295687724e-03
1.954104420000000027e+04	7.580251716017306885e-09	1.925177924951762456e-03
1.953112556000000041e+04	8.909723751666840564e-09	1.995207079039287412e-03
1.952121730000000025e+04	1.046313917469376457e-08	2.067451004968022619e-03
1.951131941000000006e+04	1.227659585348176770e-08	2.141967144817740528e-03
1.950143187000000034e+04	1.439173716814400046e-08	2.218814074500781788e-03
1.949155466000000160e+04	1.685655755378839828e-08	2.298051440471379596e-03
1.948168777000000046e+04	1.972631656754368841e-08	2.379739881401304012e-03
1.947183118000000104e+04	2.306458531661120637e-08	2.463941193715579476e-03
1.946198487999999998e+04	2.694442205041423151e-08	2.550718170496881800e-03
1.945214884000000166e+04	3.144972306882795980e-08	2.640134868841019673e-03
1.944232305999999880e+04	3.667671778782627457e-08	2.732256165947115172e-03
1.943250750999999946e+04	4.273571176841231873e-08	2.827148307954139433e-03
1.942270218999999997e+04	4.975299262431193986e-08	2.924878349790370827e-03
1.941290707000000111e+04	5.787305559075150798e-08	3.025514737601914424e-03
1.940312213999999949e+04	6.726103803577897752e-08	3.129126819533040258e-03
1.939334737999999925e+04	7.810552230331192164e-08	3.235785147540032412e-03
1.938358279000000039e+04	9.062163191688977995e-08	3.345561151891887890e-03
1.937382833000000028e+04	1.050546257076587973e-07	3.458527812377016220e-03
1.936408399999999892e+04	1.216837479744778438e-07	3.574758758253925289e-03
1.935434977000000072e+04	1.408267643628343304e-07	3.694329069601676955e-03
1.934462565000000177e+04	1.628448068756390079e-07	3.817314431106721972e-03
1.933491159999999945e+04	1.881481281128053725e-07	3.943792244260032991e-03
1.932520761000000130e+04	2.172021674767306687e-07	4.073840630812553681e-03
1.931551367000000027e+04	2.505345689005681900e-07	4.207538791626651634e-03
1.930582977000000028e+04	2.887429553330180995e-07	4.344967001709505727e-03
1.929615587999999843e+04	3.325036976365342055e-07	4.486206900701048862e-03
1.928649198999999862e+04	3.825814269179120421e-07	4.631340919561558259e-03
1.927683809000000110e+04	4.398398588038704388e-07	4.780452545406401604e-03
1.926719414999999935e+04	5.052539051372938022e-07	4.933626635796816221e-03
1.925756017000000065e+04	5.799226585920850045e-07	5.090948627541373554e-03
1.924793612999999823e+04	6.650844741494206358e-07	5.252505311029739485e-03
1.923832200999999986e+04	7.621332365582677110e-07	5.418384516556266559e-03
1.922871779999999853e+04	8.726363820424976172e-07	5.588674924771576229e-03
1.921912349000000177e+04	9.983550341399825569e-07	5.763466216121995375e-03
1.920953904999999941e+04	1.141266501627414788e-06	5.942849437813350726e-03
1.919996446999999898e+04	1.303588268633604685e-06	6.126916262675986477e-03
1.919039975000000049e+04	1.487805036290541008e-06	6.315759124897685726e-03
1.918084485000000132e+04	1.696699541852157201e-06	6.509472205531552369e-03
1.917129977000000144e+04	1.933383840637425140e-06	6.708149837908151773e-03
1.916176449000000139e+04	2.201336596628784510e-06	6.911887681714475908e-03
1.915223900000000140e+04	2.504442079062381405e-06	7.120782094952101716e-03
1.914272327999999834e+04	2.847034288367128525e-06	7.334930543764097907e-03
1.913321731999999975e+04	3.233944086488452254e-06	7.554431145208283238e-03
1.912372109999999884e+04	3.670552262772921696e-06	7.779383098136390465e-03
1.911423460999999952e+04	4.162845999246761743e-06	8.009886201026168717e-03
1.910475782999999865e+04	4.717482433808994662e-06	8.246041304808137892e-03
1.909529074000000037e+04	5.341856729723082907e-06	8.487950063541636544e-03
1.908583334000000104e+04	6.044175198630365844e-06	8.735714381690766125e-03
1.907638560000000143e+04	6.833540176744740942e-06	8.989437684076865762e-03
1.906694752000000153e+04	7.720034148156164482e-06	9.249223318974380756e-03
1.905751907999999821e+04	8.714820073575649785e-06	9.515175858858642907e-03
1.904810024999999951e+04	9.830246050674771322e-06	9.787400849720311394e-03
1.903869104000000152e+04	1.107995282750191010e-05	1.006600332173869690e-02
1.902929142000000138e+04	1.247900658855155487e-05	1.035109007327056352e-02
1.901990137999999934e+04	1.404402527806170056e-05	1.064276790047288465e-02
1.901052089999999953e+04	1.579332728379582814e-05	1.094114445964605893e-02
1.900114996999999858e+04	1.774708436493051939e-05	1.124632761501839252e-02
1.899178858000000037e+04	1.992749171921140707e-05	1.155842570607168961e-02
1.898243671000000177e+04	2.235895265840378456e-05	1.187754785951074775e-02
1.897309433999999965e+04	2.506827315921765519e-05	1.220380364212520809e-02
1.896376147000000128e+04	2.808486638251340070e-05	1.253730230423577736e-02
1.895443807000000015e+04	3.144099506238166484e-05	1.287815451078000613e-02
1.894512413000000015e+04	3.517200012414017435e-05	1.322647053895206759e-02
1.893581965000000127e+04	3.931656301312526450e-05	1.358236054422227827e-02
1.892652459000000090e+04	4.391700944780215957e-05	1.394593645587771311e-02
1.891723895999999877e+04	4.901956831506361497e-05	1.431730847410824133e-02
1.890796272999999928e+04	5.467473619111630679e-05	1.469658852946528586e-02
1.889869589999999880e+04	6.093758298515019543e-05	1.508388746422520757e-02
1.888943844000000172e+04	6.786815475155192668e-05	1.547931744501280550e-02
1.888019034000000102e+04	7.553183172763559524e-05	1.588298985397337826e-02
1.887095159000000058e+04	8.399975487893620858e-05	1.629501605415265703e-02
1.886172218000000066e+04	9.334926712226960632e-05	1.671550734532111990e-02
1.885250207999999839e+04	1.036644054091392719e-04	1.714457585960724173e-02
1.884329130000000077e+04	1.150363321307927182e-04	1.758233173393507903e-02
1.883408980000000156e+04	1.275639660925812304e-04	1.802888727750951922e-02
1.882489758000000074e+04	1.413544321198570972e-04	1.848435267249660952e-02
1.881571462999999858e+04	1.565237090137693997e-04	1.894883827759139688e-02
1.880654091999999946e+04	1.731972778937800517e-04	1.942245515225528296e-02
1.879737644999999975e+04	1.915106921337061301e-04	1.990531245304709429e-02
1.878822120999999970e+04	2.116103323949542142e-04	2.039751939647194839e-02
1.877907517000000007e+04	2.336541676501420559e-04	2.089918581578483620e-02
1.876993832000000111e+04	2.578124316462579121e-04	2.141041996038545517e-02
1.876081065999999919e+04	2.842684310391359803e-04	2.193132891082383296e-02
1.875169215999999869e+04	3.132195021794773613e-04	2.246202082035065467e-02
1.874258281999999963e+04	3.448777144831877270e-04	2.300260143804354340e-02
1.873348260999999911e+04	3.794709790870272434e-04	2.355317754850346640e-02
1.872439153000000078e+04	4.172437964167895349e-04	2.411385335747125158e-02
1.871530956000000151e+04	4.584584347701719793e-04	2.468473343407255952e-02
1.870623669000000154e+04	5.033958505744690537e-04	2.526592083525976140e-02
1.869717291000000114e+04	5.523568001132625862e-04	2.585751764964877922e-02
1.868811819000000105e+04	6.056630774203115809e-04	2.645962628402763125e-02
1.867907253000000128e+04	6.636583887036424283e-04	2.707234611379210829e-02
1.867003591999999844e+04	7.267097568329241013e-04	2.769577602495017915e-02
1.866100833000000057e+04	7.952088590689736659e-04	2.833001512850420733e-02
1.865198976000000039e+04	8.695729340167447944e-04	2.897515922292185839e-02
1.864298020000000179e+04	9.502463588846428921e-04	2.963130348357599989e-02
1.863397961999999825e+04	1.037702123584996992e-03	3.029854321724392840e-02
1.862498802000000069e+04	1.132442738607721639e-03	3.097697013091932350e-02
1.861600537999999869e+04	1.235002106485693111e-03	3.166667594825408466e-02
1.860703168999999980e+04	1.345946658218253981e-03	3.236775012095146481e-02
1.859806694000000061e+04	1.465876903241201956e-03	3.308028050514886381e-02
1.858911111000000164e+04	1.595429059403030876e-03	3.380435411829862263e-02
1.858016417999999976e+04	1.735276450173895346e-03	3.454005632068467974e-02
1.857122615999999834e+04	1.886130502720540728e-03	3.528746822837246916e-02
1.856229702000000179e+04	2.048743401980636283e-03	3.604667244553299427e-02
1.855337673999999970e+04	2.223908884353467761e-03	3.681774893017560057e-02
1.854446532999999908e+04	2.412463279505505653e-03	3.760077309462324380e-02
1.853556275000000096e+04	2.615288699096583475e-03	3.839582273397334350e-02
1.852666901000000144e+04	2.833312453119872076e-03	3.920296918096912581e-02
1.851778408000000127e+04	3.067510587818040625e-03	4.002228525017675204e-02
1.850890796000000046e+04	3.318907715716249134e-03	4.085383886345792664e-02
1.850004061999999976e+04	3.588580086080872967e-03	4.169769852606334398e-02
1.849118206999999893e+04	3.877654997380173153e-03	4.255392667428554987e-02
1.848233227999999872e+04	4.187314645909911634e-03	4.342258723205662946e-02
1.847349123999999938e+04	4.518795648435342677e-03	4.430373982979757957e-02
1.846465894000000117e+04	4.873390940047331657e-03	4.519744163651406160e-02
1.845583536000000095e+04	5.252451467707574054e-03	4.610374833866777433e-02
1.844702049999999872e+04	5.657386098200421244e-03	4.702271101107580176e-02
1.843821433999999863e+04	6.089664441356570056e-03	4.795438017067979453e-02
1.842941686000000118e+04	6.550817104669063792e-03	4.889880371443108137e-02
1.842062805999999910e+04	7.042435473114540267e-03	4.985602467222259582e-02
1.841184792000000016e+04	7.566174620868611027e-03	5.082608544779727150e-02
1.840307643000000098e+04	8.123752419648680098e-03	5.180902453782718770e-02
1.839431356999999844e+04	8.716951313059271775e-03	5.280487868998696988e-02
1.838555933999999979e+04	9.347616743592640151e-03	5.381367945031016731e-02
1.837681371999999828e+04	1.001766015252082871e-02	5.483545765853087284e-02
1.836807669000000169e+04	1.072905790168872039e-02	5.587024117345882473e-02
1.835934824999999910e+04	1.148384948008677672e-02	5.691805240748492450e-02
1.835062839000000167e+04	1.228413960917839123e-02	5.797891179126991867e-02
1.834191707999999926e+04	1.313209910458558449e-02	5.905283904792206495e-02
1.833321431999999913e+04	1.402995956707855235e-02	6.013984702335797156e-02
1.832452009000000180e+04	1.498001731879610582e-02	6.123994776450718269e-02
1.831583438999999998e+04	1.598462825040331339e-02	6.235314747853715200e-02
1.830715720000000147e+04	1.704621095269336431e-02	6.347945155073826673e-02
1.829848849999999948e+04	1.816724325989431746e-02	6.461886202060895812e-02
1.828982829000000129e+04	1.935025774727187203e-02	6.577137486269628297e-02
1.828117655000000013e+04	2.059784493297368499e-02	6.693698520396296203e-02
1.827253326999999990e+04	2.191264712952320157e-02	6.811568333327824853e-02
1.826389843000000110e+04	2.329735884086533634e-02	6.930745735806698171e-02
1.825527203999999983e+04	2.475471748421642637e-02	7.051228763028033475e-02
1.824665406000000075e+04	2.628751359271219029e-02	7.173015783484761043e-02
1.823804449999999997e+04	2.789857056915008224e-02	7.296104098857203457e-02
1.822944332999999824e+04	2.959075685272488654e-02	7.420491208447782538e-02
1.822085054999999920e+04	3.136696911560193923e-02	7.546173809365193386e-02
1.821226613999999972e+04	3.323013764127358965e-02	7.673148512446362202e-02
1.820369009000000005e+04	3.518321584679530434e-02	7.801411404680974604e-02
1.819512240000000020e+04	3.722917492316289018e-02	7.930958038218731410e-02
1.818656304000000091e+04	3.937100836257652337e-02	8.061784034213290151e-02
1.817801199999999881e+04	4.161171488216777042e-02	8.193884328428127639e-02
1.816946928000000116e+04	4.395429433448868467e-02	8.327253309445890872e-02
1.816093485000000146e+04	4.640175277180977331e-02	8.461885442609265451e-02
1.815240871999999945e+04	4.895707662064242155e-02	8.597774171078532979e-02
1.814389085999999952e+04	5.162324904320663571e-02	8.734913175957455256e-02
1.813538127000000168e+04	5.440322240605384441e-02	8.873295262995595234e-02
1.812687992999999915e+04	5.729992647230350289e-02	9.012913161964695996e-02
1.811838682999999946e+04	6.031625155176521813e-02	9.153759041437213584e-02
1.810990194999999949e+04	6.345504769369392228e-02	9.295824835975090294e-02
1.810142529999999897e+04	6.671910186456055103e-02	9.439101573723333860e-02
1.809295684999999867e+04	7.011115612561871768e-02	9.583580551520544388e-02
1.808449658999999883e+04	7.363387699895167227e-02	9.729252327933937683e-02
1.807604450999999972e+04	7.728985422888921819e-02	9.876107055960500758e-02
1.806760060000000158e+04	8.108159212507155822e-02	1.002413448262640117e-01
1.805916485000000102e+04	8.501150075628825797e-02	1.017332394875843926e-01
1.805073723999999856e+04	8.908189193233438663e-02	1.032366456808390676e-01
1.804231777000000147e+04	9.329495576493090914e-02	1.047514469292329248e-01
1.803390641999999934e+04	9.765277086934215367e-02	1.062775262801948783e-01
1.802550316999999995e+04	1.021572860609085420e-01	1.078147627872648451e-01
1.801710802999999942e+04	1.068102942606479061e-01	1.093630259603585592e-01
1.800872096999999849e+04	1.116134612505067514e-01	1.109221886165161902e-01
1.800034199000000081e+04	1.165682781272645158e-01	1.124921140174905826e-01
1.799197106999999960e+04	1.216760803315213857e-01	1.140726651390551599e-01
1.798360820999999851e+04	1.269380149145863113e-01	1.156636971902533090e-01
1.797525337999999829e+04	1.323550625639448863e-01	1.172650671047092835e-01
1.796690657999999894e+04	1.379279910256488717e-01	1.188766221424897157e-01
1.795856780000000072e+04	1.436573714234371246e-01	1.204982075047911910e-01
1.795023702000000048e+04	1.495435707706622153e-01	1.221296664244145014e-01
1.794191423999999824e+04	1.555867226512581136e-01	1.237708343196775584e-01
1.793359944000000178e+04	1.617867475280022060e-01	1.254215466516420685e-01
1.792529261000000042e+04	1.681433237908881717e-01	1.270816330679293282e-01
1.791699374000000171e+04	1.746558873972228476e-01	1.287509193819920683e-01
1.790870281999999861e+04	1.813236249060528604e-01	1.304292276026525754e-01
1.790041982999999891e+04	1.881454752389873086e-01	1.321163780085218009e-01
1.789214476999999897e+04	1.951200989197938718e-01	1.338121830762988851e-01
1.788387762999999904e+04	2.022458966085969867e-01	1.355164535950914850e-01
1.787561837999999989e+04	2.095210137559020414e-01	1.372290008438893927e-01
1.786736703000000125e+04	2.169432832401476663e-01	1.389496242000024806e-01
1.785912356000000000e+04	2.245102824021846522e-01	1.406781256633973798e-01
1.785088795000000027e+04	2.322193038651404751e-01	1.424143037298315484e-01
1.784266020999999819e+04	2.400673236359354423e-01	1.441579470578064626e-01
1.783444029999999839e+04	2.480510745014130047e-01	1.459088514335775133e-01
1.782622824000000037e+04	2.561669389500860761e-01	1.476667964798153709e-01
1.781802400000000125e+04	2.644110544991398193e-01	1.494315691069677543e-01
1.780982757000000129e+04	2.727792453949933194e-01	1.512029486573630011e-01
1.780163894000000073e+04	2.812670421776340413e-01	1.529807112060605767e-01
1.779345809999999983e+04	2.898696827070326720e-01	1.547646296138968092e-01
1.778528503999999884e+04	2.985821139174885674e-01	1.565544735820893485e-01
1.777711975000000166e+04	3.073989943110724821e-01	1.583500097083775648e-01
1.776896222000000125e+04	3.163146971991073753e-01	1.601510015446799273e-01
1.776081244000000152e+04	3.253233146982091872e-01	1.619572096562320596e-01
1.775267037999999957e+04	3.344186849387980609e-01	1.637683961391871168e-01
1.774453605999999854e+04	3.435943193086321568e-01	1.655843091065400119e-01
1.773640943999999945e+04	3.528435318574903445e-01	1.674047072399108549e-01
1.772829052999999840e+04	3.621593225392973348e-01	1.692293353184473048e-01
1.772017930999999953e+04	3.715344755188719761e-01	1.710579421665290589e-01
1.771207575999999972e+04	3.809615339264122991e-01	1.728902740327745990e-01
1.770397988999999870e+04	3.904327738316078489e-01	1.747260678437153603e-01
1.769589168000000063e+04	3.999402840262890058e-01	1.765650648411861423e-01
1.768781110999999873e+04	4.094759420461089872e-01	1.784070038976414418e-01
1.767973818000000028e+04	4.190314017201767771e-01	1.802516170103080073e-01
1.767167287999999826e+04	4.285981404913526416e-01	1.820986361993930103e-01
1.766361519000000044e+04	4.381674722176438497e-01	1.839477936093786847e-01
1.765556510999999955e+04	4.477305247902896856e-01	1.857988147019571379e-01
1.764752261999999973e+04	4.572783014544467006e-01	1.876514275117714681e-01
1.763948771000000124e+04	4.668016595503562960e-01	1.895053558367649216e-01
1.763146038000000044e+04	4.762913254929156404e-01	1.913603192972339884e-01
1.762344060000000172e+04	4.857379574246132314e-01	1.932160426624904559e-01
1.761542838000000120e+04	4.951320784156367782e-01	1.950722397483248549e-01
1.760742369999999937e+04	5.044641752696417125e-01	1.969286296883187293e-01
1.759942655000000013e+04	5.137246679668127092e-01	1.987849277633758904e-01
1.759143691000000035e+04	5.229039498467010771e-01	2.006408501211523754e-01
1.758345478999999978e+04	5.319923589632230554e-01	2.024961045667545145e-01
1.757548015999999916e+04	5.409802757044009924e-01	2.043504069112176413e-01
1.756751301999999851e+04	5.498580604863092525e-01	2.062034647906946239e-01
1.755955336000000170e+04	5.586161172068230263e-01	2.080549870487572728e-01
1.755160115999999834e+04	5.672449104650334473e-01	2.099046838253795511e-01
1.754365641999999934e+04	5.757349508438405206e-01	2.117522596654236589e-01
1.753571912000000157e+04	5.840768562191589464e-01	2.135974229097230004e-01
1.752778926000000138e+04	5.922613269268089953e-01	2.154398764821707779e-01
1.751986681999999928e+04	6.002792055576126051e-01	2.172793272763290928e-01
1.751195179999999891e+04	6.081214533364590613e-01	2.191154769517551781e-01
1.750404418000000078e+04	6.157792080143992264e-01	2.209480313099629611e-01
1.749614395000000150e+04	6.232437707823391682e-01	2.227766934190516246e-01
1.748825111000000106e+04	6.305066243178567564e-01	2.246011637166824282e-01
1.748036563999999998e+04	6.375594770938698419e-01	2.264211470374445923e-01
1.747248752999999851e+04	6.443942513050012755e-01	2.282363457601321310e-01
1.746461677000000054e+04	6.510031081752595261e-01	2.300464622145856342e-01
1.745675335999999879e+04	6.573784552625457911e-01	2.318511964798790070e-01
1.744889727000000130e+04	6.635129933480113928e-01	2.336502556509700290e-01
1.744104851000000053e+04	6.693996746216068772e-01	2.354433378767205320e-01
1.743320706000000064e+04	6.750317716775915411e-01	2.372301484934717097e-01
1.742537290999999823e+04	6.804028589275559202e-01	2.390103909502406532e-01
1.741754605000000083e+04	6.855068328491227270e-01	2.407837691920410583e-01
1.740972646000000168e+04	6.903379295775065039e-01	2.425499900054988445e-01
1.740191415000000052e+04	6.948907113899600585e-01	2.443087540813405900e-01
1.739410910000000149e+04	6.991601138810070726e-01	2.460597696573880167e-01
1.738631130000000121e+04	7.031414302063393462e-01	2.478027435660640765e-01
1.737852073999999993e+04	7.068303259328680976e-01	2.495373835862354228e-01
1.737073741000000155e+04	7.102228467076914242e-01	2.512633985324023711e-01
1.736296129999999903e+04	7.133154250788468209e-01	2.529804983434970067e-01
1.735519239999999991e+04	7.161048864524794944e-01	2.546883941712380084e-01
1.734743070000000080e+04	7.185884541738427611e-01	2.563867984680214263e-01
1.733967618999999831e+04	7.207637537222406632e-01	2.580754250742903211e-01
1.733192885000000024e+04	7.226288182202905697e-01	2.597539914663709593e-01
1.732418868999999904e+04	7.241820816067401356e-01	2.614222101870723458e-01
1.731645568999999887e+04	7.254223945900274417e-01	2.630798019316710756e-01
1.730872983999999997e+04	7.263490152252869425e-01	2.647264869548808242e-01
1.730101111999999921e+04	7.269616118255776138e-01	2.663619894397531440e-01
1.729329953999999998e+04	7.272602590202584816e-01	2.679860291181086485e-01
1.728559507999999914e+04	7.272454404667687555e-01	2.695983340670851658e-01
1.727789773000000059e+04	7.269180423524820300e-01	2.711986323025555867e-01
1.727020748000000094e+04	7.262793506230013074e-01	2.727866539853788241e-01
1.726252432000000044e+04	7.253310463791483587e-01	2.743621315015635775e-01
1.725484823999999935e+04	7.240752004584808388e-01	2.759247995415191612e-01
1.724717923000000155e+04	7.225142672227983232e-01	2.774743951783556484e-01
1.723951728000000003e+04	7.206510775752502651e-01	2.790106579452061863e-01
1.723186238999999841e+04	7.184888342526055682e-01	2.805333279304588756e-01
1.722421453000000110e+04	7.160310916879080168e-01	2.820421537937536360e-01
1.721657371000000057e+04	7.132817676210474467e-01	2.835368789569519543e-01
1.720893991000000096e+04	7.102451117871568798e-01	2.850172555278733255e-01
1.720131312999999864e+04	7.069257125120040897e-01	2.864830345509715714e-01
1.719369335000000137e+04	7.033284698079692587e-01	2.879339738342168165e-01
1.718608055999999851e+04	6.994585959485054572e-01	2.893698322089384156e-01
1.717847475000000122e+04	6.953215996046894221e-01	2.907903715459891902e-01
1.717087591999999859e+04	6.909232792506634357e-01	2.921953549834310215e-01
1.716328406000000177e+04	6.862696992599479628e-01	2.935845507291002243e-01
1.715569915000000037e+04	6.813671747780980503e-01	2.949577320305293848e-01
1.714812117999999828e+04	6.762222702480430447e-01	2.963146735771805540e-01
1.714055015999999887e+04	6.708417942355588970e-01	2.976551498999933654e-01
1.713298605999999927e+04	6.652327427042376007e-01	2.989789460765497897e-01
1.712542886999999973e+04	6.594023254933109035e-01	3.002858470651752487e-01
1.711787859000000026e+04	6.533579464001423309e-01	3.015756396662320760e-01
1.711033522000000085e+04	6.471071811669181217e-01	3.028481143622788196e-01
1.710279872999999861e+04	6.406577362217950045e-01	3.041030703387114231e-01
1.709526912000000084e+04	6.340174832391779480e-01	3.053403054154201768e-01
1.708774638000000050e+04	6.271944110495132341e-01	3.065596228679697832e-01
1.708023050000000148e+04	6.201966185705432011e-01	3.077608297803816062e-01
1.707272147000000041e+04	6.130322996265573643e-01	3.089437370940382732e-01
1.706521928000000116e+04	6.057097278403619223e-01	3.101081596550565034e-01
1.705772393000000011e+04	5.982372517043446081e-01	3.112539147433448505e-01
1.705023540000000139e+04	5.906232498992403102e-01	3.123808267150454121e-01
1.704275368000000162e+04	5.828761460240307057e-01	3.134887224000975636e-01
1.703527877000000080e+04	5.750043950913321655e-01	3.145774312629036062e-01
1.702781064999999944e+04	5.670164377749019602e-01	3.156467898240222225e-01
1.702034932000000117e+04	5.589207285532090674e-01	3.166966358727990039e-01
1.701289476999999897e+04	5.507256903577200102e-01	3.177268128613680576e-01
1.700544699000000037e+04	5.424397116903316718e-01	3.187371684706573616e-01
1.699800595999999859e+04	5.340711223451314327e-01	3.197275559615649354e-01
1.699057168000000092e+04	5.256282145108435166e-01	3.206978302001855519e-01
1.698314414000000033e+04	5.171191971116474440e-01	3.216478517450849228e-01
1.697572333000000071e+04	5.085521950869208441e-01	3.225774855061783186e-01
1.696830924999999843e+04	4.999352497049593946e-01	3.234865995584280673e-01
1.696090188000000126e+04	4.912762728240452903e-01	3.243750688590472109e-01
1.695350120999999854e+04	4.825830711666895256e-01	3.252427715253721763e-01
1.694610723000000144e+04	4.738633248810122933e-01	3.260895901224137861e-01
1.693871993999999904e+04	4.651245899434587883e-01	3.269154105787120956e-01
1.693133932999999888e+04	4.563742655983956120e-01	3.277201244959812021e-01
1.692396538000000146e+04	4.476195857793976440e-01	3.285036290283453453e-01
1.691659809999999925e+04	4.388676587165832865e-01	3.292658226749797246e-01
1.690923746000000028e+04	4.301253764397693358e-01	3.300066126612126727e-01
1.690188346000000092e+04	4.213994910674501160e-01	3.307259076384798657e-01
1.689453609000000142e+04	4.126965609696225390e-01	3.314236218608680451e-01
1.688719535000000178e+04	4.040229686593792557e-01	3.320996732384516870e-01
1.687986121999999887e+04	3.953848800602724478e-01	3.327539861216719519e-01
1.687253369000000021e+04	3.867882753174698984e-01	3.333864884717713806e-01
1.686521275999999853e+04	3.782389443859215383e-01	3.339971120088690015e-01
1.685789842000000135e+04	3.697424598517956018e-01	3.345857939409301318e-01
1.685059064999999828e+04	3.613041740492937692e-01	3.351524768183454239e-01
1.684328945999999996e+04	3.529292625127923300e-01	3.356971054603516413e-01
1.683599481999999989e+04	3.446226411675512580e-01	3.362196323066898862e-01
1.682870673000000170e+04	3.363890451236219437e-01	3.367200121180395356e-01
1.682142519000000175e+04	3.282329926445790580e-01	3.371982043419022301e-01
1.681415018000000055e+04	3.201587622410274059e-01	3.376541743298481779e-01
1.680688168999999834e+04	3.121704262225824533e-01	3.380878912836857153e-01
1.679961972999999853e+04	3.042718611205634804e-01	3.384993278436778108e-01
1.679236426999999821e+04	2.964666828447078406e-01	3.388884635065794737e-01
1.678511530000000130e+04	2.887583134901798854e-01	3.392552810618957304e-01
1.677787283000000025e+04	2.811499814711957979e-01	3.395997668797887115e-01
1.677063683999999921e+04	2.736446703680736614e-01	3.399219133494617573e-01
1.676340731999999844e+04	2.662451636705874258e-01	3.402217168070201248e-01
1.675618426000000181e+04	2.589540365001534172e-01	3.404991780376161459e-01
1.674896765999999843e+04	2.517736682273650772e-01	3.407543019168177145e-01
1.674175750999999946e+04	2.447062253172598845e-01	3.409870981572248883e-01
1.673455380000000150e+04	2.377536749692384932e-01	3.411975808553142087e-01
1.672735651000000144e+04	2.309177793014960123e-01	3.413857687130096852e-01
1.672016563999999926e+04	2.242001277818382876e-01	3.415516842120416841e-01
1.671298118999999861e+04	2.176021215374758788e-01	3.416953542634939001e-01
1.670580313999999998e+04	2.111249597521860644e-01	3.418168104871909807e-01
1.669863148999999976e+04	2.047696808990533690e-01	3.419160883821754648e-01
1.669146621999999843e+04	1.985371313323428533e-01	3.419932279726183300e-01
1.668430732999999964e+04	1.924280055747535356e-01	3.420482732220146982e-01
1.667715481000000000e+04	1.864428248010449873e-01	3.420812723997914140e-01
1.667000864999999976e+04	1.805819508988869004e-01	3.420922778930384767e-01
1.666286883999999918e+04	1.748455916980556635e-01	3.420813461709250047e-01
1.665573537999999826e+04	1.692338140776202537e-01	3.420485378093287565e-01
1.664860825000000114e+04	1.637465256848490980e-01	3.419939173303376823e-01
1.664148745000000054e+04	1.583835118700739064e-01	3.419175533472741391e-01
1.663437297000000035e+04	1.531444176872186202e-01	3.418195183713872431e-01
1.662726480000000083e+04	1.480287613963324200e-01	3.416998888015651548e-01
1.662016292999999860e+04	1.430359400357816002e-01	3.415587448824010663e-01
1.661306735000000117e+04	1.381652350012957386e-01	3.413961706612965719e-01
1.660597806000000128e+04	1.334158242361911106e-01	3.412122542191881602e-01
1.659889504999999917e+04	1.287867740613153622e-01	3.410070871672588044e-01
1.659181829999999900e+04	1.242770455229710302e-01	3.407807644499245003e-01
1.658474782000000050e+04	1.198855252048666165e-01	3.405333856077110144e-01
1.657768359000000055e+04	1.156109924274284356e-01	3.402650528108608907e-01
1.657062559999999939e+04	1.114521502706226075e-01	3.399758720603473505e-01
1.656357384000000093e+04	1.074076244200571489e-01	3.396659528341521850e-01
1.655652832000000126e+04	1.034759793937235078e-01	3.393354090054412353e-01
1.654948901000000114e+04	9.965569004441600376e-02	3.389843560063683370e-01
1.654245591000000059e+04	9.594518604756616109e-02	3.386129139867800064e-01
1.653542901999999958e+04	9.234283941401194573e-02	3.382212064872904267e-01
1.652840831999999864e+04	8.884695952328212909e-02	3.378093591831537457e-01
1.652139381000000139e+04	8.545581834559158596e-02	3.373775020605529473e-01
1.651438547000000108e+04	8.216763511004901432e-02	3.369257670166509455e-01
1.650738331000000107e+04	7.898060459596026317e-02	3.364542909552423189e-01
1.650038729999999850e+04	7.589286897747155036e-02	3.359632111480028160e-01
1.649339745000000039e+04	7.290255845139125002e-02	3.354526705650197616e-01
1.648641374999999971e+04	7.000776814521569857e-02	3.349228137496351176e-01
1.647943618000000060e+04	6.720656734065154347e-02	3.343737872791066046e-01
1.647246473999999944e+04	6.449701536811026925e-02	3.338057420545483822e-01
1.646549942000000010e+04	6.187715289035385091e-02	3.332188309531447512e-01
1.645854021999999895e+04	5.934501319687017495e-02	3.326132103990698252e-01
1.645158712000000014e+04	5.689861459319277975e-02	3.319890377081796129e-01
1.644464012000000002e+04	5.453597817776491968e-02	3.313464745102039366e-01
1.643769919999999911e+04	5.225511683414505587e-02	3.306856830997326191e-01
1.643076437000000078e+04	5.005405488749289228e-02	3.300068310689051043e-01
1.642383560999999827e+04	4.793081117635610011e-02	3.293100855357377066e-01
1.641691291999999885e+04	4.588341785574562293e-02	3.285956179111523268e-01
1.640999628999999914e+04	4.390991343631622107e-02	3.278636008888230480e-01
1.640308569999999963e+04	4.200834567358153332e-02	3.271142082534105877e-01
1.639618115000000034e+04	4.017678209230272912e-02	3.263476180611570854e-01
1.638928264000000127e+04	3.841330608019009885e-02	3.255640105398896478e-01
1.638239016000000083e+04	3.671601645280146015e-02	3.247635668525999386e-01
1.637550368999999955e+04	3.508302975385301642e-02	3.239464689094153083e-01
1.636862322999999924e+04	3.351248910680402343e-02	3.231129028545922099e-01
1.636174877000000015e+04	3.200255845054644083e-02	3.222630555089991411e-01
1.635488031000000046e+04	3.055142857101287787e-02	3.213971167312053012e-01
1.634801783000000069e+04	2.915731205859512301e-02	3.205152755865338654e-01
1.634116133000000082e+04	2.781845298232014235e-02	3.196177253290445330e-01
1.633431079999999929e+04	2.653312170305956522e-02	3.187046595462645349e-01
1.632746623999999974e+04	2.529961979155703061e-02	3.177762747154619927e-01
1.632062763000000086e+04	2.411627548319678419e-02	3.168327660855276284e-01
1.631379497000000083e+04	2.298145168498005181e-02	3.158743330418131712e-01
1.630696824999999990e+04	2.189354130553056166e-02	3.149011749648426006e-01
1.630014745000000039e+04	2.085096820011073451e-02	3.139134910559125413e-01
1.629333258999999998e+04	1.985219516773352455e-02	3.129114875736012658e-01
1.628652363999999943e+04	1.889571078748013624e-02	3.118953646853021011e-01
1.627972060000000056e+04	1.798004180870526811e-02	3.108653280586526901e-01
1.627292345000000023e+04	1.710374623510294706e-02	3.098215813970165988e-01
1.626613220999999976e+04	1.626542132307516250e-02	3.087643355710946169e-01
1.625934684999999990e+04	1.546369224651344097e-02	3.076937946864186091e-01
1.625256735999999910e+04	1.469722120154837337e-02	3.066101667641691342e-01
1.624579375000000073e+04	1.396470688118364549e-02	3.055136638914244251e-01
1.623902599999999984e+04	1.326487889049150250e-02	3.044044941191286768e-01
1.623226410000000033e+04	1.259650219618991922e-02	3.032828677781965743e-01
1.622550806000000011e+04	1.195837764316478972e-02	3.021489992106435318e-01
1.621875784999999996e+04	1.134933602693147248e-02	3.010030966618323922e-01
1.621201346999999987e+04	1.076824454650421141e-02	2.998453739236570659e-01
1.620527492999999959e+04	1.021400427947842006e-02	2.986760470741014473e-01
1.619854219000000012e+04	9.685545062386956977e-03	2.974953239337519983e-01
1.619181526999999915e+04	9.181834060310247944e-03	2.963034231445533240e-01
1.618509415000000081e+04	8.701867310953806389e-03	2.951005566702016303e-01
1.617837881999999991e+04	8.244673289883815842e-03	2.938869384651510153e-01
1.617166928999999982e+04	7.809312893887830620e-03	2.926627863429362431e-01
1.616496552999999949e+04	7.394875015916769177e-03	2.914283109925745463e-01
1.615826754000000074e+04	7.000480639463924418e-03	2.901837286546309902e-01
1.615157531999999992e+04	6.625280211373317171e-03	2.889292556711212656e-01
1.614488885999999911e+04	6.268452567165951235e-03	2.876651065329200452e-01
1.613820815000000039e+04	5.929204982245202260e-03	2.863914956622571895e-01
1.613153318000000036e+04	5.606772576319877556e-03	2.851086373627563231e-01
1.612486393999999927e+04	5.300417706410777072e-03	2.838167457700619956e-01
1.611820044000000053e+04	5.009430201750285361e-03	2.825160387217361402e-01
1.611154264999999941e+04	4.733124100769272279e-03	2.812067260108544464e-01
1.610489057999999932e+04	4.470840518842112733e-03	2.798890249529661367e-01
1.609824421000000075e+04	4.221944054016419853e-03	2.785631466096342712e-01
1.609160354999999981e+04	3.985824523070853782e-03	2.772293076249314758e-01
1.608496857000000091e+04	3.761893748322767562e-03	2.758877161813820811e-01
1.607833928000000014e+04	3.549587767387441233e-03	2.745385880223158437e-01
1.607171565999999984e+04	3.348363787861014310e-03	2.731821322871427205e-01
1.606509771000000001e+04	3.157701200191751368e-03	2.718185616091796653e-01
1.605848543000000063e+04	2.977100261347556762e-03	2.704480880389610320e-01
1.605187880000000041e+04	2.806080971535833846e-03	2.690709188181649170e-01
1.604527781999999934e+04	2.644183547397138939e-03	2.676872646277632661e-01
1.603868247999999949e+04	2.490966996678101435e-03	2.662973333226766326e-01
1.603209276999999929e+04	2.346008791620859697e-03	2.649013319581043913e-01
1.602550869000000057e+04	2.208904472543595215e-03	2.634994688844277677e-01
1.601893022000000019e+04	2.079266428194803153e-03	2.620919473256375642e-01
1.601235736999999972e+04	1.956724330407240593e-03	2.606789760118997656e-01
1.600579011999999966e+04	1.840923381440326542e-03	2.592607563041983143e-01
1.599922847000000002e+04	1.731524714158674816e-03	2.578374928796939303e-01
1.599267240999999922e+04	1.628204288782339471e-03	2.564093872411689068e-01
1.598612194000000090e+04	1.530652690439915711e-03	2.549766420181489579e-01
1.597957703000000038e+04	1.438574014902871444e-03	2.535394521744875340e-01
1.597303770000000077e+04	1.351686504148592611e-03	2.520980225151865373e-01
1.596650393000000076e+04	1.269720757439629687e-03	2.506525479110051080e-01
1.595997572000000036e+04	1.192420078553432447e-03	2.492032264481743586e-01
1.595345305000000008e+04	1.119539493915679097e-03	2.477502505483250295e-01
1.594693591999999990e+04	1.050845760365826630e-03	2.462938158174237668e-01
1.594042432000000008e+04	9.861165597316943598e-04	2.448341143511745810e-01
1.593391826000000037e+04	9.251403609474693644e-04	2.433713414250956997e-01
1.592741770999999972e+04	8.677154240683898016e-04	2.419056819815525172e-01
1.592092266999999993e+04	8.136500539151383764e-04	2.404373263235922431e-01
1.591443313999999918e+04	7.627618916976388339e-04	2.389664633702368868e-01
1.590794909999999982e+04	7.148773825342348044e-04	2.374932760780433250e-01
1.590147055999999975e+04	6.698317775779505595e-04	2.360179527607527139e-01
1.589499750999999924e+04	6.274683873123921771e-04	2.345406757165409972e-01
1.588852993000000060e+04	5.876383278784673512e-04	2.330616234422119293e-01
1.588206782000000021e+04	5.502003637323570973e-04	2.315809774687170308e-01
1.587561117000000013e+04	5.150203818150968314e-04	2.300989154891145971e-01
1.586915998000000036e+04	4.819711883262094284e-04	2.286156159176057912e-01
1.586271423999999934e+04	4.509320914404094690e-04	2.271312532765933367e-01
1.585627393999999913e+04	4.217886630736892521e-04	2.256460004654350648e-01
1.584983907999999974e+04	3.944324930345552470e-04	2.241600310514906824e-01
1.584340964999999960e+04	3.687608227470692986e-04	2.226735146378206465e-01
1.583698564000000079e+04	3.446763289206998993e-04	2.211866191460997444e-01
1.583056704999999965e+04	3.220869018566379998e-04	2.196995131170607352e-01
1.582415386000000035e+04	3.009052931536364771e-04	2.182123587437297951e-01
1.581774608000000080e+04	2.810490506494821251e-04	2.167253234437268861e-01
1.581134368999999970e+04	2.624400937139314866e-04	2.152385659301282173e-01
1.580494669000000067e+04	2.450046562359351138e-04	2.137522477946847133e-01
1.579855507000000034e+04	2.286729862170370402e-04	2.122665265305787308e-01
1.579216883000000053e+04	2.133792009745881047e-04	2.107815601645435799e-01
1.578578794999999991e+04	1.990610231438855410e-04	2.092975002683859498e-01
1.577941243000000031e+04	1.856596932948848184e-04	2.078145012475370590e-01
1.577304226999999992e+04	1.731197425712574750e-04	2.063327156793563766e-01
1.576667746000000079e+04	1.613888078309895144e-04	2.048522919743900050e-01
1.576031797999999981e+04	1.504174776423015990e-04	2.033733743667798244e-01
1.575396384000000035e+04	1.401592067634087465e-04	2.018961122067506608e-01
1.574761503000000084e+04	1.305700809124915422e-04	2.004206483219274082e-01
1.574127153999999973e+04	1.216087150532346733e-04	1.989471236615350247e-01
1.573493336000000090e+04	1.132361200184182161e-04	1.974756772890599033e-01
1.572860049000000072e+04	1.054155872629460966e-04	1.960064486946794526e-01
1.572227291999999943e+04	9.811254142268406901e-05	1.945395731451961541e-01
1.571595065000000068e+04	9.129444982364396061e-05	1.930751863172107674e-01
1.570963365999999951e+04	8.493067984182050883e-05	1.916134173421063513e-01
1.570332194999999956e+04	7.899243743615914578e-05	1.901543980662157574e-01
1.569701552000000083e+04	7.345264409646973681e-05	1.886982584066907165e-01
1.569071435000000019e+04	6.828582665829083904e-05	1.872451217370065812e-01
1.568441844999999921e+04	6.346806984455105084e-05	1.857951164213610395e-01
1.567812780000000021e+04	5.897688152559087159e-05	1.843483619755833802e-01
1.567184238999999980e+04	5.479114476414084442e-05	1.829049782933589996e-01
1.566556222999999954e+04	5.089104414592292438e-05	1.814650879195267852e-01
1.565928730999999971e+04	4.725796612633938984e-05	1.800288068626533233e-01
1.565301761000000079e+04	4.387443910282572178e-05	1.785962469154804555e-01
1.564675312999999915e+04	4.072408385719394647e-05	1.771675225127681552e-01
1.564049387000000024e+04	3.779153850769509875e-05	1.757427461414436676e-01
1.563423982000000069e+04	3.506239536629955178e-05	1.743220260712028680e-01
1.562799097000000074e+04	3.252315048540104344e-05	1.729054686437568322e-01
1.562174731000000065e+04	3.016115060801179804e-05	1.714931782756199119e-01
1.561550885000000017e+04	2.796454976204404018e-05	1.700852619697975632e-01
1.560927556000000004e+04	2.592224045917566964e-05	1.686818157727076883e-01
1.560304745999999977e+04	2.402383997978675611e-05	1.672829450755223823e-01
1.559682452000000012e+04	2.225961514983691353e-05	1.658887421036598919e-01
1.559060675000000083e+04	2.062047033981981466e-05	1.644993061490647446e-01
1.558439413000000059e+04	1.909788920331438437e-05	1.631147278787702937e-01
1.557818666999999914e+04	1.768391484542229395e-05	1.617351027472460623e-01
1.557198435000000063e+04	1.637110138320120112e-05	1.603605176306701074e-01
1.556578715999999986e+04	1.515249207704381885e-05	1.589910597545391990e-01
1.555959511000000020e+04	1.402159028084058283e-05	1.576268188689830541e-01
1.555340818000000036e+04	1.297232170804063964e-05	1.562678762229808282e-01
1.554722637000000032e+04	1.199901727087192215e-05	1.549143156043260861e-01
1.554104968000000008e+04	1.109638395425433964e-05	1.535662189204808625e-01
1.553487809000000016e+04	1.025947861218077092e-05	1.522236618624446258e-01
1.552871160000000054e+04	9.483691544651103391e-06	1.508867226438053988e-01
1.552255019999999968e+04	8.764721207928768742e-06	1.495554754658964258e-01
1.551639388999999937e+04	8.098557042530072877e-06	1.482299948629570152e-01
1.551024265999999989e+04	7.481458608242439522e-06	1.469103513905687663e-01
1.550409650999999940e+04	6.909940339972442540e-06	1.455966159414647521e-01
1.549795542000000023e+04	6.380752338141491423e-06	1.442888533397224948e-01
1.549181940000000031e+04	5.890869466854041923e-06	1.429871330189493583e-01
1.548568843000000015e+04	5.437471725796600455e-06	1.416915162563906483e-01
1.547956250999999975e+04	5.017934838870445164e-06	1.404020668115985027e-01
1.547344163999999910e+04	4.629815761011954193e-06	1.391188466702246718e-01
1.546732580000000053e+04	4.270839628491421424e-06	1.378419118879943284e-01
1.546121499000000040e+04	3.938891087393900027e-06	1.365713209888901603e-01
1.545510921000000053e+04	3.632002388686365936e-06	1.353071307587100092e-01
1.544900844999999936e+04	3.348343114613862668e-06	1.340493941999586491e-01
1.544291268999999920e+04	3.086211137701529463e-06	1.327981605892964989e-01
1.543682194999999956e+04	2.844026035581432532e-06	1.315534857316440487e-01
1.543073619999999937e+04	2.620317208624354217e-06	1.303154135226616828e-01
1.542465545000000020e+04	2.413719970096193390e-06	1.290839943767971565e-01
1.541857969000000048e+04	2.222966100629453894e-06	1.278592729890005997e-01
1.541250890000000072e+04	2.046877754936794539e-06	1.266412904438356246e-01
1.540644310000000041e+04	1.884362644403763800e-06	1.254300942378292483e-01
1.540038226000000031e+04	1.734405681130826813e-06	1.242257202611279227e-01
1.539432638000000043e+04	1.596065807898354893e-06	1.230282088340822200e-01
1.538827547000000050e+04	1.468470239714964563e-06	1.218376006511857346e-01
1.538222949999999946e+04	1.350808727583152801e-06	1.206539269819383448e-01
1.537618848000000071e+04	1.242330827139459809e-06	1.194772254271754403e-01
1.537015240000000085e+04	1.142340524015721030e-06	1.183075281383547256e-01
1.536412125000000015e+04	1.050192817489407177e-06	1.171448657784492087e-01
1.535809503000000041e+04	9.652902590464263223e-07	1.159892694503662780e-01
1.535207373000000007e+04	8.870792956535201277e-07	1.148407668571936185e-01
1.534605733999999939e+04	8.150473137521456990e-07	1.136993842612129546e-01
1.534004586000000018e+04	7.487198290282125089e-07	1.125651483817489557e-01
1.533403929000000062e+04	6.876576297617346450e-07	1.114380844882217197e-01
1.532803760999999940e+04	6.314540719468034266e-07	1.103182126946653102e-01
1.532204082000000017e+04	5.797331290104669304e-07	1.092055554816923763e-01
1.531604891999999927e+04	5.321469722620536617e-07	1.081001339286574436e-01
1.531006189000000086e+04	4.883737919445092464e-07	1.070019640720112630e-01
1.530407973999999922e+04	4.481162782660868936e-07	1.059110661196480396e-01
1.529810246000000006e+04	4.110994728685299145e-07	1.048274552697235212e-01
1.529213004000000001e+04	3.770692878274641389e-07	1.037511454278755713e-01
1.528616246999999930e+04	3.457909747990712030e-07	1.026821492241982159e-01
1.528019974999999977e+04	3.170477482711521675e-07	1.016204798053340075e-01
1.527424187999999958e+04	2.906394021394417552e-07	1.005661490328867425e-01
1.526828883999999925e+04	2.663810060534983661e-07	9.951916399359296561e-02
1.526234064000000035e+04	2.441019780192631147e-07	9.847953583725314874e-02
1.525639725999999973e+04	2.236447804965914729e-07	9.744726924138730206e-02
1.525045869999999923e+04	2.048641331263489997e-07	9.642237119461788408e-02
1.524452495000000090e+04	1.876259892320666212e-07	9.540484577585750525e-02
1.523859600999999930e+04	1.718067532007835239e-07	9.439469762298180466e-02
1.523267187999999987e+04	1.572924607119304817e-07	9.339193020742883600e-02
1.522675253999999950e+04	1.439780086084663789e-07	9.239654249908209327e-02
1.522083798999999999e+04	1.317665775491782769e-07	9.140853575411631016e-02
1.521492822999999953e+04	1.205689516538519761e-07	9.042791011336297202e-02
1.520902324000000044e+04	1.103029062636093139e-07	8.945466133406700104e-02
1.520312303000000065e+04	1.008927616477190890e-07	8.848878907570024988e-02
1.519722759000000042e+04	9.226879489710876523e-08	8.753028864817805066e-02
1.519133690999999999e+04	8.436681830702620811e-08	8.657915435871411935e-02
1.518545097999999962e+04	7.712775251126472064e-08	8.563537952882628590e-02
1.517956981000000087e+04	7.049725304161438837e-08	8.469895968454516089e-02
1.517369338000000062e+04	6.442528640721613324e-08	8.376988458409562188e-02
1.516782167999999911e+04	5.886584220073902813e-08	8.284814465973364128e-02
1.516195471999999972e+04	5.377662421819909352e-08	8.193373253143350354e-02
1.515609249000000091e+04	4.911872404367634337e-08	8.102663674441092090e-02
1.515023497999999927e+04	4.485637538705318611e-08	8.012684495906929882e-02
1.514438219000000026e+04	4.095671351943605811e-08	7.923434548692136203e-02
1.513853410000000076e+04	3.738952695381391131e-08	7.834912272678802581e-02
1.513269072000000051e+04	3.412707884595928354e-08	7.747116477779986132e-02
1.512685203999999976e+04	3.114388077419702645e-08	7.660045585930032319e-02
1.512101806000000033e+04	2.841653147400008893e-08	7.573698086268643159e-02
1.511518875999999909e+04	2.592353685801901956e-08	7.488072092181800865e-02
1.510936413999999968e+04	2.364517579613087006e-08	7.403165934948850724e-02
1.510354420000000027e+04	2.156334862746357875e-08	7.318977865981181330e-02
1.509772892999999931e+04	1.966144414483771631e-08	7.235505915447416891e-02
1.509191832000000068e+04	1.792422400740316143e-08	7.152748041307041560e-02
1.508611238000000048e+04	1.633771729148090459e-08	7.070702412400285686e-02
1.508031107999999949e+04	1.488910192483942604e-08	6.989366561027977875e-02
1.507451444000000083e+04	1.356663483054693402e-08	6.908738653559477749e-02
1.506872243999999955e+04	1.235954233354017621e-08	6.828816227381746817e-02
1.506293506999999954e+04	1.125795345553717168e-08	6.749596896219864361e-02
1.505715234000000055e+04	1.025282718252466679e-08	6.671078481360180612e-02
1.505137422999999944e+04	9.335875833015683439e-09	6.593258331512615034e-02
1.504560074999999961e+04	8.499513366630778455e-09	6.516134139012934312e-02
1.503983187999999973e+04	7.736788607006081325e-09	6.439703133226218346e-02
1.503406761000000006e+04	7.041339036106985982e-09	6.363962621840170419e-02
1.502830796000000009e+04	6.407343827485299618e-09	6.288910246384402103e-02
1.502255290000000059e+04	5.829470232272879865e-09	6.214542937975040676e-02
1.501680242999999973e+04	5.302841956799902397e-09	6.140857966659404171e-02
1.501105654999999933e+04	4.822997796739778162e-09	6.067852547041140826e-02
1.500531524999999965e+04	4.385856372345070014e-09	5.995523714277482125e-02
1.499957853000000068e+04	3.987686038016491251e-09	5.923868579608135287e-02
1.499384638000000086e+04	3.625074169185455336e-09	5.852884079790057065e-02
1.498811880000000019e+04	3.294901755677396326e-09	5.782567228298673978e-02
1.498239578000000074e+04	2.994317520978408844e-09	5.712914869024318665e-02
1.497667730999999912e+04	2.720716032942282665e-09	5.643923803054878841e-02
1.497096339000000080e+04	2.471717364400235707e-09	5.575590909065410855e-02
1.496525401000000056e+04	2.245147106890162370e-09	5.507912903352252254e-02
1.495954917000000023e+04	2.039019793040363916e-09	5.440886580334827749e-02
1.495384886999999981e+04	1.851522403791903846e-09	5.374508692703030416e-02
1.494815308999999979e+04	1.680999131117288092e-09	5.308775722950918180e-02
1.494246183000000019e+04	1.525939226409722525e-09	5.243684350425389246e-02
1.493677510000000075e+04	1.384964156296467826e-09	5.179231329405017958e-02
1.493109287000000040e+04	1.256815125746149075e-09	5.115412926242446368e-02
1.492541515000000072e+04	1.140344700354813812e-09	5.052225827308788608e-02
1.491974193000000014e+04	1.034505848776885146e-09	4.989666461197736491e-02
1.491407320000000072e+04	9.383437608106681099e-10	4.927731227614411125e-02
1.490840897000000041e+04	8.509881741916448935e-10	4.866416714031380347e-02
1.490274921999999970e+04	7.716452793677317630e-10	4.805719153100292129e-02
1.489709395000000040e+04	6.995918581637787476e-10	4.745634967571869811e-02
1.489144314999999915e+04	6.341687206242984150e-10	4.686160447181790534e-02
1.488579682999999932e+04	5.747754769669634899e-10	4.627292066040439994e-02
1.488015495999999985e+04	5.208647862664071213e-10	4.569025857193883405e-02
1.487451756000000023e+04	4.719386081698324310e-10	4.511358349604670942e-02
1.486888460999999916e+04	4.275430451202373948e-10	4.454285637294735922e-02
1.486325610000000052e+04	3.872649337151258541e-10	4.397803899221111590e-02
1.485763204000000042e+04	3.507282948933655540e-10	4.341909494345492365e-02
1.485201240999999936e+04	3.175907307564005060e-10	4.286598463343800625e-02
1.484639722000000074e+04	2.875408355172169282e-10	4.231867125955017517e-02
1.484078644999999960e+04	2.602951166859626002e-10	4.177711491424741796e-02
1.483518010999999933e+04	2.355958308186288860e-10	4.124127844338949106e-02
1.482957818000000043e+04	2.132084194983603747e-10	4.071112166460414544e-02
1.482398065999999926e+04	1.929196671750860498e-10	4.018660617933181994e-02
1.481838754999999946e+04	1.745357086768123633e-10	3.966769344270418274e-02
1.481279883999999947e+04	1.578802752968164815e-10	3.915434385921413157e-02
1.480721451999999954e+04	1.427931591479954846e-10	3.864651774271542217e-02
1.480163459999999941e+04	1.291288207105079906e-10	3.814417711665654687e-02
1.479605905999999959e+04	1.167549489338948706e-10	3.764728119893169522e-02
1.479048790000000008e+04	1.055513939453831804e-10	3.715579093470433580e-02
1.478492110999999932e+04	9.540900377576167910e-11	3.666966630859357090e-02
1.477935870000000068e+04	8.622868661996534204e-11	3.618886897756208587e-02
1.477380064999999922e+04	7.792041828163693929e-11	3.571335793522483620e-02
1.476824695000000065e+04	7.040249047951713105e-11	3.524309302166159230e-02
1.476269762000000082e+04	6.360077397842278663e-11	3.477803655454639320e-02
1.475715263000000050e+04	5.744793200564583191e-11	3.431814660672871664e-02
1.475161197999999968e+04	5.188290044820142990e-11	3.386338376174026499e-02
1.474607567999999992e+04	4.685028631802562807e-11	3.341370937625587345e-02
1.474054370999999992e+04	4.229981562622504610e-11	3.296908234749518912e-02
1.473501605999999992e+04	3.818590324476638762e-11	3.252946241189982185e-02
1.472949274999999943e+04	3.446723272277638614e-11	3.209481167528237255e-02
1.472397374999999920e+04	3.110631063162093630e-11	3.166508829942300818e-02
1.471845905999999923e+04	2.806916909595303332e-11	3.124025284618588139e-02
1.471294867999999951e+04	2.532502004683605748e-11	3.082026588604400499e-02
1.470744261000000006e+04	2.284596209920873644e-11	3.040508800501612319e-02
1.470194082999999955e+04	2.060670626451994134e-11	2.999467832759409106e-02
1.469644334999999955e+04	1.858435480548841648e-11	2.958899827305367866e-02
1.469095015000000058e+04	1.675815622600336039e-11	2.918800708574541269e-02
1.468546124000000054e+04	1.510932713441428650e-11	2.879166626903772314e-02
1.467997660999999971e+04	1.362085272333142406e-11	2.839993592155972552e-02
1.467449625000000015e+04	1.227732896501015950e-11	2.801277622663172692e-02
1.466902016000000003e+04	1.106481436656581413e-11	2.763014815257242712e-02
1.466354833999999937e+04	9.970690523574676622e-12	2.725201273257281745e-02
1.465808077000000048e+04	8.983534930244952140e-12	2.687832971111971114e-02
1.465261744999999974e+04	8.093016474485952654e-12	2.650906031341648816e-02
1.464715839000000051e+04	7.289790212230592265e-12	2.614416651043783429e-02
1.464170355999999992e+04	6.565397835573401274e-12	2.578360770084911491e-02
1.463625297999999930e+04	5.912196525773433466e-12	2.542734671326115498e-02
1.463080662999999913e+04	5.323270366790230815e-12	2.507534384351595841e-02
1.462536450999999943e+04	4.792369028458772880e-12	2.472756081804572056e-02
1.461992661000000044e+04	4.313841464899302556e-12	2.438395884110630338e-02
1.461449293000000034e+04	3.882580997268137449e-12	2.404449987745803027e-02
1.460906346999999914e+04	3.493972653664216465e-12	2.370914600708688702e-02
1.460363820999999916e+04	3.143845236689193621e-12	2.337785821546422421e-02
1.459821716000000015e+04	2.828432352322636765e-12	2.305059946838724713e-02
1.459280031000000054e+04	2.544330620836555096e-12	2.272733164533256855e-02
1.458738766000000032e+04	2.288466815326805753e-12	2.240801737200006152e-02
1.458197919000000002e+04	2.058064890784700902e-12	2.209261825071667448e-02
1.457657490999999936e+04	1.850619687711406307e-12	2.178109779684423916e-02
1.457117481000000043e+04	1.663868845001063619e-12	2.147341850968922244e-02
1.456577887999999984e+04	1.495770373378063822e-12	2.116954306241394801e-02
1.456038711999999941e+04	1.344481720002047237e-12	2.086943485849170402e-02
1.455499952999999914e+04	1.208340207751718126e-12	2.057305745550152068e-02
1.454961609999999928e+04	1.085845481342053004e-12	2.028037402813022416e-02
1.454423682999999983e+04	9.756443138263888947e-13	1.999134847154969072e-02
1.453886169999999947e+04	8.765157680266888832e-13	1.970594378916136827e-02
1.453349072999999953e+04	7.873594760059246184e-13	1.942412528770078375e-02
1.452812389000000076e+04	7.071824010574277233e-13	1.914585581686163718e-02
1.452276118999999926e+04	6.350898716337222597e-13	1.887110051010310041e-02
1.451740262000000075e+04	5.702750987282257300e-13	1.859982364516974199e-02
1.451204817999999977e+04	5.120110318514878821e-13	1.833199019918777331e-02
1.450669786999999997e+04	4.596424447068274870e-13	1.806756532977462151e-02
1.450135167000000001e+04	4.125787576697825513e-13	1.780651340695128121e-02
1.449600957999999991e+04	3.702880868747868502e-13	1.754879999212866776e-02
1.449067159999999967e+04	3.322912929729099904e-13	1.729439083410257497e-02
1.448533772999999928e+04	2.981568120931407260e-13	1.704325187139747386e-02
1.448000794999999925e+04	2.674958779491481516e-13	1.679534830993848274e-02
1.447468226999999933e+04	2.399586055794839549e-13	1.655064696482114531e-02
1.446936067000000003e+04	2.152298343766088098e-13	1.630911347116610274e-02
1.446404317000000083e+04	1.930260408821426016e-13	1.607071548846026113e-02
1.445872974000000067e+04	1.730918272917600196e-13	1.583541863113699377e-02
1.445342037999999957e+04	1.551974762998425567e-13	1.560319008434965862e-02
1.444811510000000089e+04	1.391363073616599746e-13	1.537399766507874417e-02
1.444281387999999970e+04	1.247222803917921646e-13	1.514780810118543722e-02
1.443751672999999937e+04	1.117881211842372654e-13	1.492458962499301420e-02
1.443222363000000041e+04	1.001833015097264128e-13	1.470430941433211423e-02
1.442693457999999919e+04	8.977249450779328413e-14	1.448693571386926865e-02
1.442164957999999933e+04	8.043400982671767921e-14	1.427243697783645536e-02
1.441636861999999928e+04	7.205841940523235509e-14	1.406078147308184416e-02
1.441109170000000086e+04	6.454736682900511000e-14	1.385193809184993852e-02
1.440581881000000067e+04	5.781243023098939065e-14	1.364587555106902203e-02
1.440054996000000028e+04	5.177416588528249433e-14	1.344256356823755015e-02
1.439528512000000046e+04	4.636114063497113212e-14	1.324197054199719760e-02
1.439002431000000070e+04	4.150922386043606549e-14	1.304406701363979536e-02
1.438476750999999967e+04	3.716076362216489399e-14	1.284882222648320131e-02
1.437951471999999922e+04	3.326399157761344894e-14	1.265620640773674511e-02
1.437426593999999932e+04	2.977241121049225110e-14	1.246619000243336280e-02
1.436902115000000049e+04	2.664425520970302194e-14	1.227874296396130015e-02
1.436378037000000040e+04	2.384204330377744840e-14	1.209383690354490400e-02
1.435854357999999957e+04	2.133210366124615627e-14	1.191144223146348852e-02
1.435331077000000005e+04	1.908421623725409253e-14	1.173152995562857376e-02
1.434808194999999978e+04	1.707126452511980787e-14	1.155407199627791690e-02
1.434285709999999926e+04	1.526890125264356583e-14	1.137903947822752233e-02
1.433763623000000007e+04	1.365528916619269026e-14	1.120640476749961215e-02
1.433241933000000063e+04	1.221082872339705268e-14	1.103613978550861165e-02
1.432720638999999937e+04	1.091793750090295043e-14	1.086821669206811114e-02
1.432199741999999969e+04	9.760848738108751208e-15	1.070260851685730756e-02
1.431679239000000052e+04	8.725412955804861547e-15	1.053928724756553366e-02
1.431159132999999929e+04	7.798952985741550257e-15	1.037822698847793226e-02
1.430639420000000064e+04	6.970089225654624948e-15	1.021939989135643365e-02
1.430120102000000043e+04	6.228629203569514095e-15	1.006278019138631685e-02
1.429601178000000073e+04	5.565431245857969032e-15	9.908341426082833275e-03
1.429082646999999997e+04	4.972301667036166406e-15	9.756057369946559768e-03
1.428564508999999998e+04	4.441898311462594036e-15	9.605902321806913946e-03
1.428046764000000076e+04	3.967641670208153979e-15	9.457850801105560645e-03
1.427529409999999916e+04	3.543634848501129049e-15	9.311876987188483917e-03
1.427012448000000040e+04	3.164597361804874181e-15	9.167956139117220890e-03
1.426495876999999928e+04	2.825797472166726726e-15	9.026063174969893577e-03
1.425979696999999942e+04	2.522997769655698683e-15	8.886173516053646679e-03
1.425463906999999926e+04	2.252402806125202761e-15	8.748262536955079063e-03
1.424948507000000063e+04	2.010614460791494253e-15	8.612306107036829181e-03
1.424433496000000014e+04	1.794589765903266130e-15	8.478280055028600964e-03
1.423918873999999960e+04	1.601604955838068794e-15	8.346160696013541977e-03
1.423404639999999927e+04	1.429221518509721944e-15	8.215924310233003666e-03
1.422890795000000071e+04	1.275257536748293643e-15	8.087547904027790613e-03
1.422377337000000080e+04	1.137759465479279810e-15	7.961007951395824081e-03
1.421864265999999952e+04	1.014979823887104232e-15	7.836281650940642163e-03
1.421351582000000053e+04	9.053550795532291012e-16	7.713346415298819904e-03
1.420839284000000043e+04	8.074862718069394607e-16	7.592179635622447152e-03
1.420327371999999923e+04	7.201222190994630633e-16	7.472759160353236590e-03
1.419815846000000056e+04	6.421438388064992207e-16	7.355063049776781013e-03
1.419304703999999947e+04	5.725500614498830491e-16	7.239069124584005324e-03
1.418793946999999935e+04	5.104461484744315043e-16	7.124756107464256562e-03
1.418283574000000044e+04	4.550318589843164206e-16	7.012102479642626923e-03
1.417773584999999912e+04	4.055918983773691791e-16	6.901087159253318191e-03
1.417263978999999927e+04	3.614867790723409619e-16	6.791689058848457416e-03
1.416754756000000089e+04	3.221450253695873265e-16	6.683887519789087107e-03
1.416245915000000059e+04	2.870558425412694885e-16	6.577661881824353393e-03
1.415737456000000020e+04	2.557628636747530883e-16	6.472991905473902442e-03
1.415229378999999972e+04	2.278583240181632806e-16	6.369857554959260440e-03
1.414721681999999964e+04	2.029778342378923432e-16	6.268238599781168069e-03
1.414214366999999947e+04	1.807960814661364149e-16	6.168115817413554434e-03
1.413707430999999997e+04	1.610222835338854753e-16	6.069469197709822551e-03
1.413200876000000062e+04	1.433969447798680497e-16	5.972279915535260060e-03
1.412694699000000037e+04	1.276881656750471306e-16	5.876528383470370695e-03
1.412188902000000053e+04	1.136890430449499493e-16	5.782196169458559028e-03
1.411683482999999978e+04	1.012147410998983140e-16	5.689264286326484524e-03
1.411178442999999970e+04	9.010033415549685352e-17	5.597714502924821742e-03
1.410673780000000079e+04	8.019854525469360870e-17	5.507528239567505840e-03
1.410169493999999941e+04	7.137797372539878913e-17	5.418687479627904389e-03
1.409665584999999919e+04	6.352135517410013236e-17	5.331174398090960526e-03
1.409162053000000014e+04	5.652405227325072313e-17	5.244971360451917627e-03
1.408658895999999913e+04	5.029268200334157168e-17	5.160060586509499121e-03
1.408156115999999929e+04	4.474398450616316762e-17	5.076425164091096474e-03
1.407653709999999955e+04	3.980363580381616075e-17	4.994047534937250468e-03
1.407151678999999967e+04	3.540538644323514931e-17	4.912910996583683132e-03
1.406650021999999990e+04	3.149013465142668658e-17	4.832998705325653593e-03
1.406148739000000023e+04	2.800518572832193427e-17	4.754294165712200093e-03
1.405647830000000067e+04	2.490355427909775707e-17	4.676781064215406944e-03
1.405147293999999965e+04	2.214334494257148641e-17	4.600443116634613493e-03
1.404647129999999925e+04	1.968721133677211324e-17	4.525264227060874639e-03
1.404147338999999920e+04	1.750187375075411961e-17	4.451228780494666942e-03
1.403647919000000002e+04	1.555765823430844650e-17	4.378320895412178212e-03
1.403148870999999963e+04	1.382813215027537027e-17	4.306525311298359769e-03
1.402650194000000010e+04	1.228973455742576081e-17	4.235826652009368198e-03
1.402151886999999988e+04	1.092147367276061667e-17	4.166209722695161238e-03
1.401653951000000052e+04	9.704653190486865524e-18	4.097659781604416629e-03
1.401156384000000071e+04	8.622611139779736633e-18	4.030161845290263986e-03
1.400659187000000020e+04	7.660513160867498673e-18	3.963701513328135237e-03
1.400162358999999924e+04	6.805143329375301548e-18	3.898264283640946043e-03
1.399665898999999990e+04	6.044732844747307371e-18	3.833835828344886020e-03
1.399169807000000037e+04	5.368803880276337496e-18	3.770402119150514063e-03
1.398674083000000064e+04	4.768027308897012079e-18	3.707949291438395866e-03
1.398178725999999915e+04	4.234096608283072122e-18	3.646463519786217501e-03
1.397683735999999953e+04	3.759618672861003831e-18	3.585931268566986459e-03
1.397189112999999998e+04	3.338012899995617792e-18	3.526339161857374588e-03
1.396694856000000073e+04	2.963421777986451975e-18	3.467673864351399592e-03
1.396200964000000022e+04	2.630632833931487220e-18	3.409922204890229909e-03
1.395707438000000002e+04	2.335009171790456319e-18	3.353071403608592297e-03
1.395214276000000064e+04	2.072423421058795459e-18	3.297108490244885903e-03
1.394721478999999999e+04	1.839205318598466425e-18	3.242020993983206478e-03
1.394229046000000017e+04	1.632088943107663653e-18	3.187796370399197110e-03
1.393736976999999933e+04	1.448169799702048311e-18	3.134422339719499483e-03
1.393245269999999982e+04	1.284864007072047349e-18	3.081886559131702570e-03
1.392753926999999931e+04	1.139875012619539703e-18	3.030177264100986957e-03
1.392262946000000011e+04	1.011159470282507869e-18	2.979282412239311895e-03
1.391772328000000016e+04	8.969013921701853811e-19	2.929190422725158182e-03
1.391282070000000022e+04	7.954854050211387061e-19	2.879889453087611760e-03
1.390792173999999977e+04	7.054765574509761872e-19	2.831368312907553506e-03
1.390302639000000090e+04	6.255987498455797082e-19	2.783615650316548576e-03
1.389813464999999997e+04	5.547179744913524552e-19	2.736620354483895734e-03
1.389324649999999929e+04	4.918261758120144587e-19	2.690371265233182634e-03
1.388836195000000043e+04	4.360279673072413912e-19	2.644857648370748607e-03
1.388348099999999977e+04	3.865276148558092231e-19	2.600068808686672832e-03
1.387860362999999961e+04	3.426179653940266287e-19	2.555994006150527804e-03
1.387372984999999971e+04	3.036710796814275804e-19	2.512622909860412219e-03
1.386885964000000058e+04	2.691289283951174202e-19	2.469945054430427479e-03
1.386399301999999989e+04	2.384961417166243664e-19	2.427950458271511350e-03
1.385912996000000021e+04	2.113324563152487926e-19	2.386628836898358787e-03
1.385427047999999922e+04	1.872471826449468981e-19	2.345970464613115081e-03
1.384941455999999926e+04	1.658931976883395116e-19	2.305965405113264213e-03
1.384456220000000030e+04	1.469623960129163806e-19	2.266604018705743739e-03
1.383971340000000055e+04	1.301812362328846507e-19	2.227876789824128137e-03
1.383486815999999999e+04	1.153068861114245813e-19	2.189774325804996931e-03
1.383002645999999913e+04	1.021237437011647024e-19	2.152287202019473322e-03
1.382518829999999980e+04	9.044050988193617773e-20	2.115406275082844321e-03
1.382035368999999992e+04	8.008742690010040859e-20	2.079122595132093000e-03
1.381552261999999973e+04	7.091380603683717332e-20	2.043427178918338482e-03
1.381069507999999951e+04	6.278594247784549644e-20	2.008311164500342638e-03
1.380587106999999924e+04	5.558522521418203085e-20	1.973765880940033315e-03
1.380105059000000074e+04	4.920642479232067041e-20	1.939782771480962585e-03
1.379623363000000063e+04	4.355618103214139885e-20	1.906353323512895897e-03
1.379142017999999916e+04	3.855168526465865949e-20	1.873469140550956943e-03
1.378661025999999947e+04	3.411951997492109937e-20	1.841122141079733340e-03
1.378180384000000049e+04	3.019452885243058323e-20	1.809304016154968499e-03
1.377700093000000015e+04	2.671896752139153245e-20	1.778006836117446924e-03
1.377220152000000053e+04	2.364161850376458433e-20	1.747222646903023001e-03
1.376740560999999980e+04	2.091707795513110413e-20	1.716943666951677118e-03
1.376261319999999978e+04	1.850509251094137177e-20	1.687162219351502970e-03
1.375782428000000073e+04	1.636997397829295010e-20	1.657870670029999889e-03
1.375303883999999925e+04	1.448008952556330104e-20	1.629061491139745200e-03
1.374825689000000057e+04	1.280740972076419051e-20	1.600727377368475366e-03
1.374347841999999946e+04	1.132708615542767009e-20	1.572861003993790158e-03
1.373870342999999957e+04	1.001710222802434842e-20	1.545455205886961825e-03
1.373393190999999933e+04	8.857946532866823321e-21	1.518502859704022948e-03
1.372916386000000057e+04	7.832334125750468130e-21	1.491996997538753847e-03
1.372439926999999989e+04	6.924949404686513011e-21	1.465930692792408565e-03
1.371963813999999911e+04	6.122226686184587240e-21	1.440297170235568802e-03
1.371488047999999981e+04	5.412150670320983596e-21	1.415089800567650817e-03
1.371012625999999909e+04	4.784073461464808980e-21	1.390301836569375008e-03
1.370537550000000010e+04	4.228571420844799595e-21	1.365926886746182721e-03
1.370062817999999970e+04	3.737294305047796092e-21	1.341958442849412606e-03
1.369588429999999971e+04	3.302850229090133201e-21	1.318390190797967499e-03
1.369114386999999988e+04	2.918694787264243282e-21	1.295215953031065475e-03
1.368640685999999914e+04	2.579030740014679224e-21	1.272429445029012391e-03
1.368167329000000063e+04	2.278729472791764416e-21	1.250024712282948956e-03
1.367694314999999915e+04	2.013248921556931221e-21	1.227995740528671975e-03
1.367221643000000040e+04	1.778568821937073407e-21	1.206336602484520950e-03
1.366749313000000075e+04	1.571131448096165578e-21	1.185041501474044757e-03
1.366277325000000019e+04	1.387788127892420420e-21	1.164104722734938743e-03
1.365805678000000080e+04	1.225752116717304925e-21	1.143520589161832902e-03
1.365334372000000076e+04	1.082557879836960654e-21	1.123283549021729432e-03
1.364863406000000032e+04	9.560236283102784254e-22	1.103388087649704403e-03
1.364392780999999923e+04	8.442195782511731765e-22	1.083828853562501934e-03
1.363922494999999981e+04	7.454378283336745336e-22	1.064600447969089305e-03
1.363452548999999999e+04	6.581682325828564363e-22	1.045697673187663112e-03
1.362982942000000003e+04	5.810746396635372113e-22	1.027115325566570984e-03
1.362513673000000017e+04	5.129753278418587985e-22	1.008848278272266681e-03
1.362044743000000017e+04	4.528254741206881689e-22	9.908915562457031815e-04
1.361576151000000027e+04	3.997008524352974292e-22	9.732401795775931378e-04
1.361107897000000048e+04	3.527843404805435364e-22	9.558892790641507166e-04
1.360639978999999948e+04	3.113532779745222019e-22	9.388339837809488771e-04
1.360172399000000041e+04	2.747690959323223554e-22	9.220696394747801734e-04
1.359705155000000013e+04	2.424669464552835009e-22	9.055915160627469760e-04
1.359238247000000047e+04	2.139476722957761009e-22	8.893950248403373251e-04
1.358771674999999959e+04	1.887700544357810540e-22	8.734756441337326481e-04
1.358305438999999933e+04	1.665441172781104165e-22	8.578289184603314849e-04
1.357839537000000018e+04	1.469251246737249307e-22	8.424503922266285763e-04
1.357373970000000008e+04	1.296085577227709942e-22	8.273357752737088436e-04
1.356908738000000085e+04	1.143252801278834066e-22	8.124808072729669799e-04
1.356443839999999909e+04	1.008374574981856416e-22	7.978812596130316608e-04
1.355979275000000052e+04	8.893496637547238848e-23	7.835329677995735327e-04
1.355515042999999969e+04	7.843219968833138574e-23	7.694318607050215772e-04
1.355051144999999997e+04	6.916521018122915488e-23	7.555739572131861537e-04
1.354587578000000030e+04	6.098910426896113690e-23	7.419552173226626668e-04
1.354124344999999994e+04	5.377600760616157872e-23	7.285718376195567374e-04
1.353661441999999988e+04	4.741287371447439311e-23	7.154198697509366522e-04
1.353198871999999938e+04	4.179996532511097022e-23	7.024956241732596566e-04
1.352736631999999918e+04	3.684913302979384494e-23	6.897952987883817231e-04
1.352274724000000060e+04	3.248259513670047993e-23	6.773152867462527756e-04
1.351813145000000077e+04	2.863162808310199191e-23	6.650519008808278894e-04
1.351351896999999917e+04	2.523559975137215762e-23	6.530016431779109461e-04
1.350890978999999970e+04	2.224095872519666401e-23	6.411609892486440409e-04
1.350430390000000079e+04	1.960043405296838209e-23	6.295264692899051572e-04
1.349970129000000088e+04	1.727230144432120896e-23	6.180946673166292770e-04
1.349510197999999946e+04	1.521974744090195428e-23	6.068622930516725600e-04
1.349050595000000067e+04	1.341026325532865774e-23	5.958260084154651942e-04
1.348591320000000087e+04	1.181516863818002032e-23	5.849825754327895840e-04
1.348132372000000032e+04	1.040915155197799748e-23	5.743287824506332915e-04
1.347673752000000059e+04	9.169882829445804126e-24	5.638615133020319836e-04
1.347215458000000035e+04	8.077652956552086504e-24	5.535776315330500057e-04
1.346757490999999936e+04	7.115080294094087398e-24	5.434741166862853707e-04
1.346299849999999969e+04	6.266826228808781946e-24	5.335479504780208260e-04
1.345842534999999953e+04	5.519361912025053545e-24	5.237961832825652154e-04
1.345385546000000068e+04	4.860753593455455621e-24	5.142159108758223010e-04
1.344928881999999976e+04	4.280474095510285019e-24	5.048042533817058896e-04
1.344472542000000067e+04	3.769239147706593003e-24	4.955583764773303229e-04
1.344016527999999926e+04	3.318863936701094866e-24	4.864755499762404324e-04
1.343560836999999992e+04	2.922125836610007575e-24	4.775529868463740521e-04
1.343105470000000059e+04	2.572659751915618457e-24	4.687880227179545096e-04
1.342650425999999970e+04	2.264851750679835137e-24	4.601779960972282829e-04
1.342195706000000064e+04	1.993753477283885645e-24	4.517203247939491329e-04
1.341741308000000026e+04	1.755000649096056226e-24	4.434124115261584356e-04
1.341287233000000015e+04	1.544747535436780144e-24	4.352517549466126002e-04
1.340833479000000079e+04	1.359602769651189519e-24	4.272358393421351675e-04
1.340380047999999988e+04	1.196578658509006646e-24	4.193622591229980161e-04
1.339926936999999998e+04	1.053040120884399867e-24	4.116285600080806352e-04
1.339474148000000059e+04	9.266664063660354753e-25	4.040324121355111267e-04
1.339021680000000015e+04	8.154113849542126789e-25	3.965714714946801805e-04
1.338569532000000072e+04	7.174720502660421946e-25	3.892434318964056294e-04
1.338117704000000049e+04	6.312599049373220698e-25	3.820460401999429645e-04
1.337666194999999971e+04	5.553751438268159652e-25	3.749770633582459752e-04
1.337215005999999994e+04	4.885847938229815462e-25	3.680343350085354460e-04
1.336764135999999962e+04	4.298023060811035926e-25	3.612156923367822138e-04
1.336313585000000057e+04	3.780706462409676133e-25	3.545190224097810876e-04
1.335863351999999941e+04	3.325466775745485919e-25	3.479422314142324051e-04
1.335413436000000002e+04	2.924877713950657819e-25	3.414832596539098741e-04
1.334963839000000007e+04	2.572400842799560547e-25	3.351401229909515634e-04
1.334514559000000008e+04	2.262274444728817817e-25	3.289108125019537046e-04
1.334065596000000005e+04	1.989425989884378409e-25	3.227933798860488715e-04
1.333616949000000022e+04	1.749388011877169042e-25	3.167858947712194487e-04
1.333168619000000035e+04	1.538227689287054390e-25	3.108864845426909281e-04
1.332720605000000069e+04	1.352481186625480160e-25	3.050932803265837107e-04
1.332272905999999966e+04	1.189098903776392413e-25	2.994044440002169316e-04
1.331825523000000067e+04	1.045396691514084849e-25	2.938181924746859812e-04
1.331378455000000031e+04	9.190109133626703133e-26	2.883327464293404052e-04
1.330931701000000066e+04	8.078609737208065415e-26	2.829463559393161185e-04
1.330485261999999966e+04	7.101159365179200596e-26	2.776573235082846697e-04
1.330039135999999962e+04	6.241636059877703189e-26	2.724639438810221937e-04
1.329593325000000004e+04	5.485857984174503190e-26	2.673645860514551101e-04
1.329147825999999986e+04	4.821335679177371807e-26	2.623575885751670746e-04
1.328702641000000040e+04	4.237085747022923796e-26	2.574413735586550552e-04
1.328257768000000033e+04	3.723437686495612334e-26	2.526143445958225976e-04
1.327813207999999941e+04	3.271885812255123012e-26	2.478749641736527885e-04
1.327368959999999970e+04	2.874944090070086390e-26	2.432216985433684208e-04
1.326925022999999965e+04	2.526026420174485719e-26	2.386530395929065021e-04
1.326481398000000081e+04	2.219340057160076629e-26	2.341675244881154239e-04
1.326038083000000006e+04	1.949786997793759067e-26	2.297636842876057885e-04
1.325595080000000053e+04	1.712885081615451528e-26	2.254401139161917294e-04
1.325152385999999933e+04	1.504689088623766139e-26	2.211953828191548066e-04
1.324710002999999961e+04	1.321731341227244005e-26	2.170281322091778737e-04
1.324267929999999978e+04	1.160960594501023537e-26	2.129369971488783830e-04
1.323826166000000012e+04	1.019693488879326329e-26	2.089206357182387644e-04
1.323384711000000061e+04	8.955705802775007306e-27	2.049777375010386862e-04
1.322943564999999944e+04	7.865170195757766295e-27	2.011070137476150637e-04
1.322502727000000050e+04	6.907081270970017333e-27	1.973071885026925947e-04
1.322062197000000015e+04	6.065397536334017877e-27	1.935770158191328215e-04
1.321621975000000020e+04	5.326014768577037993e-27	1.899152704267651826e-04
1.321182061000000067e+04	4.676532767866330360e-27	1.863207474166288778e-04
1.320742453000000023e+04	4.106047673789151917e-27	1.827922460193621165e-04
1.320303153000000020e+04	3.604979241067127078e-27	1.793286175914007104e-04
1.319864158999999927e+04	3.164901469720157019e-27	1.759287010889968076e-04
1.319425470999999925e+04	2.778410374004808947e-27	1.725913707767263940e-04
1.318987089000000014e+04	2.438998249378887643e-27	1.693155197365541289e-04
1.318549013000000014e+04	2.140945494809274435e-27	1.661000595774895063e-04
1.318111240999999973e+04	1.879224331166060619e-27	1.629439058589272590e-04
1.317673775000000023e+04	1.649418726690664387e-27	1.598460211871596121e-04
1.317236613000000034e+04	1.447645953393182998e-27	1.568053572501208845e-04
1.316799755999999979e+04	1.270495705081278673e-27	1.538209044340696442e-04
1.316363201999999910e+04	1.114970324739374521e-27	1.508916498020548044e-04
1.315926951999999983e+04	9.784371592119413534e-28	1.480166178139604458e-04
1.315491006000000016e+04	8.585828606562145639e-28	1.451948426156855244e-04
1.315055362000000059e+04	7.533746506511022456e-28	1.424253620728642639e-04
1.314620021000000088e+04	6.610275468078187172e-28	1.397072495785718215e-04
1.314184982999999920e+04	5.799733050206571282e-28	1.370395877952940329e-04
1.313750245999999970e+04	5.088340959481510531e-28	1.344214630016479729e-04
1.313315812000000005e+04	4.464003691117695193e-28	1.318520010836357148e-04
1.312881677999999920e+04	3.916090828937614750e-28	1.293303133500888608e-04
1.312447846000000027e+04	3.435272744764729220e-28	1.268555554416622190e-04
1.312014314999999988e+04	3.013352514220960224e-28	1.244268800945888586e-04
1.311581084000000010e+04	2.643132271857864974e-28	1.220434547961209533e-04
1.311148152999999911e+04	2.318292434949421119e-28	1.197044668933649981e-04
1.310715522000000055e+04	2.033283914813723818e-28	1.174091176131616688e-04
1.310283191000000079e+04	1.783234430498303187e-28	1.151566218413128647e-04
1.309851159000000007e+04	1.563865706315678773e-28	1.129462028349945542e-04
1.309419426000000021e+04	1.371422255889505707e-28	1.107771024222723507e-04
1.308987990999999965e+04	1.202606761108779788e-28	1.086485705482550921e-04
1.308556854999999996e+04	1.054525422958711723e-28	1.065598799099400974e-04
1.308126016999999956e+04	9.246373277269106995e-29	1.045103060131176919e-04
1.307695476000000053e+04	8.107122449298466408e-29	1.024991370948111799e-04
1.307265233000000080e+04	7.107931600414722025e-29	1.005256829994096102e-04
1.306835287000000062e+04	6.231619564593624996e-29	9.858925629416946830e-05
1.306405637999999999e+04	5.463109808091805028e-29	9.668918604473192941e-05
1.305976284999999916e+04	4.789169637847413504e-29	9.482480860823002831e-05
1.305547227999999996e+04	4.198188398407087575e-29	9.299547628526303291e-05
1.305118468000000030e+04	3.679978609407079944e-29	9.120055673841774492e-05
1.304690001999999913e+04	3.225596582386253822e-29	8.943941207001836148e-05
1.304261832999999933e+04	2.827201174579753460e-29	8.771144012401763568e-05
1.303833957999999984e+04	2.477906983225500764e-29	8.601602497620149752e-05
1.303406377000000066e+04	2.171675991857095170e-29	8.435257363389724061e-05
1.302979090999999971e+04	1.903211518041095717e-29	8.272050720546396993e-05
1.302552099000000089e+04	1.667865655527650179e-29	8.111924924023175912e-05
1.302125401000000056e+04	1.461561768783027205e-29	7.954823719585620934e-05
1.301698996000000079e+04	1.280723465353352426e-29	7.800691476724768011e-05
1.301272883999999976e+04	1.122214203491433913e-29	7.649473908470207973e-05
1.300847064999999930e+04	9.832828750321800054e-30	7.501117677093194843e-05
1.300421538999999939e+04	8.615165558939063779e-30	7.355570378510255280e-05
1.299996305000000029e+04	7.547987992347577252e-30	7.212780194216478311e-05
1.299571362000000045e+04	6.612735868298760418e-30	7.072696233193291832e-05
1.299146711999999934e+04	5.793138904060292814e-30	6.935269477860253899e-05
1.298722351999999955e+04	5.074920098085761705e-30	6.800450162110432213e-05
1.298298284000000058e+04	4.445569097327750010e-30	6.668190993200832993e-05
1.297874507000000085e+04	3.894111575564432200e-30	6.538444566097749162e-05
1.297451019000000088e+04	3.410924698656174114e-30	6.411164030530400052e-05
1.297027822000000015e+04	2.987576091300005156e-30	6.286304565104713557e-05
1.296604915000000074e+04	2.616669675741779155e-30	6.163821245814751900e-05
1.296182296999999926e+04	2.291721768219022892e-30	6.043669958732601928e-05
1.295759968999999910e+04	2.007050003902841637e-30	5.925807938905320709e-05
1.295337930000000051e+04	1.757671815258911425e-30	5.810192619995552179e-05
1.294916179000000011e+04	1.539219854379792043e-30	5.696782205247305459e-05
1.294494715999999971e+04	1.347866598781372040e-30	5.585535915557532247e-05
1.294073542000000089e+04	1.180257596106799476e-30	5.476413952169265379e-05
1.293652655000000050e+04	1.033451681639996706e-30	5.369376453058147779e-05
1.293232056000000011e+04	9.048722689616631593e-31	5.264385035397183888e-05
1.292811743999999999e+04	7.922606557383657074e-31	5.161401499937698882e-05
1.292391718000000037e+04	6.936375304350447368e-31	5.060388341613981136e-05
1.291971980000000076e+04	6.072690542420224917e-31	4.961309438905797865e-05
1.291552527000000009e+04	5.316349101985145001e-31	4.864128140739767313e-05
1.291133360999999968e+04	4.654038750691706571e-31	4.768809616022721623e-05
1.290714480000000003e+04	4.074088874426982925e-31	4.675318746205183368e-05
1.290295885000000089e+04	3.566278485287541694e-31	4.583621717148033602e-05
1.289877575000000070e+04	3.121650187718164536e-31	4.493684881822031289e-05
1.289459549999999945e+04	2.732357703208223216e-31	4.405475417332471103e-05
1.289041808999999921e+04	2.391526436081478110e-31	4.318960884298874358e-05
1.288624352999999974e+04	2.093135683279039457e-31	4.234109839964234323e-05
1.288207179999999971e+04	1.831909333090331513e-31	4.150890802163091094e-05
1.287790291000000070e+04	1.603227736703734218e-31	4.069273459076396649e-05
1.287373686000000089e+04	1.403043773946159679e-31	3.989227842908866703e-05
1.286957363000000078e+04	1.227811842726166087e-31	3.910724152077408688e-05
1.286541323999999986e+04	1.074428200511320818e-31	3.833733876681276107e-05
1.286125567000000046e+04	9.401730451429689885e-32	3.758228280612960941e-05
1.285710092000000077e+04	8.226651877086394866e-32	3.684179520254959601e-05
1.285294899000000078e+04	7.198192915658264267e-32	3.611560255022712977e-05
1.284879988000000048e+04	6.298091881743594802e-32	3.540343638727626286e-05
1.284465358000000015e+04	5.510355542546929676e-32	3.470503144219442974e-05
1.284051008999999976e+04	4.820981667881388146e-32	3.402012898087494719e-05
1.283636940999999933e+04	4.217709633998842777e-32	3.334847495886347145e-05
1.283223154000000068e+04	3.689804229495954381e-32	3.268981994048725644e-05
1.282809646000000066e+04	3.227864153460038534e-32	3.204391592466428358e-05
1.282396419000000060e+04	2.823662861017150485e-32	3.141052566628466992e-05
1.281983472000000074e+04	2.469994985951620834e-32	3.078941159060562542e-05
1.281570802999999978e+04	2.160552213083821656e-32	3.018033907067781119e-05
1.281158414000000084e+04	1.889815104453721434e-32	2.958308365780763495e-05
1.280746304000000055e+04	1.652949891957257149e-32	2.899742060624592837e-05
1.280334471999999914e+04	1.445725533834299224e-32	2.842312935118308033e-05
1.279922919000000002e+04	1.264439500150886851e-32	2.785999614379745627e-05
1.279511643000000004e+04	1.105849746568309654e-32	2.730780707264737872e-05
1.279100645000000077e+04	9.671198690812864365e-33	2.676635620437623088e-05
1.278689925000000039e+04	8.457669524573401811e-33	2.623544001753154472e-05
1.278279480999999942e+04	7.396174752227691272e-33	2.571485620496967401e-05
1.277869314999999915e+04	6.467702782597990532e-33	2.520441124129572805e-05
1.277459425000000010e+04	5.655606767752091280e-33	2.470391017004715958e-05
1.277049811000000045e+04	4.945323712132640569e-33	2.421316412521382658e-05
1.276640473999999995e+04	4.324111280328871064e-33	2.373198887290685235e-05
1.276231411999999909e+04	3.780815094517825198e-33	2.326020007117345247e-05
1.275822624999999971e+04	3.305678095681723463e-33	2.279761914168262039e-05
1.275414113999999972e+04	2.890163930163017889e-33	2.234407189167008848e-05
1.275005877999999939e+04	2.526801648358213205e-33	2.189938511551319463e-05
1.274597916000000077e+04	2.209055095613115774e-33	2.146338886262724296e-05
1.274190228999999999e+04	1.931207386789457862e-33	2.103591845484521932e-05
1.273782814999999937e+04	1.688255096626558867e-33	2.061680913680805907e-05
1.273375676000000021e+04	1.475823449014720785e-33	2.020590331220040726e-05
1.272968809999999939e+04	1.290083270432255377e-33	1.980304225930221802e-05
1.272562217000000055e+04	1.127685990911223601e-33	1.940807223013945974e-05
1.272155897000000004e+04	9.857024521705153807e-34	1.902084232209054365e-05
1.271749849999999969e+04	8.615704660642683006e-34	1.864120442745738720e-05
1.271344074999999975e+04	7.530486682741086441e-34	1.826901227539152285e-05
1.270938572999999997e+04	6.581771642745373508e-34	1.790412414305560373e-05
1.270533342000000084e+04	5.752411093764099309e-34	1.754639826365923854e-05
1.270128383000000031e+04	5.027413512138161018e-34	1.719569817794541669e-05
1.269723695000000043e+04	4.393664066438230058e-34	1.685188823007010748e-05
1.269319278999999915e+04	3.839696379613636134e-34	1.651483698689118365e-05
1.268915133000000060e+04	3.355479038827928076e-34	1.618441298450600826e-05
1.268511256999999932e+04	2.932242533409410416e-34	1.586048889005605003e-05
1.268107652000000053e+04	2.562319072182022737e-34	1.554294052234938173e-05
1.267704317000000083e+04	2.239001830247219309e-34	1.523164444203603792e-05
1.267301251000000047e+04	1.956426626099400989e-34	1.492647955795693929e-05
1.266898454999999922e+04	1.709467331421030267e-34	1.462732855451492291e-05
1.266495927999999913e+04	1.493640663360065618e-34	1.433407482232698950e-05
1.266093670000000020e+04	1.305027416126149450e-34	1.404660468221643063e-05
1.265691681000000062e+04	1.140201029763066194e-34	1.376480658190451171e-05
1.265289960000000065e+04	9.961654267750732193e-35	1.348857037674829942e-05
1.264888507000000027e+04	8.703017267690918520e-35	1.321778869322071165e-05
1.264487321999999949e+04	7.603204496957372768e-35	1.295235617046829392e-05
1.264086404000000039e+04	6.642199245020246947e-35	1.269216878130435201e-05
1.263685754000000088e+04	5.802508364937938733e-35	1.243712574934504567e-05
1.263285370999999941e+04	5.068836176186068056e-35	1.218712691752433360e-05
1.262885253999999986e+04	4.427813223107630829e-35	1.194207404739646474e-05
1.262485404000000017e+04	3.867756601245893839e-35	1.170187197295183137e-05
1.262085820000000058e+04	3.378451885981596132e-35	1.146642611707605403e-05
1.261686503000000084e+04	2.950973757693342253e-35	1.123564486234186329e-05
1.261287449999999990e+04	2.577517497368247731e-35	1.100943603872945849e-05
1.260888664000000063e+04	2.251267513379792752e-35	1.078771261578444969e-05
1.260490142000000014e+04	1.966262298165686603e-35	1.057038586785532807e-05
1.260091885000000002e+04	1.717295026285627761e-35	1.035737095765246157e-05
1.259693893000000025e+04	1.499814626004124438e-35	1.014858409940335088e-05
1.259296166000000085e+04	1.309843980967529673e-35	9.943943090895565417e-06
1.258898702000000048e+04	1.143906870387519110e-35	9.743366285110674336e-06
1.258501502000000073e+04	9.989669734932214496e-36	9.546775108718565719e-06
1.258104565999999977e+04	8.723706662042102845e-36	9.354091966303681446e-06
1.257707892999999967e+04	7.617989842980655482e-36	9.165240261080815598e-06
1.257311483000000044e+04	6.652260310733174818e-36	8.980145338214101696e-06
1.256915336000000025e+04	5.808816943139333274e-36	8.798733958694096780e-06
1.256519451999999910e+04	5.072193968060291085e-36	8.620934273434885389e-06
1.256123830000000089e+04	4.428877549630056139e-36	8.446675361626147761e-06
1.255728470000000016e+04	3.867063002828756270e-36	8.275888103342627766e-06
1.255333371000000079e+04	3.376436030968491038e-36	8.108504273061002568e-06
1.254938534000000072e+04	2.947988295632807495e-36	7.944457790349284524e-06
1.254543958999999995e+04	2.573848806438573259e-36	7.783683404728744003e-06
1.254149644000000080e+04	2.247140130371183868e-36	7.626116317167141126e-06
1.253755589999999938e+04	1.961857109430532818e-36	7.471694173994438605e-06
1.253361795999999958e+04	1.712752579832383397e-36	7.320355026206932215e-06
1.252968262999999934e+04	1.495244368536954349e-36	7.172038875297970726e-06
1.252574990000000071e+04	1.305328904417041859e-36	7.026686114040088609e-06
1.252181976000000031e+04	1.139509407953954369e-36	6.884238295241991157e-06
1.251789221999999972e+04	9.947324890216863174e-37	6.744638813456046620e-06
1.251396726999999919e+04	8.683305155929797963e-37	6.607831434369742552e-06
1.251004491000000053e+04	7.579739742853329627e-37	6.473761358254068774e-06
1.250612513000000035e+04	6.616280958357820705e-37	6.342374502276852381e-06
1.250220794000000024e+04	5.775162986223047093e-37	6.213618489715525730e-06
