Wavenumber	Major Gaussian	Minor Gaussian
1.999839949999999953e+04	4.654332504505699496e-12	1.167584920220035311e-03
1.998799624000000040e+04	5.655811986139353572e-12	1.211791969166611371e-03
1.997760411999999997e+04	6.866255578139571828e-12	1.257473111976904149e-03
1.996722313999999824e+04	8.327860532232765817e-12	1.304669638456857966e-03
1.995685327999999936e+04	1.009105547522532617e-11	1.353423807327782400e-03
1.994649451000000045e+04	1.221604675843362008e-11	1.403778822095903128e-03
1.993614682000000175e+04	1.477463728471489721e-11	1.455778695936462992e-03
1.992581019999999990e+04	1.785237998456872182e-11	1.509468350294151245e-03
1.991548461999999927e+04	2.155111920990371948e-11	1.564893732989015981e-03
1.990517007000000012e+04	2.599196099548126420e-11	1.622101619587424694e-03
1.989486652999999933e+04	3.131878807623732061e-11	1.681139779029128646e-03
1.988457398000000103e+04	3.770237456963850087e-11	1.742056931343122055e-03
1.987429239999999845e+04	4.534521656179244529e-11	1.804902756216805477e-03
1.986402178999999887e+04	5.448717428664752576e-11	1.869727773054657028e-03
1.985376210999999967e+04	6.541215184928082783e-11	1.936583725531963686e-03
1.984351335000000108e+04	7.845579194321067155e-11	2.005523152520152699e-03
1.983327549999999974e+04	9.401455306384623771e-11	2.076599575474576565e-03
1.982304853000000003e+04	1.125563209170586639e-10	2.149867650605861037e-03
1.981283242999999857e+04	1.346326799726499716e-10	2.225382897935323460e-03
1.980262718999999925e+04	1.608933000319134470e-10	2.303201839689638947e-03
1.979243277999999918e+04	1.921027188514660598e-10	2.383382165672265265e-03
1.978224918999999863e+04	2.291596809593989287e-10	2.465982433992287663e-03
1.977207640000000174e+04	2.731198002149632744e-10	2.551062306431734795e-03
1.976191439000000173e+04	3.252217436044857754e-10	2.638682478530706647e-03
1.975176314999999886e+04	3.869175468128146683e-10	2.728904594141296370e-03
1.974162266000000091e+04	4.599078961350679362e-10	2.821791422005657558e-03
1.973149290000000110e+04	5.461827965001723928e-10	2.917406777368784787e-03
1.972137385999999969e+04	6.480685146153628957e-10	3.015815426832661912e-03
1.971126551000000109e+04	7.682822004411575854e-10	3.117083381668079179e-03
1.970116785000000164e+04	9.099940022598369722e-10	3.221277406616555785e-03
1.969108084999999846e+04	1.076900005872874064e-09	3.328465623105356878e-03
1.968100449999999910e+04	1.273304731710737219e-09	3.438717002276991952e-03
1.967093878000000041e+04	1.504217210869300217e-09	3.552101677216299748e-03
1.966088366999999926e+04	1.775460767429698690e-09	3.668690842064420855e-03
1.965083915999999954e+04	2.093798852908375298e-09	3.788556631251837909e-03
1.964080523000000176e+04	2.467080264624117928e-09	3.911772350866747107e-03
1.963078186999999889e+04	2.904404255238281837e-09	4.038412238731779041e-03
1.962076904999999897e+04	3.416311562829661713e-09	4.168551840204737756e-03
1.961076675999999861e+04	4.014999651327677598e-09	4.302267500758874715e-03
1.960077497999999832e+04	4.714571952006250875e-09	4.439636744257298429e-03
1.959079371000000174e+04	5.531318651163364046e-09	4.580737858741137751e-03
1.958082290999999896e+04	6.484044042243176181e-09	4.725650736832369934e-03
1.957086258000000089e+04	7.594427399266390683e-09	4.874455740233551299e-03
1.956091269000000102e+04	8.887447569461938537e-09	5.027234702429446422e-03
1.955097323999999935e+04	1.039185158043299002e-08	5.184070026153144578e-03
1.954104420000000027e+04	1.214070249563402206e-08	5.345045598536415400e-03
1.953112556000000041e+04	1.417198512718909884e-08	5.510246005734163906e-03
1.952121730000000025e+04	1.652930543011206765e-08	5.679757000992423713e-03
1.951131941000000006e+04	1.926267306221576127e-08	5.853665163010193968e-03
1.950143187000000034e+04	2.242939635033847733e-08	6.032058229127703654e-03
1.949155466000000160e+04	2.609508691481808634e-08	6.215024921724853976e-03
1.948168777000000046e+04	3.033479179315374019e-08	6.402654745613940192e-03
1.947183118000000104e+04	3.523428309830075824e-08	6.595038347494561887e-03
1.946198487999999998e+04	4.089149452223545444e-08	6.792267123661785942e-03
1.945214884000000166e+04	4.741816595865663432e-08	6.994433806116762305e-03
1.944232305999999880e+04	5.494164360928771175e-08	7.201631434763190731e-03
1.943250750999999946e+04	6.360697822244319481e-08	7.413954576997176978e-03
1.942270218999999997e+04	7.357918949439788206e-08	7.631498047367863552e-03
1.941290707000000111e+04	8.504591202541243540e-08	7.854358190362984576e-03
1.940312213999999949e+04	9.822025347650036306e-08	8.082631768842928402e-03
1.939334737999999925e+04	1.133440797998523463e-07	8.316416615826677933e-03
1.938358279000000039e+04	1.306916082951878825e-07	8.555810901861362130e-03
1.937382833000000028e+04	1.505735793331806649e-07	8.800914581662223554e-03
1.936408399999999892e+04	1.733416553645753523e-07	9.051827413581516393e-03
1.935434977000000072e+04	1.993936244437411367e-07	9.308650683868338604e-03
1.934462565000000177e+04	2.291788708311108672e-07	9.571485366951949098e-03
1.933491159999999945e+04	2.632049108325477817e-07	9.840434494733981546e-03
1.932520761000000130e+04	3.020441589545754981e-07	1.011560100454992825e-02
1.931551367000000027e+04	3.463417681399891592e-07	1.039708849742380058e-02
1.930582977000000028e+04	3.968242500801648266e-07	1.068500121359270034e-02
1.929615587999999843e+04	4.543091623710457213e-07	1.097944462312393926e-02
1.928649198999999862e+04	5.197155005456379576e-07	1.128052421156578236e-02
1.927683809000000110e+04	5.940755116360861200e-07	1.158834602702213390e-02
1.926719414999999935e+04	6.785478508508743285e-07	1.190301731263920630e-02
1.925756017000000065e+04	7.744315081774728820e-07	1.222464486607858711e-02
1.924793612999999823e+04	8.831820448888971811e-07	1.255333662374692044e-02
1.923832200999999986e+04	1.006428909506725555e-06	1.288920100175131728e-02
1.922871779999999853e+04	1.145994521230866078e-06	1.323234650516252713e-02
1.921912349000000177e+04	1.303915519325205161e-06	1.358288202657545463e-02
1.920953904999999941e+04	1.482466421977887944e-06	1.394091756926267058e-02
1.919996446999999898e+04	1.684184544086449191e-06	1.430656275372467652e-02
1.919039975000000049e+04	1.911898069121388236e-06	1.467992709588161401e-02
1.918084485000000132e+04	2.168758070296217625e-06	1.506112194571631625e-02
1.917129977000000144e+04	2.458270315851370001e-06	1.545025732986423685e-02
1.916176449000000139e+04	2.784333622804411052e-06	1.584744426714644605e-02
1.915223900000000140e+04	3.151279355142758484e-06	1.625279353088475778e-02
1.914272327999999834e+04	3.563916168509061801e-06	1.666641644536859951e-02
1.913321731999999975e+04	4.027577307821330727e-06	1.708842399712274737e-02
1.912372109999999884e+04	4.548173889783887032e-06	1.751892766622348621e-02
1.911423460999999952e+04	5.132250998287081795e-06	1.795803849937708044e-02
1.910475782999999865e+04	5.787050892724453081e-06	1.840586797720311987e-02
1.909529074000000037e+04	6.520580092853863503e-06	1.886252753539927052e-02
1.908583334000000104e+04	7.341680895188741167e-06	1.932812752987031826e-02
1.907638560000000143e+04	8.260115000228743053e-06	1.980277963177884404e-02
1.906694752000000153e+04	9.286644454791036292e-06	2.028659383101516500e-02
1.905751907999999821e+04	1.043312955814635625e-05	2.077968088007477870e-02
1.904810024999999951e+04	1.171262965078327855e-05	2.128215181548465812e-02
1.903869104000000152e+04	1.313950507885263876e-05	2.179411522065549667e-02
1.902929142000000138e+04	1.472954579338137717e-05	2.231568144907830620e-02
1.901990137999999934e+04	1.650008999064794051e-05	2.284695936757340229e-02
1.901052089999999953e+04	1.847016558662905165e-05	2.338805794874691119e-02
1.900114996999999858e+04	2.066063363315756205e-05	2.393908509305295654e-02
1.899178858000000037e+04	2.309434807748484073e-05	2.450014813086927659e-02
1.898243671000000177e+04	2.579632866018575859e-05	2.507135439117871498e-02
1.897309433999999965e+04	2.879394143901667618e-05	2.565281058328279865e-02
1.896376147000000128e+04	3.211708693160281013e-05	2.624462146929461975e-02
1.895443807000000015e+04	3.579842631714537523e-05	2.684689295671003825e-02
1.894512413000000015e+04	3.987358841599363289e-05	2.745972890827018051e-02
1.893581965000000127e+04	4.438140969990127070e-05	2.808323164881077610e-02
1.892652459000000090e+04	4.936421485715913372e-05	2.871750529593757040e-02
1.891723895999999877e+04	5.486804402962691961e-05	2.936264964803737484e-02
1.890796272999999928e+04	6.094298975648065187e-05	3.001876624476106439e-02
1.889869589999999880e+04	6.764346504130126011e-05	3.068595348310744833e-02
1.888943844000000172e+04	7.502857063775525642e-05	3.136431081069562116e-02
1.888019034000000102e+04	8.316240863475645882e-05	3.205393510634414744e-02
1.887095159000000058e+04	9.211446357729333927e-05	3.275492202990187840e-02
1.886172218000000066e+04	1.019599929242410416e-04	3.346736596982775869e-02
1.885250207999999839e+04	1.127804647227736377e-04	3.419136157445271801e-02
1.884329130000000077e+04	1.246639251586243336e-04	3.492699900160110144e-02
1.883408980000000156e+04	1.377055685330704317e-04	3.567437096722023832e-02
1.882489758000000074e+04	1.520081102745495546e-04	3.643356553833683453e-02
1.881571462999999858e+04	1.676823600656234469e-04	3.720467003961864388e-02
1.880654091999999946e+04	1.848477867871904938e-04	3.798777192956163951e-02
1.879737644999999975e+04	2.036329951616069878e-04	3.878295451461563625e-02
1.878822120999999970e+04	2.241763855031002025e-04	3.959030024089799787e-02
1.877907517000000007e+04	2.466268102564322679e-04	4.040989161481923359e-02
1.876993832000000111e+04	2.711441360665964848e-04	4.124180762347798984e-02
1.876081065999999919e+04	2.978999323798782353e-04	4.208612447058230482e-02
1.875169215999999869e+04	3.270783009802753858e-04	4.294291923802771860e-02
1.874258281999999963e+04	3.588764403680242158e-04	4.381226428319694860e-02
1.873348260999999911e+04	3.935056099887369245e-04	4.469423282498291572e-02
1.872439153000000078e+04	4.311917220268605402e-04	4.558889316541824693e-02
1.871530956000000151e+04	4.721763562797594792e-04	4.649631344668508914e-02
1.870623669000000154e+04	5.167175067136365240e-04	4.741655868434576510e-02
1.869717291000000114e+04	5.650905099987725685e-04	4.834969167738568940e-02
1.868811819000000105e+04	6.175890882246179176e-04	4.929577506193050240e-02
1.867907253000000128e+04	6.745260238763418209e-04	5.025486607482285151e-02
1.867003591999999844e+04	7.362343488012182673e-04	5.122702060566916571e-02
1.866100833000000057e+04	8.030684551326934583e-04	5.221229432314958979e-02
1.865198976000000039e+04	8.754047769358582962e-04	5.321073720767768161e-02
1.864298020000000179e+04	9.536431184450828470e-04	5.422239778956149114e-02
1.863397961999999825e+04	1.038207869140354714e-03	5.524732432546098498e-02
1.862498802000000069e+04	1.129548662907864202e-03	5.628555909643119526e-02
1.861600537999999869e+04	1.228141961721605216e-03	5.733714401442225467e-02
1.860703168999999980e+04	1.334491919840532451e-03	5.840211715096454981e-02
1.859806694000000061e+04	1.449131639916231970e-03	5.948051382128138886e-02
1.858911111000000164e+04	1.572624496389075357e-03	6.057236776553694829e-02
1.858016417999999976e+04	1.705565228652770578e-03	6.167770994145819335e-02
1.857122615999999834e+04	1.848580651538713447e-03	6.279656470029731929e-02
1.856229702000000179e+04	2.002331931411652655e-03	6.392895843186277571e-02
1.855337673999999970e+04	2.167515087812997392e-03	6.507491338542731318e-02
1.854446532999999908e+04	2.344861734671257591e-03	6.623444492673663531e-02
1.853556275000000096e+04	2.535141836139748021e-03	6.740757185635017079e-02
1.852666901000000144e+04	2.739162909714308071e-03	6.859430335700972270e-02
1.851778408000000127e+04	2.957773099339562530e-03	6.979465077222615776e-02
1.850890796000000046e+04	3.191860770183145915e-03	7.100861826828912260e-02
1.850004061999999976e+04	3.442357131977810247e-03	7.223621090239401576e-02
1.849118206999999893e+04	3.710235455198848328e-03	7.347742496985919247e-02
1.848233227999999872e+04	3.996514411644195783e-03	7.473225904321502411e-02
1.847349123999999938e+04	4.302257399782572801e-03	7.600070561390717683e-02
1.846465894000000117e+04	4.628574080336443110e-03	7.728275381011216749e-02
1.845583536000000095e+04	4.976621721181741578e-03	7.857839084034237698e-02
1.844702049999999872e+04	5.347604908181510623e-03	7.988759756461685790e-02
1.843821433999999863e+04	5.742777940121669873e-03	8.121035433697658401e-02
1.842941686000000118e+04	6.163444870343734276e-03	8.254663808938235425e-02
1.842062805999999910e+04	6.610959134853963519e-03	8.389641921449733641e-02
1.841184792000000016e+04	7.086726045747200088e-03	8.525966761381342796e-02
1.840307643000000098e+04	7.592201828158796559e-03	8.663634810594968150e-02
1.839431356999999844e+04	8.128895097584383847e-03	8.802642350665668136e-02
1.838555933999999979e+04	8.698365318923770642e-03	8.942984985420347754e-02
1.837681371999999828e+04	9.302225419673683729e-03	9.084658273188064848e-02
1.836807669000000169e+04	9.942140727063598915e-03	9.227657412413706184e-02
1.835934824999999910e+04	1.061982729476517590e-02	9.371976907248864841e-02
1.835062839000000167e+04	1.133705375751848689e-02	9.517611052484316325e-02
1.834191707999999926e+04	1.209564207235975380e-02	9.664554109664513781e-02
1.833321431999999913e+04	1.289746276493240751e-02	9.812799466199913223e-02
1.832452009000000180e+04	1.374443847858609381e-02	9.962340473096137350e-02
1.831583438999999998e+04	1.463853942214477649e-02	1.011316976223852332e-01
1.830715720000000147e+04	1.558178623577215378e-02	1.026527993316652815e-01
1.829848849999999948e+04	1.657624700586389846e-02	1.041866321291833042e-01
1.828982829000000129e+04	1.762403340026720208e-02	1.057331109625818111e-01
1.828117655000000013e+04	1.872730366329729626e-02	1.072921505262698083e-01
1.827253326999999990e+04	1.988825734850156041e-02	1.088636599384514708e-01
1.826389843000000110e+04	2.110913588086233555e-02	1.104475463396290408e-01
1.825527203999999983e+04	2.239221461606853356e-02	1.120437075357239715e-01
1.824665406000000075e+04	2.373981209587721145e-02	1.136520467503186610e-01
1.823804449999999997e+04	2.515427252396498781e-02	1.152724541208816067e-01
1.822944332999999824e+04	2.663797679758323281e-02	1.169048234555456617e-01
1.822085054999999920e+04	2.819332811016041218e-02	1.185490391003914123e-01
1.821226613999999972e+04	2.982275706260021503e-02	1.202049853927750211e-01
1.820369009000000005e+04	3.152871290290357176e-02	1.218725409651306019e-01
1.819512240000000020e+04	3.331365930064196512e-02	1.235515786745157302e-01
1.818656304000000091e+04	3.518007876766787029e-02	1.252419734652928662e-01
1.817801199999999881e+04	3.713045826047306486e-02	1.269435926179419138e-01
1.816946928000000116e+04	3.916728616925380102e-02	1.286562976217117127e-01
1.816093485000000146e+04	4.129305727405909593e-02	1.303799522220408513e-01
1.815240871999999945e+04	4.351025088317849593e-02	1.321144083640891087e-01
1.814389085999999952e+04	4.582134565422703310e-02	1.338595223653340771e-01
1.813538127000000168e+04	4.822879633317406212e-02	1.356151407298166744e-01
1.812687992999999915e+04	5.073504151642477950e-02	1.373811103742768325e-01
1.811838682999999946e+04	5.334248972684758200e-02	1.391572724949986239e-01
1.810990194999999949e+04	5.605351940712926390e-02	1.409434667435514599e-01
1.810142529999999897e+04	5.887045991296756264e-02	1.427395228159959728e-01
1.809295684999999867e+04	6.179560792854067730e-02	1.445452752482844772e-01
1.808449658999999883e+04	6.483120174889789311e-02	1.463605507976885323e-01
1.807604450999999972e+04	6.797942096663872613e-02	1.481851726675060821e-01
1.806760060000000158e+04	7.124237976065989075e-02	1.500189605367648060e-01
1.805916485000000102e+04	7.462212006521533325e-02	1.518617305914228000e-01
1.805073723999999856e+04	7.812060885870861227e-02	1.537132977602863049e-01
1.804231777000000147e+04	8.173971876276525661e-02	1.555734691639552858e-01
1.803390641999999934e+04	8.548123755587348771e-02	1.574420529380636258e-01
1.802550316999999995e+04	8.934685317576990249e-02	1.593188539119665958e-01
1.801710802999999942e+04	9.333813205715760231e-02	1.612036668923628735e-01
1.800872096999999849e+04	9.745654451317366240e-02	1.630962923663411834e-01
1.800034199000000081e+04	1.017034246373038353e-01	1.649965208561550434e-01
1.799197106999999960e+04	1.060799872937831234e-01	1.669041442153145760e-01
1.798360820999999851e+04	1.105873007045993783e-01	1.688189466018098772e-01
1.797525337999999829e+04	1.152263059323573591e-01	1.707407159438884270e-01
1.796690657999999894e+04	1.199977775637569716e-01	1.726692302485855757e-01
1.795856780000000072e+04	1.249023382361298534e-01	1.746042667979608720e-01
1.795023702000000048e+04	1.299404527249153063e-01	1.765456022493784305e-01
1.794191423999999824e+04	1.351124033081628206e-01	1.784930056996783532e-01
1.793359944000000178e+04	1.404183075619624133e-01	1.804462480578516437e-01
1.792529261000000042e+04	1.458580939431844414e-01	1.824050951020632083e-01
1.791699374000000171e+04	1.514315017898276439e-01	1.843693098595942381e-01
1.790870281999999861e+04	1.571380756090658415e-01	1.863386526625519790e-01
1.790041982999999891e+04	1.629771667734510321e-01	1.883128835922282529e-01
1.789214476999999897e+04	1.689479073164884271e-01	1.902917553902595538e-01
1.788387762999999904e+04	1.750492258496491038e-01	1.922750206483821445e-01
1.787561837999999989e+04	1.812798515416190193e-01	1.942624343173444401e-01
1.786736703000000125e+04	1.876382649069308073e-01	1.962537393367359828e-01
1.785912356000000000e+04	1.941227464830961869e-01	1.982486835230998778e-01
1.785088795000000027e+04	2.007313516074367976e-01	2.002470124448202937e-01
1.784266020999999819e+04	2.074618827379932917e-01	2.022484621770679614e-01
1.783444029999999839e+04	2.143119519840422926e-01	2.042527788088130680e-01
1.782622824000000037e+04	2.212788887726879483e-01	2.062596917374212857e-01
1.781802400000000125e+04	2.283598296342365941e-01	2.082689405427798901e-01
1.780982757000000129e+04	2.355516589395732219e-01	2.102802579890932777e-01
1.780163894000000073e+04	2.428510249295366685e-01	2.122933749651026436e-01
1.779345809999999983e+04	2.502543397545445303e-01	2.143080205541180727e-01
1.778528503999999884e+04	2.577577800510176820e-01	2.163239221048721406e-01
1.777711975000000166e+04	2.653572880649310295e-01	2.183408053031617169e-01
1.776896222000000125e+04	2.730485733313152141e-01	2.203583942442534915e-01
1.776081244000000152e+04	2.808271149168705128e-01	2.223764115060087865e-01
1.775267037999999957e+04	2.886881836476448138e-01	2.243945831824215587e-01
1.774453605999999854e+04	2.966267778402092437e-01	2.264126216051955964e-01
1.773640943999999945e+04	3.046377337076582315e-01	2.284302526891165697e-01
1.772829052999999840e+04	3.127156228159068130e-01	2.304471887243315087e-01
1.772017930999999953e+04	3.208548355455273504e-01	2.324631483045688507e-01
1.771207575999999972e+04	3.290495575762887870e-01	2.344778489608920491e-01
1.770397988999999870e+04	3.372937454079580899e-01	2.364909997752367987e-01
1.769589168000000063e+04	3.455811938454990129e-01	2.385023163758865361e-01
1.768781110999999873e+04	3.539055132941751891e-01	2.405115135574880103e-01
1.767973818000000028e+04	3.622601168285147777e-01	2.425183003852850183e-01
1.767167287999999826e+04	3.706382593889384625e-01	2.445223877348619013e-01
1.766361519000000044e+04	3.790330469232051080e-01	2.465234883673687594e-01
1.765556510999999955e+04	3.874374145520255719e-01	2.485213095573238495e-01
1.764752261999999973e+04	3.958441781225829348e-01	2.505155631054861165e-01
1.763948771000000124e+04	4.042460132837810138e-01	2.525059579686808608e-01
1.763146038000000044e+04	4.126354662418875718e-01	2.544922003514860087e-01
1.762344060000000172e+04	4.210050067724528389e-01	2.564740036813078494e-01
1.761542838000000120e+04	4.293469667055822558e-01	2.584510713766572376e-01
1.760742369999999937e+04	4.376536249803968937e-01	2.604231142337207761e-01
1.759942655000000013e+04	4.459171781792984901e-01	2.623898406188783228e-01
1.759143691000000035e+04	4.541297738360134395e-01	2.643509614743755343e-01
1.758345478999999978e+04	4.622834822654979803e-01	2.663061805853959574e-01
1.757548015999999916e+04	4.703703814961807672e-01	2.682552118299950661e-01
1.756751301999999851e+04	4.783824989678420181e-01	2.701977621006669827e-01
1.755955336000000170e+04	4.863118660110994362e-01	2.721335411883789024e-01
1.755160115999999834e+04	4.941505310946560647e-01	2.740622618328183990e-01
1.754365641999999934e+04	5.018905439916515610e-01	2.759836325223515852e-01
1.753571912000000157e+04	5.095240090771659958e-01	2.778973672747014345e-01
1.752778926000000138e+04	5.170430603214476450e-01	2.798031760439001481e-01
1.751986681999999928e+04	5.244399136843060916e-01	2.817007744431261340e-01
1.751195179999999891e+04	5.317068431349508684e-01	2.835898742114200122e-01
1.750404418000000078e+04	5.388362318376068716e-01	2.854701928724897586e-01
1.749614395000000150e+04	5.458205579652571915e-01	2.873414466309817672e-01
1.748825111000000106e+04	5.526524091833935337e-01	2.892033504958144707e-01
1.748036563999999998e+04	5.593245221930578381e-01	2.910556254402790199e-01
1.747248752999999851e+04	5.658297695422861429e-01	2.928979913774059640e-01
1.746461677000000054e+04	5.721611815780255350e-01	2.947301696098875157e-01
1.745675335999999879e+04	5.783119514877709255e-01	2.965518805951788961e-01
1.744889727000000130e+04	5.842754788103928787e-01	2.983628532767263475e-01
1.744104851000000053e+04	5.900453273677723764e-01	3.001628089709719172e-01
1.743320706000000064e+04	5.956152907113456685e-01	3.019514776065986283e-01
1.742537290999999823e+04	6.009793728525886225e-01	3.037285885655369166e-01
1.741754605000000083e+04	6.061318068770467082e-01	3.054938730669600755e-01
1.740972646000000168e+04	6.110670715662563923e-01	3.072470664748307434e-01
1.740191415000000052e+04	6.157798763875884651e-01	3.089878994145554003e-01
1.739410910000000149e+04	6.202652088292255339e-01	3.107161112966453920e-01
1.738631130000000121e+04	6.245183177973328004e-01	3.124314414047302813e-01
1.737852073999999993e+04	6.285347284327761352e-01	3.141336312135490361e-01
1.737073741000000155e+04	6.323102499043655733e-01	3.158224244573085704e-01
1.736296129999999903e+04	6.358409826084573391e-01	3.174975671971806412e-01
1.735519239999999991e+04	6.391233247580828669e-01	3.191588078878991874e-01
1.734743070000000080e+04	6.421539783466763129e-01	3.208058974434560562e-01
1.733967618999999831e+04	6.449299544732713940e-01	3.224385893018502647e-01
1.733192885000000024e+04	6.474485811032520965e-01	3.240566415688123647e-01
1.732418868999999904e+04	6.497074944097356308e-01	3.256598087434101063e-01
1.731645568999999887e+04	6.517046616349960741e-01	3.272478543115132643e-01
1.730872983999999997e+04	6.534383704321498065e-01	3.288205424351203776e-01
1.730101111999999921e+04	6.549072360168165519e-01	3.303776421171758515e-01
1.729329953999999998e+04	6.561101952238824753e-01	3.319189192092833474e-01
1.728559507999999914e+04	6.570465185802280006e-01	3.334441485735940014e-01
1.727789773000000059e+04	6.577158023279143784e-01	3.349531060513564196e-01
1.727020748000000094e+04	6.581179698079626661e-01	3.364455705447778056e-01
1.726252432000000044e+04	6.582532701077731252e-01	3.379213240712217736e-01
1.725484823999999935e+04	6.581222760541767247e-01	3.393801518162503639e-01
1.724717923000000155e+04	6.577258815620444787e-01	3.408218421854881108e-01
1.723951728000000003e+04	6.570652983501233946e-01	3.422461868552985065e-01
1.723186238999999841e+04	6.561420534149779993e-01	3.436529789951885405e-01
1.722421453000000110e+04	6.549579793540407646e-01	3.450420206459592354e-01
1.721657371000000057e+04	6.535152185664466762e-01	3.464131099562399729e-01
1.720893991000000096e+04	6.518162076046695175e-01	3.477660539956683450e-01
1.720131312999999864e+04	6.498636795377671360e-01	3.491006597739416129e-01
1.719369335000000137e+04	6.476606483078091170e-01	3.504167413725590152e-01
1.718608055999999851e+04	6.452104083261389622e-01	3.517141146804676488e-01
1.717847475000000122e+04	6.425165246779073192e-01	3.529925992181187633e-01
1.717087591999999859e+04	6.395828289422860191e-01	3.542520165313029490e-01
1.716328406000000177e+04	6.364134034564080666e-01	3.554921935920744569e-01
1.715569915000000037e+04	6.330125706886312598e-01	3.567129627170159689e-01
1.714812117999999828e+04	6.293848921814705344e-01	3.579141583344363498e-01
1.714055015999999887e+04	6.255351655335327221e-01	3.590956155914051817e-01
1.713298605999999927e+04	6.214683840574052320e-01	3.602571797750645510e-01
1.712542886999999973e+04	6.171897554190786117e-01	3.613986968568567715e-01
1.711787859000000026e+04	6.127046877697654992e-01	3.625200152448160296e-01
1.711033522000000085e+04	6.080187738287605725e-01	3.636209873874893250e-01
1.710279872999999861e+04	6.031377598688968389e-01	3.647014740655580289e-01
1.709526912000000084e+04	5.980675716934410469e-01	3.657613356602025800e-01
1.708774638000000050e+04	5.928142785949352955e-01	3.668004380415603172e-01
1.708023050000000148e+04	5.873840878542814226e-01	3.678186511194598829e-01
1.707272147000000041e+04	5.817833330702436578e-01	3.688158488651547828e-01
1.706521928000000116e+04	5.760184624257097541e-01	3.697919093316768269e-01
1.705772393000000011e+04	5.700960349265791205e-01	3.707467134126137820e-01
1.705023540000000139e+04	5.640226850140068748e-01	3.716801486952804323e-01
1.704275368000000162e+04	5.578051339887972748e-01	3.725921055870222709e-01
1.703527877000000080e+04	5.514501793277671871e-01	3.734824774674248560e-01
1.702781064999999944e+04	5.449646576259137287e-01	3.743511642894949976e-01
1.702034932000000117e+04	5.383554670520460661e-01	3.751980678276166103e-01
1.701289476999999897e+04	5.316295303289274576e-01	3.760230952481006805e-01
1.700544699000000037e+04	5.247937918843640359e-01	3.768261579134729033e-01
1.699800595999999859e+04	5.178551973721673418e-01	3.776071724256951923e-01
1.699057168000000092e+04	5.108207107020540372e-01	3.783660574693559764e-01
1.698314414000000033e+04	5.036972757396620537e-01	3.791027370377546002e-01
1.697572333000000071e+04	4.964918149703196892e-01	3.798171393443386945e-01
1.696830924999999843e+04	4.892112291874637919e-01	3.805091959065886043e-01
1.696090188000000126e+04	4.818623581586609639e-01	3.811788443625365730e-01
1.695350120999999854e+04	4.744520002063369879e-01	3.818260255970084005e-01
1.694610723000000144e+04	4.669868932387586935e-01	3.824506847175968005e-01
1.693871993999999904e+04	4.594737159561400608e-01	3.830527702519703204e-01
1.693133932999999888e+04	4.519190589582059991e-01	3.836322358340616412e-01
1.692396538000000146e+04	4.443294160731866005e-01	3.841890400496127400e-01
1.691659809999999925e+04	4.367112176190995343e-01	3.847231434393158511e-01
1.690923746000000028e+04	4.290707506360285639e-01	3.852345137013754583e-01
1.690188346000000092e+04	4.214142239167605886e-01	3.857231205324881396e-01
1.689453609000000142e+04	4.137477198318292304e-01	3.861889385477266790e-01
1.688719535000000178e+04	4.060772086361352229e-01	3.866319459408382730e-01
1.687986121999999887e+04	3.984085110375872318e-01	3.870521262974635501e-01
1.687253369000000021e+04	3.907473238421363404e-01	3.874494666943948951e-01
1.686521275999999853e+04	3.830992146838165247e-01	3.878239578376140861e-01
1.685789842000000135e+04	3.754695961970819229e-01	3.881755951308402675e-01
1.685059064999999828e+04	3.678637215872548882e-01	3.885043785043875153e-01
1.684328945999999996e+04	3.602867221472745296e-01	3.888103106278338883e-01
1.683599481999999989e+04	3.527435307813266419e-01	3.890933999624754946e-01
1.682870673000000170e+04	3.452389514155425609e-01	3.893536577302528778e-01
1.682142519000000175e+04	3.377776247501013684e-01	3.895910992883344082e-01
1.681415018000000055e+04	3.303640053402819854e-01	3.898057446655293634e-01
1.680688168999999834e+04	3.230023903185781919e-01	3.899976174824379416e-01
1.679961972999999853e+04	3.156969273369968909e-01	3.901667448643225122e-01
1.679236426999999821e+04	3.084515526962960386e-01	3.903131588435337362e-01
1.678511530000000130e+04	3.012700510054743264e-01	3.904368947795920364e-01
1.677787283000000025e+04	2.941560537020683763e-01	3.905379916420959607e-01
1.677063683999999921e+04	2.871129893223501317e-01	3.906164927573658741e-01
1.676340731999999844e+04	2.801441231679164257e-01	3.906724450645398528e-01
1.675618426000000181e+04	2.732525476307926526e-01	3.907058992708585254e-01
1.674896765999999843e+04	2.664411921598169308e-01	3.907169098200560242e-01
1.674175750999999946e+04	2.597128050410204003e-01	3.907055349521129650e-01
1.673455380000000150e+04	2.530699642500122692e-01	3.906718365766189138e-01
1.672735651000000144e+04	2.465150698413991481e-01	3.906158801449938212e-01
1.672016563999999926e+04	2.400503730345699971e-01	3.905377348329405196e-01
1.671298118999999861e+04	2.336779593565379565e-01	3.904374735033140364e-01
1.670580313999999998e+04	2.273997334292716110e-01	3.903151722970593096e-01
1.669863148999999976e+04	2.212174568513849970e-01	3.901709111534957253e-01
1.669146621999999843e+04	2.151327158387639771e-01	3.900047730903350995e-01
1.668430732999999964e+04	2.091469585180428803e-01	3.898168449688520498e-01
1.667715481000000000e+04	2.032614721274403624e-01	3.896072168348821974e-01
1.667000864999999976e+04	1.974773948750778163e-01	3.893759820638493241e-01
1.666286883999999918e+04	1.917957192719031423e-01	3.891232373193355687e-01
1.665573537999999826e+04	1.862173033609922923e-01	3.888490829104536139e-01
1.664860825000000114e+04	1.807428507975255283e-01	3.885536216111312169e-01
1.664148745000000054e+04	1.753729458585329692e-01	3.882369601538344095e-01
1.663437297000000035e+04	1.701080338905980593e-01	3.878992080173238044e-01
1.662726480000000083e+04	1.649484331354923172e-01	3.875404777512802545e-01
1.662016292999999860e+04	1.598943387501363389e-01	3.871608849312050404e-01
1.661306735000000117e+04	1.549458268982570330e-01	3.867605481127909806e-01
1.660597806000000128e+04	1.501028656622259427e-01	3.863395893943329940e-01
1.659889504999999917e+04	1.453653052958523428e-01	3.858981332412036447e-01
1.659181829999999900e+04	1.407328831780266243e-01	3.854363062910948767e-01
1.658474782000000050e+04	1.362052541220800383e-01	3.849542399461908238e-01
1.657768359000000055e+04	1.317819553861699355e-01	3.844520664093578621e-01
1.657062559999999939e+04	1.274624372931133787e-01	3.839299212169421383e-01
1.656357384000000093e+04	1.232460609049683686e-01	3.833879425520151929e-01
1.655652832000000126e+04	1.191321138428552556e-01	3.828262728181419661e-01
1.654948901000000114e+04	1.151197793780168871e-01	3.822450538346585658e-01
1.654245591000000059e+04	1.112081818912334930e-01	3.816444322956091817e-01
1.653542901999999958e+04	1.073963729340187273e-01	3.810245574553828840e-01
1.652840831999999864e+04	1.036833249553281849e-01	3.803855792284694393e-01
1.652139381000000139e+04	1.000679571111318111e-01	3.797276516669326196e-01
1.651438547000000108e+04	9.654911815875417969e-02	3.790509292692859633e-01
1.650738331000000107e+04	9.312561589036244536e-02	3.783555716874476560e-01
1.650038729999999850e+04	8.979618623750125483e-02	3.776417368475430414e-01
1.649339745000000039e+04	8.655953624101861421e-02	3.769095888419732865e-01
1.648641374999999971e+04	8.341431862377658712e-02	3.761592918912360917e-01
1.647943618000000060e+04	8.035914107268680995e-02	3.753910111363498170e-01
1.647246473999999944e+04	7.739258303557135232e-02	3.746049158770552445e-01
1.646549942000000010e+04	7.451318578824428496e-02	3.738011762828511442e-01
1.645854021999999895e+04	7.171946437500865967e-02	3.729799655947148573e-01
1.645158712000000014e+04	6.900989883150832060e-02	3.721414565453295409e-01
1.644464012000000002e+04	6.638295347001685331e-02	3.712858260263862675e-01
1.643769919999999911e+04	6.383706440891931400e-02	3.704132502128695825e-01
1.643076437000000078e+04	6.137066122332606594e-02	3.695239107317752625e-01
1.642383560999999827e+04	5.898214785485612205e-02	3.686179870664793023e-01
1.641691291999999885e+04	5.666992349014657315e-02	3.676956628523737614e-01
1.640999628999999914e+04	5.443237465214987442e-02	3.667571219642503100e-01
1.640308569999999963e+04	5.226787832545097545e-02	3.658025483403778977e-01
1.639618115000000034e+04	5.017481388708118495e-02	3.648321300625052555e-01
1.638928264000000127e+04	4.815155872131327702e-02	3.638460566615605019e-01
1.638239016000000083e+04	4.619648772484342969e-02	3.628445175984338911e-01
1.637550368999999955e+04	4.430797595971355113e-02	3.618277020930356636e-01
1.636862322999999924e+04	4.248440898261871684e-02	3.607958034909060085e-01
1.636174877000000015e+04	4.072417634115730461e-02	3.597490148401279453e-01
1.635488031000000046e+04	3.902567873825107253e-02	3.586875318379029176e-01
1.634801783000000069e+04	3.738732232153515328e-02	3.576115481538308938e-01
1.634116133000000082e+04	3.580753022622282233e-02	3.565212615600716894e-01
1.633431079999999929e+04	3.428473675014188232e-02	3.554168692324354839e-01
1.632746623999999974e+04	3.281739342390076197e-02	3.542985708785358345e-01
1.632062763000000086e+04	3.140396389714583680e-02	3.531665637962329574e-01
1.631379497000000083e+04	3.004293377785902802e-02	3.520210493583501021e-01
1.630696824999999990e+04	2.873280541116527906e-02	3.508622280500515722e-01
1.630014745000000039e+04	2.747209932695444598e-02	3.496902993139157090e-01
1.629333258999999998e+04	2.625936429920279827e-02	3.485054701428491608e-01
1.628652363999999943e+04	2.509316179690773696e-02	3.473079395156538629e-01
1.627972060000000056e+04	2.397208139345555905e-02	3.460979121545162407e-01
1.627292345000000023e+04	2.289473277324022629e-02	3.448755897344742416e-01
1.626613220999999976e+04	2.185975598485303054e-02	3.436411816040242373e-01
1.625934684999999990e+04	2.086580792989141397e-02	3.423948885036580125e-01
1.625256735999999910e+04	1.991157400764744650e-02	3.411369150976358289e-01
1.624579375000000073e+04	1.899576798732962798e-02	3.398674701167751500e-01
1.623902599999999984e+04	1.811712550836164920e-02	3.385867569863354465e-01
1.623226410000000033e+04	1.727441009112584344e-02	3.372949811838054646e-01
1.622550806000000011e+04	1.646641430885056878e-02	3.359923522209082303e-01
1.621875784999999996e+04	1.569195277552264817e-02	3.346790720465386837e-01
1.621201346999999987e+04	1.494987079603509947e-02	3.333553484543839152e-01
1.620527492999999959e+04	1.423904169912303640e-02	3.320213913196162769e-01
1.619854219000000012e+04	1.355836075026400217e-02	3.306774006082117134e-01
1.619181526999999915e+04	1.290675665254033960e-02	3.293235881499833040e-01
1.618509415000000081e+04	1.228318117816669212e-02	3.279601577163199222e-01
1.617837881999999991e+04	1.168661424826241552e-02	3.265873149175911316e-01
1.617166928999999982e+04	1.111606444077395568e-02	3.252052693083259394e-01
1.616496552999999949e+04	1.057056369576482233e-02	3.238142220012847350e-01
1.615826754000000074e+04	1.004917316848991625e-02	3.224143800066227028e-01
1.615157531999999992e+04	9.550980292223445675e-03	3.210059500792402654e-01
1.614488885999999911e+04	9.075097838107474765e-03	3.195891365501638548e-01
1.613820815000000039e+04	8.620664461558584860e-03	3.181641433547694464e-01
1.613153318000000036e+04	8.186844391195085419e-03	3.167311739940695814e-01
1.612486393999999927e+04	7.772827094166367794e-03	3.152904314965461197e-01
1.611820044000000053e+04	7.377828078169175463e-03	3.138421227405483460e-01
1.611154264999999941e+04	7.001084935153204306e-03	3.123864453883240522e-01
1.610489057999999932e+04	6.641861694583956095e-03	3.109236052361600833e-01
1.609824421000000075e+04	6.299444384600842023e-03	3.094538009058623307e-01
1.609160354999999981e+04	5.973143856329253369e-03	3.079772370014227101e-01
1.608496857000000091e+04	5.662291799523258215e-03	3.064941085640303653e-01
1.607833928000000014e+04	5.366244229634678509e-03	3.050046188246848256e-01
1.607171565999999984e+04	5.084377692864301690e-03	3.035089635529142904e-01
1.606509771000000001e+04	4.816091091532849651e-03	3.020073422279088704e-01
1.605848543000000063e+04	4.560804260384294755e-03	3.004999535442910430e-01
1.605187880000000041e+04	4.317956779243826114e-03	2.989869907870806864e-01
1.604527781999999934e+04	4.087009036468029072e-03	2.974686509184759076e-01
1.603868247999999949e+04	3.867440595694831337e-03	2.959451277023604776e-01
1.603209276999999929e+04	3.658750103614241429e-03	2.944166139486013023e-01
1.602550869000000057e+04	3.460455094914775126e-03	2.928833038169092462e-01
1.601893022000000019e+04	3.272090593751985146e-03	2.913453858055730650e-01
1.601235736999999972e+04	3.093210097597188461e-03	2.898030543885652399e-01
1.600579011999999966e+04	2.923383374277006841e-03	2.882564959606049304e-01
1.599922847000000002e+04	2.762197377478379373e-03	2.867059005197394872e-01
1.599267240999999922e+04	2.609254958286751688e-03	2.851514545965443959e-01
1.598612194000000090e+04	2.464174884123935486e-03	2.835933459528058864e-01
1.597957703000000038e+04	2.326590493502006529e-03	2.820317540341102935e-01
1.597303770000000077e+04	2.196150946744126250e-03	2.804668690102926631e-01
1.596650393000000076e+04	2.072518847548129959e-03	2.788988702951164522e-01
1.595997572000000036e+04	1.955371042647848813e-03	2.773279408440768035e-01
1.595345305000000008e+04	1.844397416675386042e-03	2.757542575328448820e-01
1.594693591999999990e+04	1.739301171082872216e-03	2.741780007599003977e-01
1.594042432000000008e+04	1.639797858919857460e-03	2.725993472021282504e-01
1.593391826000000037e+04	1.545615426237007678e-03	2.710184770619278316e-01
1.592741770999999972e+04	1.456492920569940576e-03	2.694355594721565272e-01
1.592092266999999993e+04	1.372181116368046154e-03	2.678507694714483134e-01
1.591443313999999918e+04	1.292441648330192126e-03	2.662642807177333926e-01
1.590794909999999982e+04	1.217046397943846985e-03	2.646762605645232025e-01
1.590147055999999975e+04	1.145777710863828038e-03	2.630868822763359205e-01
1.589499750999999924e+04	1.078427428011701677e-03	2.614963127752410466e-01
1.588852993000000060e+04	1.014796678626965704e-03	2.599047150461634148e-01
1.588206782000000021e+04	9.546958230574739343e-04	2.583122555019523037e-01
1.587561117000000013e+04	8.979437986893158610e-04	2.567190965937122815e-01
1.586915998000000036e+04	8.443679715496658607e-04	2.551254017227666537e-01
1.586271423999999934e+04	7.938036346522003026e-04	2.535313302902468258e-01
1.585627393999999913e+04	7.460937859973843390e-04	2.519370401457863284e-01
1.584983907999999974e+04	7.010888880915881098e-04	2.503426900528303856e-01
1.584340964999999960e+04	6.586464213438893937e-04	2.487484347239150850e-01
1.583698564000000079e+04	6.186306745118515422e-04	2.471544272801935171e-01
1.583056704999999965e+04	5.809125205151269289e-04	2.455608217231958490e-01
1.582415386000000035e+04	5.453689664052100480e-04	2.439677654755666447e-01
1.581774608000000080e+04	5.118831760001312219e-04	2.423754117865681568e-01
1.581134368999999970e+04	4.803438826636391109e-04	2.407839048175074437e-01
1.580494669000000067e+04	4.506454127760081501e-04	2.391933920539336955e-01
1.579855507000000034e+04	4.226872927191259433e-04	2.376040168407369813e-01
1.579216883000000053e+04	3.963741128413020135e-04	2.360159233450052352e-01
1.578578794999999991e+04	3.716151811225452376e-04	2.344292490874866630e-01
1.577941243000000031e+04	3.483244744844649641e-04	2.328441348816581435e-01
1.577304226999999992e+04	3.264203439315887297e-04	2.312607198515688745e-01
1.576667746000000079e+04	3.058252858988097468e-04	2.296791389388901927e-01
1.576031797999999981e+04	2.864657615916690317e-04	2.280995229004872671e-01
1.575396384000000035e+04	2.682721329538380523e-04	2.265220082376099842e-01
1.574761503000000084e+04	2.511783294750947353e-04	2.249467247679015347e-01
1.574127153999999973e+04	2.351217449240005503e-04	2.233738005916799108e-01
1.573493336000000090e+04	2.200430740791020450e-04	2.218033620880646706e-01
1.572860049000000072e+04	2.058861776421302134e-04	2.202355363861748794e-01
1.572227291999999943e+04	1.925978845466778738e-04	2.186704464059359976e-01
1.571595065000000068e+04	1.801278928562549729e-04	2.171082158057702216e-01
1.570963365999999951e+04	1.684285717483167760e-04	2.155489615659836600e-01
1.570332194999999956e+04	1.574549079946576118e-04	2.139928038707490654e-01
1.569701552000000083e+04	1.471643363425842661e-04	2.124398611558410976e-01
1.569071435000000019e+04	1.375165889182384648e-04	2.108902451909099030e-01
1.568441844999999921e+04	1.284736581970924115e-04	2.093440733827887090e-01
1.567812780000000021e+04	1.199995939277900202e-04	2.078014540199173699e-01
1.567184238999999980e+04	1.120604589114114160e-04	2.062624961134167934e-01
1.566556222999999954e+04	1.046242344469683967e-04	2.047273118221481780e-01
1.565928730999999971e+04	9.766067304674016342e-05	2.031960066589437452e-01
1.565301761000000079e+04	9.114122341862051851e-05	2.016686819668053465e-01
1.564675312999999915e+04	8.503897339623494808e-05	2.001454422317993087e-01
1.564049387000000024e+04	7.932854146031519322e-05	1.986263901909419149e-01
1.563423982000000069e+04	7.398598833026648087e-05	1.971116244139346774e-01
1.562799097000000074e+04	6.898875093033123365e-05	1.956012417448167173e-01
1.562174731000000065e+04	6.431556924431970103e-05	1.940953373057471565e-01
1.561550885000000017e+04	5.994643020203364257e-05	1.925940093088479299e-01
1.560927556000000004e+04	5.586245897846722010e-05	1.910973446153247379e-01
1.560304745999999977e+04	5.204591796482859514e-05	1.896054403846852698e-01
1.559682452000000012e+04	4.848008117947438063e-05	1.881183800692470265e-01
1.559060675000000083e+04	4.514923354935372276e-05	1.866362549917334468e-01
1.558439413000000059e+04	4.203857551925857880e-05	1.851591476092048494e-01
1.557818666999999914e+04	3.913420381802329906e-05	1.836871458201259633e-01
1.557198435000000063e+04	3.642303246232264532e-05	1.822203287051105125e-01
1.556578715999999986e+04	3.389276660091978133e-05	1.807587760503732988e-01
1.555959511000000020e+04	3.153186056676123689e-05	1.793025706708751832e-01
1.555340818000000036e+04	2.932945636365744192e-05	1.778517866415546267e-01
1.554722637000000032e+04	2.727536375539805181e-05	1.764065010798264443e-01
1.554104968000000008e+04	2.536001432157609849e-05	1.749667894288058911e-01
1.553487809000000016e+04	2.357442032616574424e-05	1.735327208242382346e-01
1.552871160000000054e+04	2.191015334063744441e-05	1.721043674262515699e-01
1.552255019999999968e+04	2.035930304960939318e-05	1.706817974388788739e-01
1.551639388999999937e+04	1.891445241034369026e-05	1.692650797509688554e-01
1.551024265999999989e+04	1.756864397241297057e-05	1.678542793273410383e-01
1.550409650999999940e+04	1.631535749482416122e-05	1.664494618200851039e-01
1.549795542000000023e+04	1.514847810358169625e-05	1.650506867171430969e-01
1.549181940000000031e+04	1.406228190979549559e-05	1.636580187603912107e-01
1.548568843000000015e+04	1.305140168519955351e-05	1.622715142893398910e-01
1.547956250999999975e+04	1.211081440298903261e-05	1.608912326196083598e-01
1.547344163999999910e+04	1.123581691560784748e-05	1.595172314890430931e-01
1.546732580000000053e+04	1.042200413658592158e-05	1.581495626035674673e-01
1.546121499000000040e+04	9.665256535689841430e-06	1.567882806271417295e-01
1.545510921000000053e+04	8.961719815276931160e-06	1.554334386773083276e-01
1.544900844999999936e+04	8.307787704857006519e-06	1.540850861299506158e-01
1.544291268999999920e+04	7.700087071291782079e-06	1.527432686747495216e-01
1.543682194999999956e+04	7.135468296502148125e-06	1.514080393107259670e-01
1.543073619999999937e+04	6.610982901961085527e-06	1.500794385693328126e-01
1.542465545000000020e+04	6.123879289241634442e-06	1.487575142785642623e-01
1.541857969000000048e+04	5.671585198272963915e-06	1.474423084306358545e-01
1.541250890000000072e+04	5.251697606274398911e-06	1.461338594373310096e-01
1.540644310000000041e+04	4.861975372574036152e-06	1.448322128956616162e-01
1.540038226000000031e+04	4.500323093863372792e-06	1.435374022260533788e-01
1.539432638000000043e+04	4.164787039401765110e-06	1.422494658992636274e-01
1.538827547000000050e+04	3.853544633592583455e-06	1.409684430807521816e-01
1.538222949999999946e+04	3.564893648067691690e-06	1.396943630819853233e-01
1.537618848000000071e+04	3.297248472951280287e-06	1.384272623099187804e-01
1.537015240000000085e+04	3.049129696893340129e-06	1.371671715873638286e-01
1.536412125000000015e+04	2.819158242132962549e-06	1.359141204102994327e-01
1.535809503000000041e+04	2.606049196638696156e-06	1.346681390239829745e-01
1.535207373000000007e+04	2.408604950388773794e-06	1.334292542810758264e-01
1.534605733999999939e+04	2.225709889295255261e-06	1.321974917479368239e-01
1.534004586000000018e+04	2.056325289014452342e-06	1.309728777504284847e-01
1.533403929000000062e+04	1.899483921532498057e-06	1.297554373145757001e-01
1.532803760999999940e+04	1.754284876339357254e-06	1.285451901573024247e-01
1.532204082000000017e+04	1.619890176240731725e-06	1.273421588077246203e-01
1.531604891999999927e+04	1.495520053192227054e-06	1.261463645362049801e-01
1.531006189000000086e+04	1.380448700618535221e-06	1.249578234081296785e-01
1.530407973999999922e+04	1.274001634270097840e-06	1.237765562500941080e-01
1.529810246000000006e+04	1.175551287925707933e-06	1.226025787116913901e-01
1.529213004000000001e+04	1.084514251347400058e-06	1.214359052816436774e-01
1.528616246999999930e+04	1.000348282432927429e-06	1.202765493021454718e-01
1.528019974999999977e+04	9.225496378092119923e-07	1.191245249099041337e-01
1.527424187999999958e+04	8.506502960182155218e-07	1.179798450807603288e-01
1.526828883999999925e+04	7.842153063076888306e-07	1.168425178335530529e-01
1.526234064000000035e+04	7.228410875745898342e-07	1.157125558238842195e-01
1.525639725999999973e+04	6.661526247628999791e-07	1.145899648955460287e-01
1.525045869999999923e+04	6.138020137991394283e-07	1.134747536202774659e-01
1.524452495000000090e+04	5.654662941393946739e-07	1.123669276186067406e-01
1.523859600999999930e+04	5.208458888463943586e-07	1.112664933299804676e-01
1.523267187999999987e+04	4.796628864520007972e-07	1.101734561327262357e-01
1.522675253999999950e+04	4.416594064374717797e-07	1.090878167011891803e-01
1.522083798999999999e+04	4.065964641613843263e-07	1.080095784003918952e-01
1.521492822999999953e+04	3.742524992769825451e-07	1.069387435772235911e-01
1.520902324000000044e+04	3.444220521674598318e-07	1.058753099839515738e-01
1.520312303000000065e+04	3.169148815766867329e-07	1.048192798247769009e-01
1.519722759000000042e+04	2.915546342898633715e-07	1.037706507379369814e-01
1.519133690999999999e+04	2.681779627366191077e-07	1.027294194451094655e-01
1.518545097999999962e+04	2.466335969022171441e-07	1.016955817657718419e-01
1.517956981000000087e+04	2.267815447915694803e-07	1.006691361109828126e-01
1.517369338000000062e+04	2.084921129759040018e-07	9.965007474319220737e-02
1.516782167999999911e+04	1.916453065014982093e-07	9.863839082746155007e-02
1.516195471999999972e+04	1.761301442208121149e-07	9.763408009607311977e-02
1.515609249000000091e+04	1.618438965109805893e-07	9.663713397070261557e-02
1.515023497999999927e+04	1.486915463181091921e-07	9.564754305600386974e-02
1.514438219000000026e+04	1.365852475283497689e-07	9.466529882632963855e-02
1.513853410000000076e+04	1.254437402673287379e-07	9.369038859939013419e-02
1.513269072000000051e+04	1.151919655033563919e-07	9.272280391346292283e-02
1.512685203999999976e+04	1.057605154018005514e-07	9.176253217801944029e-02
1.512101806000000033e+04	9.708527155371535304e-08	9.080956168313852883e-02
1.511518875999999909e+04	8.910697060810759985e-08	8.986387670723952614e-02
1.510936413999999968e+04	8.177090241894687645e-08	8.892546406471953102e-02
1.510354420000000027e+04	7.502654161915318862e-08	8.799430981908762384e-02
1.509772892999999931e+04	6.882722659405553032e-08	8.707039771339893097e-02
1.509191832000000068e+04	6.312988449388310003e-08	8.615371081162986888e-02
1.508611238000000048e+04	5.789478015850153586e-08	8.524423463385172317e-02
1.508031107999999949e+04	5.308521253960921785e-08	8.434194775970413338e-02
1.507451444000000083e+04	4.866736353315097369e-08	8.344683591198154282e-02
1.506872243999999955e+04	4.461000764128574528e-08	8.255887794413242775e-02
1.506293506999999954e+04	4.088435671080935494e-08	8.167805365776935334e-02
1.505715234000000055e+04	3.746387868490585621e-08	8.080434526547998486e-02
1.505137422999999944e+04	3.432409652915391732e-08	7.993772982165114893e-02
1.504560074999999961e+04	3.144246615260101991e-08	7.907818830077908978e-02
1.503983187999999973e+04	2.879819759109691376e-08	7.822569661127184992e-02
1.503406761000000006e+04	2.637214174195005780e-08	7.738023161842007280e-02
1.502830796000000009e+04	2.414667042302587458e-08	7.654177400233287687e-02
1.502255290000000059e+04	2.210552859872810542e-08	7.571029659162101244e-02
1.501680242999999973e+04	2.023375966815655295e-08	7.488577607667547265e-02
1.501105654999999933e+04	1.851759318499179393e-08	7.406818860542400962e-02
1.500531524999999965e+04	1.694435054720383948e-08	7.325750838913007434e-02
1.499957853000000068e+04	1.550236609293611052e-08	7.245371056039939806e-02
1.499384638000000086e+04	1.418090309332455016e-08	7.165676836117924886e-02
1.498811880000000019e+04	1.297008623015820841e-08	7.086665595703743603e-02
1.498239578000000074e+04	1.186082989286957227e-08	7.008334566838292368e-02
1.497667730999999912e+04	1.084477874644491366e-08	6.930680938865044216e-02
1.497096339000000080e+04	9.914251966051311124e-09	6.853701993766429801e-02
1.496525401000000056e+04	9.062186786840094458e-09	6.777394835725396305e-02
1.495954917000000023e+04	8.282092941185885989e-09	6.701756661716197494e-02
1.495384886999999981e+04	7.568005772329885907e-09	6.626784626321391425e-02
1.494815308999999979e+04	6.914442466946093847e-09	6.552475583001572679e-02
1.494246183000000019e+04	6.316368630773928041e-09	6.478826611289020820e-02
1.493677510000000075e+04	5.769160958894009163e-09	6.405834879496966061e-02
1.493109287000000040e+04	5.268569978436342075e-09	6.333497006679893182e-02
1.492541515000000072e+04	4.810697588463409194e-09	6.261810090545671947e-02
1.491974193000000014e+04	4.391963553607795075e-09	6.190770939441068293e-02
1.491407320000000072e+04	4.009081845807152319e-09	6.120376331148939114e-02
1.490840897000000041e+04	3.659038167699120744e-09	6.050623259174659624e-02
1.490274921999999970e+04	3.339064945040898964e-09	5.981508315464501013e-02
1.489709395000000040e+04	3.046624489384855056e-09	5.913028309741182043e-02
1.489144314999999915e+04	2.779388671368320023e-09	5.845179901576813553e-02
1.488579682999999932e+04	2.535223347383293636e-09	5.777959962120259030e-02
1.488015495999999985e+04	2.312170042198012925e-09	5.711364859756723478e-02
1.487451756000000023e+04	2.108435317795970276e-09	5.645391530012495995e-02
1.486888460999999916e+04	1.922373829877550956e-09	5.580036411643028021e-02
1.486325610000000052e+04	1.752478151456820735e-09	5.515296040279662332e-02
1.485763204000000042e+04	1.597367622139878383e-09	5.451167157862582546e-02
1.485201240999999936e+04	1.455776554517311337e-09	5.387646140952711410e-02
1.484639722000000074e+04	1.326546374938225549e-09	5.324729685819253044e-02
1.484078644999999960e+04	1.208615348215057847e-09	5.262414131124069222e-02
1.483518010999999933e+04	1.101011913841542916e-09	5.200696131111925274e-02
1.482957818000000043e+04	1.002846017667642211e-09	5.139571990090979758e-02
1.482398065999999926e+04	9.133033136368498000e-10	5.079038216173817344e-02
1.481838754999999946e+04	8.316384807565014268e-10	5.019091299049454474e-02
1.481279883999999947e+04	7.571693591429111472e-10	4.959727605110526155e-02
1.480721451999999954e+04	6.892718516160321667e-10	4.900943487862473996e-02
1.480163459999999941e+04	6.273752851471813270e-10	4.842735496409494855e-02
1.479605905999999959e+04	5.709573813403650914e-10	4.785099852311807539e-02
1.479048790000000008e+04	5.195407523112482811e-10	4.728032974338908928e-02
1.478492110999999932e+04	4.726888209496598650e-10	4.671531166764295029e-02
1.477935870000000068e+04	4.300026388661270150e-10	4.615590925117810800e-02
1.477380064999999922e+04	3.911173273347947910e-10	4.560208431788720373e-02
1.476824695000000065e+04	3.556995215048361327e-10	4.505379963674272653e-02
1.476269762000000082e+04	3.234447891937853746e-10	4.451102082993654840e-02
1.475715263000000050e+04	2.940747139109819432e-10	4.397370852811526010e-02
1.475161197999999968e+04	2.673351525369682470e-10	4.344182624791929903e-02
1.474607567999999992e+04	2.429940312566446884e-10	4.291533837031581006e-02
1.474054370999999992e+04	2.208392987468757267e-10	4.239420635291892003e-02
1.473501605999999992e+04	2.006774010660927303e-10	4.187839258540794474e-02
1.472949274999999943e+04	1.823317481619349316e-10	4.136786219128281428e-02
1.472397374999999920e+04	1.656409950490262924e-10	4.086257561358405677e-02
1.471845905999999923e+04	1.504580001684279303e-10	4.036249605996606454e-02
1.471294867999999951e+04	1.366485007659238052e-10	3.986758669660358384e-02
1.470744261000000006e+04	1.240900048492836383e-10	3.937781065474474373e-02
1.470194082999999955e+04	1.126707371106484763e-10	3.889312928378038658e-02
1.469644334999999955e+04	1.022888181253033540e-10	3.841350658345038527e-02
1.469095015000000058e+04	9.285128852522471628e-11	3.793890392389565047e-02
1.468546124000000054e+04	8.427344452871638093e-11	3.746928528634089345e-02
1.467997660999999971e+04	7.647803578525851778e-11	3.700461292782949302e-02
1.467449625000000015e+04	6.939465284861762105e-11	3.654484913996695894e-02
1.466902016000000003e+04	6.295914205279880016e-11	3.608995708076517817e-02
1.466354833999999937e+04	5.711304501179157960e-11	3.563989992057112893e-02
1.465808077000000048e+04	5.180308260137060649e-11	3.519463922702597419e-02
1.465261744999999974e+04	4.698074223412693647e-11	3.475413826013528523e-02
1.464715839000000051e+04	4.260184531115336328e-11	3.431836110232926174e-02
1.464170355999999992e+04	3.862612924040756114e-11	3.388726869239922640e-02
1.463625297999999930e+04	3.501697055923502230e-11	3.346082599494160092e-02
1.463080662999999913e+04	3.174100011150984079e-11	3.303899487251435452e-02
1.462536450999999943e+04	2.876785638015409019e-11	3.262173882425494637e-02
1.461992661000000044e+04	2.606990111975051196e-11	3.220902064711841928e-02
1.461449293000000034e+04	2.362198872257981016e-11	3.180080397388654334e-02
1.460906346999999914e+04	2.140123956571404212e-11	3.139705249941845272e-02
1.460363820999999916e+04	1.938683180036170121e-11	3.099772852070386067e-02
1.459821716000000015e+04	1.755983708967538521e-11	3.060279664023123763e-02
1.459280031000000054e+04	1.590303347633668381e-11	3.021222007097431467e-02
1.458738766000000032e+04	1.440076349006769799e-11	2.982596284496396438e-02
1.458197919000000002e+04	1.303878607482906823e-11	2.944398767249965104e-02
1.457657490999999936e+04	1.180416255893099104e-11	2.906625949563534234e-02
1.457117481000000043e+04	1.068512741088800457e-11	2.869274194230502645e-02
1.456577887999999984e+04	9.670988162645902383e-12	2.832339876435841647e-02
1.456038711999999941e+04	8.752030502131514893e-12	2.795819451465096292e-02
1.455499952999999914e+04	7.919428071414206387e-12	2.759709384821991754e-02
1.454961609999999928e+04	7.165161108576040130e-12	2.724006086625559847e-02
1.454423682999999983e+04	6.481946566116970312e-12	2.688706045997216187e-02
1.453886169999999947e+04	5.863167702372817097e-12	2.653805634151527870e-02
1.453349072999999953e+04	5.302820550727120163e-12	2.619301494985646489e-02
1.452812389000000076e+04	4.795448650411674378e-12	2.585189962731866686e-02
1.452276118999999926e+04	4.336102489860599686e-12	2.551467642159410687e-02
1.451740262000000075e+04	3.920287600802508858e-12	2.518131024089910117e-02
1.451204817999999977e+04	3.543925741606608620e-12	2.485176676036186805e-02
1.450669786999999997e+04	3.203316046212002588e-12	2.452601178603127513e-02
1.450135167000000001e+04	2.895099470713759035e-12	2.420401005971959535e-02
1.449600957999999991e+04	2.616229942228605048e-12	2.388572769684948333e-02
1.449067159999999967e+04	2.363944363113597385e-12	2.357113095166776112e-02
1.448533772999999928e+04	2.135736665672312812e-12	2.326018621993890256e-02
1.448000794999999925e+04	1.929333475598617650e-12	2.295285889462195250e-02
1.447468226999999933e+04	1.742674664809124713e-12	2.264911626706591491e-02
1.446936067000000003e+04	1.573891483256615077e-12	2.234892406929545397e-02
1.446404317000000083e+04	1.421291190517460741e-12	2.205225045318551930e-02
1.445872974000000067e+04	1.283338130975989752e-12	2.175906093098965710e-02
1.445342037999999957e+04	1.158641503160724628e-12	2.146932287144482851e-02
1.444811510000000089e+04	1.045941245881840930e-12	2.118300433701576432e-02
1.444281387999999970e+04	9.440951111461143456e-13	2.090007193329874655e-02
1.443751672999999937e+04	8.520689420939215264e-13	2.062049404910181599e-02
1.443222363000000041e+04	7.689255182290817716e-13	2.034423765571289830e-02
1.442693457999999919e+04	6.938163911475281377e-13	2.007127096226081833e-02
1.442164957999999933e+04	6.259732460709345656e-13	1.980156234418036995e-02
1.441636861999999928e+04	5.647003143015104014e-13	1.953507984322284605e-02
1.441109170000000086e+04	5.093678369427390067e-13	1.927179218963347151e-02
1.440581881000000067e+04	4.594056641525227663e-13	1.901166779427203649e-02
1.440054996000000028e+04	4.142979502073677674e-13	1.875467623288250285e-02
1.439528512000000046e+04	3.735775505238893771e-13	1.850078531521683750e-02
1.439002431000000070e+04	3.368221642909806843e-13	1.824996546233882688e-02
1.438476750999999967e+04	3.036494357548211716e-13	1.800218535377165127e-02
1.437951471999999922e+04	2.737136194103406163e-13	1.775741481661266899e-02
1.437426593999999932e+04	2.467019814368994819e-13	1.751562385684905451e-02
1.436902115000000049e+04	2.223315954429763162e-13	1.727678175505558203e-02
1.436378037000000040e+04	2.003467989364266478e-13	1.704085980498572239e-02
1.435854357999999957e+04	1.805162580989473680e-13	1.680782767135974645e-02
1.435331077000000005e+04	1.626308862055366251e-13	1.657765568053815031e-02
1.434808194999999978e+04	1.465017454467938171e-13	1.635031522756297262e-02
1.434285709999999926e+04	1.319579761974261725e-13	1.612577659031128041e-02
1.433763623000000007e+04	1.188452539442510632e-13	1.590401153903807027e-02
1.433241933000000063e+04	1.070240761197058363e-13	1.568499117570779436e-02
1.432720638999999937e+04	9.636840644509393383e-14	1.546868680896873634e-02
1.432199741999999969e+04	8.676442343197653957e-14	1.525507076982317300e-02
1.431679239000000052e+04	7.810924355752570155e-14	1.504411394666770388e-02
1.431159132999999929e+04	7.031004322467290349e-14	1.483578986281788512e-02
1.430639420000000064e+04	6.328289176436177562e-14	1.463006941978860741e-02
1.430120102000000043e+04	5.695208725866108785e-14	1.442692611673756370e-02
1.429601178000000073e+04	5.124924204148452276e-14	1.422633245300667856e-02
1.429082646999999997e+04	4.611262173358853926e-14	1.402826113688904718e-02
1.428564508999999998e+04	4.148651283331156867e-14	1.383268546083762755e-02
1.428046764000000076e+04	3.732063110046314552e-14	1.363957890837435433e-02
1.427529409999999916e+04	3.356958415348764549e-14	1.344891442178674720e-02
1.427012448000000040e+04	3.019243557596293371e-14	1.326066625597784390e-02
1.426495876999999928e+04	2.715223798943500123e-14	1.307480812478256475e-02
1.425979696999999942e+04	2.441566693090910930e-14	1.289131430454062456e-02
1.425463906999999926e+04	2.195265841657325284e-14	1.271015891445091001e-02
1.424948507000000063e+04	1.973610265174743664e-14	1.253131662754263485e-02
1.424433496000000014e+04	1.774154790064824577e-14	1.235476196810481563e-02
1.423918873999999960e+04	1.594695017264184714e-14	1.218047000561276946e-02
1.423404639999999927e+04	1.433243138749360255e-14	1.200841566889395556e-02
1.422890795000000071e+04	1.288007759099331914e-14	1.183857475186763514e-02
1.422377337000000080e+04	1.157373298096020295e-14	1.167092225058045073e-02
1.421864265999999952e+04	1.039884216859483084e-14	1.150543402570554895e-02
1.421351582000000053e+04	9.342287780117822097e-15	1.134208612922004041e-02
1.420839284000000043e+04	8.392247985176679020e-15	1.118085449150774298e-02
1.420327371999999923e+04	7.538073457506792492e-15	1.102171555829295664e-02
1.419815846000000056e+04	6.770170220650252603e-15	1.086464596594909938e-02
1.419304703999999947e+04	6.079893484020805535e-15	1.070962193846601573e-02
1.418793946999999935e+04	5.459461152765975458e-15	1.055662081286745657e-02
1.418283574000000044e+04	4.901862220488306414e-15	1.040561951291732803e-02
1.417773584999999912e+04	4.400784537834559128e-15	1.025659545676069206e-02
1.417263978999999927e+04	3.950543796713322862e-15	1.010952596464638649e-02
1.416754756000000089e+04	3.546023414925378648e-15	9.964388842863004456e-03
1.416245915000000059e+04	3.182616737357085451e-15	9.821161805952957277e-03
1.415737456000000020e+04	2.856178099933354413e-15	9.679823046213672372e-03
1.415229378999999972e+04	2.562976356784031767e-15	9.540350942890046815e-03
1.414721681999999964e+04	2.299652820677315668e-15	9.402723522978100046e-03
1.414214366999999947e+04	2.063187366037139873e-15	9.266920090534905632e-03
1.413707430999999997e+04	1.850860456108063394e-15	9.132918794701991999e-03
1.413200876000000062e+04	1.660227696898761754e-15	9.000699306134781613e-03
1.412694699000000037e+04	1.489088452916862488e-15	8.870240172730197922e-03
1.412188902000000053e+04	1.335465147512940347e-15	8.741521429278543628e-03
1.411683482999999978e+04	1.197578048057581268e-15	8.614522268851636591e-03
1.411178442999999970e+04	1.073827607449858989e-15	8.489222831753098081e-03
1.410673780000000079e+04	9.627748947789088823e-16	8.365602696964928239e-03
1.410169493999999941e+04	8.631267420601143763e-16	8.243642129751723932e-03
1.409665584999999919e+04	7.737206377959828417e-16	8.123321575269040057e-03
1.409162053000000014e+04	6.935116371680685349e-16	8.004621657902175405e-03
1.408658895999999913e+04	6.215603010228692271e-16	7.887522718114272149e-03
1.408156115999999929e+04	5.570229455101211340e-16	7.772006210992230338e-03
1.407653709999999955e+04	4.991408210187097408e-16	7.658052618196774415e-03
1.407151678999999967e+04	4.472326917299819055e-16	7.545643522350895492e-03
1.406650021999999990e+04	4.006863220377963676e-16	7.434760230508972480e-03
1.406148739000000023e+04	3.589518393360503470e-16	7.325384452328950226e-03
1.405647830000000067e+04	3.215353349449893728e-16	7.217498071021675662e-03
1.405147293999999965e+04	2.879931508156546118e-16	7.111082931342177331e-03
1.404647129999999925e+04	2.579268847355531674e-16	7.006121060940532705e-03
1.404147338999999920e+04	2.309789107568469154e-16	6.902595080819255019e-03
1.403647919000000002e+04	2.068279762214324079e-16	6.800487161898282132e-03
1.403148870999999963e+04	1.851858226102173732e-16	6.699780266963925590e-03
1.402650194000000010e+04	1.657935978805020988e-16	6.600457120716822501e-03
1.402151886999999988e+04	1.484189705240901128e-16	6.502500625593335415e-03
1.401653951000000052e+04	1.328534914661720881e-16	6.405894246079719620e-03
1.401156384000000071e+04	1.189100057892300602e-16	6.310621031229958489e-03
1.400659187000000020e+04	1.064206628238149679e-16	6.216664777814038222e-03
1.400162358999999924e+04	9.523480952158204678e-17	6.124009065569298825e-03
1.399665898999999990e+04	8.521729425242060623e-17	6.032637646585276188e-03
1.399169807000000037e+04	7.624690024841921147e-17	5.942534624526750811e-03
1.398674083000000064e+04	6.821489830425938018e-17	5.853684263490821667e-03
1.398178725999999915e+04	6.102375623670859868e-17	5.766070811378649907e-03
1.397683735999999953e+04	5.458602334580953010e-17	5.679678857316250613e-03
1.397189112999999998e+04	4.882328068863391334e-17	5.594493147877218145e-03
1.396694856000000073e+04	4.366520530335838703e-17	5.510498417319679640e-03
1.396200964000000022e+04	3.904875247527926615e-17	5.427679564401488577e-03
1.395707438000000002e+04	3.491742345377005662e-17	5.346021979850621927e-03
1.395214276000000064e+04	3.122054995546772786e-17	5.265510712424576953e-03
1.394721478999999999e+04	2.791274194371315555e-17	5.186131460638199533e-03
1.394229046000000017e+04	2.495330679627346879e-17	5.107869749891545685e-03
1.393736976999999933e+04	2.230578574230267662e-17	5.030711420108106499e-03
1.393245269999999982e+04	1.993750101003016142e-17	4.954642153065027220e-03
1.392753926999999931e+04	1.781919384800962835e-17	4.879648401621414396e-03
1.392262946000000011e+04	1.592463463927695357e-17	4.805716150966973105e-03
1.391772328000000016e+04	1.423033928885755349e-17	4.732831991222485879e-03
1.391282070000000022e+04	1.271526002381048138e-17	4.660982067177015832e-03
1.390792173999999977e+04	1.136056176809121450e-17	4.590153409193310774e-03
1.390302639000000090e+04	1.014936795921006210e-17	4.520332749698956730e-03
1.389813464999999997e+04	9.066569091662314265e-18	4.451507110364448863e-03
1.389324649999999929e+04	8.098632594828546980e-18	4.383663377839462291e-03
1.388836195000000043e+04	7.233448939583030223e-18	4.316789001321237086e-03
1.388348099999999977e+04	6.460175283790881391e-18	4.250871426841669465e-03
1.387860362999999961e+04	5.769103063691458970e-18	4.185897973295255210e-03
1.387372984999999971e+04	5.151546975658670698e-18	4.121856501943977832e-03
1.386885964000000058e+04	4.599730176951929049e-18	4.058734615917870998e-03
1.386399301999999989e+04	4.106697668249399739e-18	3.996520574516601761e-03
1.385912996000000021e+04	3.666221010136949244e-18	3.935202129992883269e-03
1.385427047999999922e+04	3.272732016593252053e-18	3.874767804925948692e-03
1.384941455999999926e+04	2.921245748810155389e-18	3.815205751873296594e-03
1.384456220000000030e+04	2.607304421987017592e-18	3.756504507073384937e-03
1.383971340000000055e+04	2.326920485294021807e-18	3.698652735499114927e-03
1.383486815999999999e+04	2.076527337609488007e-18	3.641639229832051728e-03
1.383002645999999913e+04	1.852934300862632138e-18	3.585452678950752214e-03
1.382518829999999980e+04	1.653289090040129658e-18	3.530082137426106877e-03
1.382035368999999992e+04	1.475041521320353606e-18	3.475516896300453237e-03
1.381552261999999973e+04	1.315910670767173154e-18	3.421746142724189053e-03
1.381069507999999951e+04	1.173857392100768757e-18	3.368759192445417057e-03
1.380587106999999924e+04	1.047059085140382371e-18	3.316545596077154819e-03
1.380105059000000074e+04	9.338865306290108272e-19	3.265095024429689151e-03
1.379623363000000063e+04	8.328833008085026173e-19	3.214397162982659401e-03
1.379142017999999916e+04	7.427477869995108555e-19	3.164441821209808530e-03
1.378661025999999947e+04	6.623173095459256009e-19	3.115219236235573438e-03
1.378180384000000049e+04	5.905520915481254106e-19	3.066719248761281841e-03
1.377700093000000015e+04	5.265237192991588710e-19	3.018932226632600919e-03
1.377220152000000053e+04	4.694024342628670460e-19	2.971848451143687970e-03
1.376740560999999980e+04	4.184470911608459858e-19	2.925458418015967031e-03
1.376261319999999978e+04	3.729956248587478460e-19	2.879752734783468625e-03
1.375782428000000073e+04	3.324565826352690377e-19	2.834722026431664606e-03
1.375303883999999925e+04	2.963017347807875753e-19	2.790357033029118757e-03
1.374825689000000057e+04	2.640594805329013209e-19	2.746648790079673531e-03
1.374347841999999946e+04	2.353085414708647020e-19	2.703588256666168612e-03
1.373870342999999957e+04	2.096728144716120757e-19	2.661166591908442798e-03
1.373393190999999933e+04	1.868164463922803175e-19	2.619374973656717585e-03
1.372916386000000057e+04	1.664396468060852355e-19	2.578204775138554644e-03
1.372439926999999989e+04	1.482747511274986969e-19	2.537647388719037507e-03
1.371963813999999911e+04	1.320828735628271266e-19	2.497694397566768525e-03
1.371488047999999981e+04	1.176508186454904909e-19	2.458337568615619109e-03
1.371012625999999909e+04	1.047881970024193004e-19	2.419568440946966853e-03
1.370537550000000010e+04	9.332523887536779322e-20	2.381379066349580652e-03
1.370062817999999970e+04	8.311035073712185433e-20	2.343761271411114264e-03
1.369588429999999971e+04	7.400831705575513192e-20	2.306707144634164743e-03
1.369114386999999988e+04	6.589851115185665691e-20	2.270208947674418661e-03
1.368640685999999914e+04	5.867325257539142391e-20	2.234258732205521725e-03
1.368167329000000063e+04	5.223656025295360012e-20	2.198849029126081871e-03
1.367694314999999915e+04	4.650277421683043802e-20	2.163972234960676033e-03
1.367221643000000040e+04	4.139549458666839712e-20	2.129620843443124408e-03
1.366749313000000075e+04	3.684659459461782630e-20	2.095787515573729106e-03
1.366277325000000019e+04	3.279531807367366370e-20	2.062465003364232809e-03
1.365805678000000080e+04	2.918747908541368659e-20	2.029646079853716922e-03
1.365334372000000076e+04	2.597477042665181784e-20	1.997323679357776265e-03
1.364863406000000032e+04	2.311411537012898074e-20	1.965490757324502447e-03
1.364392780999999923e+04	2.056712152367814361e-20	1.934140492686264173e-03
1.363922494999999981e+04	1.829954779442540892e-20	1.903265951410067170e-03
1.363452548999999999e+04	1.628088686414479367e-20	1.872860485284603147e-03
1.362982942000000003e+04	1.448393777271662665e-20	1.842917400332858566e-03
1.362513673000000017e+04	1.288445839533286243e-20	1.813430090017917155e-03
1.362044743000000017e+04	1.146085083773266622e-20	1.784392157199328737e-03
1.361576151000000027e+04	1.019386228216796900e-20	1.755797161901978499e-03
1.361107897000000048e+04	9.066340265502874559e-21	1.727638808494763633e-03
1.360639978999999948e+04	8.062997792677358597e-21	1.699910763900675361e-03
1.360172399000000041e+04	7.170223618600021789e-21	1.672607013136340106e-03
1.359705155000000013e+04	6.375884120669805295e-21	1.645721384357487190e-03
1.359238247000000047e+04	5.669174517904808298e-21	1.619247902670237476e-03
1.358771674999999959e+04	5.040470457241917126e-21	1.593180669921065266e-03
1.358305438999999933e+04	4.481199689898036818e-21	1.567513863881166885e-03
1.357839537000000018e+04	3.983725611205802609e-21	1.542241629748887987e-03
1.357373970000000008e+04	3.541250786285479977e-21	1.517358352517456316e-03
1.356908738000000085e+04	3.147721028856308658e-21	1.492858435167056371e-03
1.356443839999999909e+04	2.797744826109983621e-21	1.468736301827387953e-03
1.355979275000000052e+04	2.486522021855712117e-21	1.444986451528967311e-03
1.355515042999999969e+04	2.209779801741450125e-21	1.421603507312579548e-03
1.355051144999999997e+04	1.963714826696168525e-21	1.398582211660348096e-03
1.354587578000000030e+04	1.744939504346523552e-21	1.375917179439872405e-03
1.354124344999999994e+04	1.550441328921658388e-21	1.353603389716238111e-03
1.353661441999999988e+04	1.377536129774466965e-21	1.331635551109562133e-03
1.353198871999999938e+04	1.223837707756425268e-21	1.310008775451029219e-03
1.352736631999999918e+04	1.087220508432651063e-21	1.288717958232449973e-03
1.352274724000000060e+04	9.657946046891804929e-22	1.267758293939745063e-03
1.351813145000000077e+04	8.578770494351032585e-22	1.247124814615635426e-03
1.351351896999999917e+04	7.619716593085895696e-22	1.226812842903409915e-03
1.350890978999999970e+04	6.767466380185039827e-22	1.206817630318890184e-03
1.350430390000000079e+04	6.010172521699737778e-22	1.187134493592179561e-03
1.349970129000000088e+04	5.337296588660719141e-22	1.167758813867705294e-03
1.349510197999999946e+04	4.739468717182445834e-22	1.148686159383414561e-03
1.349050595000000067e+04	4.208349710755897365e-22	1.129911991662960451e-03
1.348591320000000087e+04	3.736525538912761384e-22	1.111431916743739479e-03
1.348132372000000032e+04	3.317401841421675567e-22	1.093241560327135606e-03
1.347673752000000059e+04	2.945116293213656585e-22	1.075336686288577270e-03
1.347215458000000035e+04	2.614453755875560402e-22	1.057712999280594835e-03
1.346757490999999936e+04	2.320779482826704776e-22	1.040366378297883287e-03
1.346299849999999969e+04	2.059971465735271171e-22	1.023292682242835441e-03
1.345842534999999953e+04	1.828365773002139389e-22	1.006487864330363061e-03
1.345385546000000068e+04	1.622705259321732093e-22	9.899479326923872179e-04
1.344928881999999976e+04	1.440094220169949099e-22	9.736689143567945053e-04
1.344472542000000067e+04	1.277958916351405172e-22	9.576468921230113550e-04
1.344016527999999926e+04	1.134012805794464439e-22	9.418781068045848671e-04
1.343560836999999992e+04	1.006222206151013737e-22	9.263586783598091448e-04
1.343105470000000059e+04	8.927810306029086722e-23	9.110849177872569395e-04
1.342650425999999970e+04	7.920838273648100151e-23	8.960531195124301794e-04
1.342195706000000064e+04	7.027044751410517123e-23	8.812596949632459271e-04
1.341741308000000026e+04	6.233752802626917412e-23	8.667010080205468951e-04
1.341287233000000015e+04	5.529704998304034290e-23	8.523735696086916138e-04
1.340833479000000079e+04	4.904895738277554046e-23	8.382738448077725136e-04
1.340380047999999988e+04	4.350442052209390660e-23	8.243984719428010862e-04
1.339926936999999998e+04	3.858447299142415370e-23	8.107439834799135556e-04
1.339474148000000059e+04	3.421902994847330155e-23	7.973071114662579105e-04
1.339021680000000015e+04	3.034581224418874618e-23	7.840845435380168916e-04
1.338569532000000072e+04	2.690951093476085783e-23	7.710730147991218296e-04
1.338117704000000049e+04	2.386101634579272400e-23	7.582693353187080218e-04
1.337666194999999971e+04	2.115671229748474208e-23	7.456703319857882874e-04
1.337215005999999994e+04	1.875788096388265364e-23	7.332729318797878357e-04
1.336764135999999962e+04	1.663013355457864178e-23	7.210740500985708418e-04
1.336313585000000057e+04	1.474294323055924536e-23	7.090706727099158882e-04
1.335863351999999941e+04	1.306920458342563309e-23	6.972598020714928678e-04
1.335413436000000002e+04	1.158485595041164596e-23	6.856384839360989006e-04
1.334963839000000007e+04	1.026854708154547018e-23	6.742038825832086203e-04
1.334514559000000008e+04	9.101314738204218874e-24	6.629531004862748798e-04
1.334065596000000005e+04	8.066333408991924679e-24	6.518833323640398471e-04
1.333616949000000022e+04	7.148667802859180066e-24	6.409917885286293710e-04
1.333168619000000035e+04	6.335067085158455736e-24	6.302757673958396013e-04
1.332720605000000069e+04	5.613768320956839792e-24	6.197325578741266772e-04
1.332272905999999966e+04	4.974333820357193163e-24	6.093594885185491450e-04
1.331825523000000067e+04	4.407504717827451651e-24	5.991539722634467826e-04
1.331378455000000031e+04	3.905063239270796685e-24	5.891134132541242215e-04
1.330931701000000066e+04	3.459718718441986381e-24	5.792352537556973288e-04
1.330485261999999966e+04	3.065005012109482904e-24	5.695170168320889612e-04
1.330039135999999962e+04	2.715183302487341164e-24	5.599561961649557155e-04
1.329593325000000004e+04	2.405165955731302604e-24	5.505504071328390717e-04
1.329147825999999986e+04	2.130436729099591359e-24	5.412971942818983404e-04
1.328702641000000040e+04	1.886993021031768795e-24	5.321942418644367298e-04
1.328257768000000033e+04	1.671282613298277872e-24	5.232391856123355016e-04
1.327813207999999941e+04	1.480156672098505580e-24	5.144297562415921926e-04
1.327368959999999970e+04	1.310821860720770805e-24	5.057636775577838617e-04
1.326925022999999965e+04	1.160801244916258157e-24	4.972387071983239886e-04
1.326481398000000081e+04	1.027899130319108916e-24	4.888526736743080848e-04
1.326038083000000006e+04	9.101677876640411588e-25	4.806033806675518620e-04
1.325595080000000053e+04	8.058813662717616854e-25	4.724887382045310524e-04
1.325152385999999933e+04	7.135086174217102289e-25	4.645065954726681915e-04
1.324710002999999961e+04	6.316931223290358706e-25	4.566549235932615175e-04
1.324267929999999978e+04	5.592318457754143569e-25	4.489316695334490430e-04
1.323826166000000012e+04	4.950584339387560720e-25	4.413348110549237288e-04
1.323384711000000061e+04	4.382278535851670870e-25	4.338623730752919332e-04
1.322943564999999944e+04	3.879024821186001445e-25	4.265124093932367980e-04
1.322502727000000050e+04	3.433398459151510546e-25	4.192829860372664736e-04
1.322062197000000015e+04	3.038820496459927147e-25	4.121722141954545422e-04
1.321621975000000020e+04	2.689460666943377109e-25	4.051782327817803043e-04
1.321182061000000067e+04	2.380152476393799354e-25	3.982992080676332346e-04
1.320742453000000023e+04	2.106316712498638974e-25	3.915333027798962142e-04
1.320303153000000020e+04	1.863898426116314395e-25	3.848787683169180730e-04
1.319864158999999927e+04	1.649302670551570733e-25	3.783338212494756622e-04
1.319425470999999925e+04	1.459345608128855031e-25	3.718967350565098324e-04
1.318987089000000014e+04	1.291206612200845937e-25	3.655658087512467865e-04
1.318549013000000014e+04	1.142386967266352359e-25	3.593393665379665601e-04
1.318111240999999973e+04	1.010672683131754396e-25	3.532157297190463498e-04
1.317673775000000023e+04	8.941038539165394703e-26	3.471933005000262646e-04
1.317236613000000034e+04	7.909434495561687580e-26	3.412704497372442622e-04
1.316799755999999979e+04	6.996537541094699273e-26	3.354456135319713460e-04
1.316363201999999910e+04	6.188723034002499181e-26	3.297172115886587451e-04
1.315926951999999983e+04	5.473930875615822926e-26	3.240837268917607251e-04
1.315491006000000016e+04	4.841479228141697468e-26	3.185436518451204859e-04
1.315055362000000059e+04	4.281906822843970774e-26	3.130954765885743743e-04
1.314620021000000088e+04	3.786840105454923256e-26	3.077377517072990391e-04
1.314184982999999920e+04	3.348863585800934269e-26	3.024690368934437922e-04
1.313750245999999970e+04	2.961410092037836595e-26	2.972878898111549085e-04
1.313315812000000005e+04	2.618669052491209222e-26	2.921929374881426008e-04
1.312881677999999920e+04	2.315492594527910432e-26	2.871827692178984459e-04
1.312447846000000027e+04	2.047327202646889020e-26	2.822560535505703257e-04
1.312014314999999988e+04	1.810140106891700551e-26	2.774114447401680641e-04
1.311581084000000010e+04	1.600361857171026925e-26	2.726476179008843694e-04
1.311148152999999911e+04	1.414833634456359844e-26	2.679632794335174719e-04
1.310715522000000055e+04	1.250759638534513567e-26	2.633571553023702268e-04
1.310283191000000079e+04	1.105665493355553522e-26	2.588279907633867448e-04
1.309851159000000007e+04	9.773611241492587171e-27	2.543745398706024068e-04
1.309419426000000021e+04	8.639087786397674086e-27	2.499955861532579646e-04
1.308987990999999965e+04	7.635935076504802104e-27	2.456899217218743337e-04
1.308556854999999996e+04	6.748982779188449322e-27	2.414563770257781110e-04
1.308126016999999956e+04	5.964803705318009576e-27	2.372937806726367442e-04
1.307695476000000053e+04	5.271518386781023942e-27	2.332009796017104079e-04
1.307265233000000080e+04	4.658619794842739700e-27	2.291768573656796074e-04
1.306835287000000062e+04	4.116809508206074146e-27	2.252202958548462253e-04
1.306405637999999999e+04	3.637863106245357929e-27	2.213302034919804244e-04
1.305976284999999916e+04	3.214504203812623360e-27	2.175054965737274217e-04
1.305547227999999996e+04	2.840297440283813804e-27	2.137451171338542865e-04
1.305118468000000030e+04	2.509551222308321988e-27	2.100480319854745230e-04
1.304690001999999913e+04	2.217228545618684003e-27	2.064131897274574493e-04
1.304261832999999933e+04	1.958878513343281226e-27	2.028396060440600568e-04
1.303833957999999984e+04	1.730561048725023519e-27	1.993262616649735925e-04
1.303406377000000066e+04	1.528793541574614370e-27	1.958721782759001028e-04
1.302979090999999971e+04	1.350496570893401912e-27	1.924764005248610715e-04
1.302552099000000089e+04	1.192946178106449981e-27	1.891379719034639879e-04
1.302125401000000056e+04	1.053734124508106776e-27	1.858559586991567791e-04
1.301698996000000079e+04	9.307307334432559770e-28	1.826294341359016961e-04
1.301272883999999976e+04	8.220533293379237452e-28	1.794574935426955357e-04
1.300847064999999930e+04	7.260373606136955682e-28	1.763392462666375283e-04
1.300421538999999939e+04	6.412111956210109469e-28	1.732738154711565225e-04
1.299996305000000029e+04	5.662736571055229763e-28	1.702603309081748438e-04
1.299571362000000045e+04	5.000745351759758212e-28	1.672979362079941932e-04
1.299146711999999934e+04	4.415974988210471615e-28	1.643858090717963951e-04
1.298722351999999955e+04	3.899434976580417121e-28	1.615231058741813076e-04
1.298298284000000058e+04	3.443184849618201823e-28	1.587090300529929053e-04
1.297874507000000085e+04	3.040202806493217260e-28	1.559427773929705590e-04
1.297451019000000088e+04	2.684282303017098384e-28	1.532235501988750328e-04
1.297027822000000015e+04	2.369941367233922165e-28	1.505505889386788581e-04
1.296604915000000074e+04	2.092332871153852989e-28	1.479231268506458184e-04
1.296182296999999926e+04	1.847173539697540199e-28	1.453404094946941360e-04
1.295759968999999910e+04	1.630679462069026181e-28	1.428017064856272058e-04
1.295337930000000051e+04	1.439505958820792533e-28	1.403062868728172845e-04
1.294916179000000011e+04	1.270697793985361706e-28	1.378534314834263638e-04
1.294494715999999971e+04	1.121644256766570209e-28	1.354424384132760825e-04
1.294073542000000089e+04	9.900389642679629084e-29	1.330726223815537133e-04
1.293652655000000050e+04	8.738433340376899232e-29	1.307432921557142040e-04
1.293232056000000011e+04	7.712572248547147213e-29	1.284537841491017150e-04
1.292811743999999999e+04	6.806898417483307868e-29	1.262034343542238642e-04
1.292391718000000037e+04	6.007359585562162073e-29	1.239915895191192566e-04
1.291971980000000076e+04	5.301547887322117235e-29	1.218176223889757957e-04
1.291552527000000009e+04	4.678494996078137662e-29	1.196808898569207401e-04
1.291133360999999968e+04	4.128520417289283672e-29	1.175807846090094592e-04
1.290714480000000003e+04	3.643068512859035673e-29	1.155166889080103462e-04
1.290295885000000089e+04	3.214586468271429735e-29	1.134880097295416979e-04
1.289877575000000070e+04	2.836401679881623664e-29	1.114941537685752520e-04
1.289459549999999945e+04	2.502622302103486784e-29	1.095345420377286376e-04
1.289041808999999921e+04	2.208044481403862996e-29	1.076086001870516867e-04
1.288624352999999974e+04	1.948074193405342409e-29	1.057157722338288172e-04
1.288207179999999971e+04	1.718652923368323644e-29	1.038554975604690233e-04
1.287790291000000070e+04	1.516198693308986308e-29	1.020272379841871707e-04
1.287373686000000089e+04	1.337548102887834483e-29	1.002304594136562137e-04
1.286957363000000078e+04	1.179907332912943579e-29	9.846462787872020553e-05
1.286541323999999986e+04	1.040811198701380734e-29	9.672923491794553099e-05
1.286125567000000046e+04	9.180818922724231783e-30	9.502376351503740977e-05
1.285710092000000077e+04	8.097974425193723794e-30	9.334771334848637270e-05
1.285294899000000078e+04	7.142611005459126140e-30	9.170059211486222025e-05
1.284879988000000048e+04	6.299750063752370177e-30	9.008191540780346692e-05
1.284465358000000015e+04	5.556167589397612135e-30	8.849120279426766968e-05
1.284051008999999976e+04	4.900192647218859599e-30	8.692798549537427398e-05
1.283636940999999933e+04	4.321523472556057077e-30	8.539180227010211358e-05
1.283223154000000068e+04	3.811067198772970553e-30	8.388219930099445739e-05
1.282809646000000066e+04	3.360796257918331020e-30	8.239872296644516650e-05
1.282396419000000060e+04	2.963629977376696738e-30	8.094094131161046679e-05
1.281983472000000074e+04	2.613316197551631149e-30	7.950841867405610225e-05
1.281570802999999978e+04	2.304336860640729363e-30	7.810072322037354996e-05
1.281158414000000084e+04	2.031825314394200711e-30	7.671744374332769081e-05
1.280746304000000055e+04	1.791484811532824042e-30	7.535816553382742818e-05
1.280334471999999914e+04	1.579523994948951319e-30	7.402248076309624796e-05
1.279922919000000002e+04	1.392598406722513127e-30	7.270999469646192807e-05
1.279511643000000004e+04	1.227755718235106082e-30	7.142030950838634503e-05
1.279100645000000077e+04	1.082392258641282665e-30	7.015304331691596266e-05
1.278689925000000039e+04	9.542103699845247399e-31	6.890781727667290150e-05
1.278279480999999942e+04	8.411823743418470640e-31	6.768425278685912406e-05
1.277869314999999915e+04	7.415204665287324736e-31	6.648198933043298188e-05
1.277459425000000010e+04	6.536464415242507436e-31	6.530066052843476563e-05
1.277049811000000045e+04	5.761685406769270506e-31	6.413991188139383051e-05
1.276640473999999995e+04	5.078591704273738111e-31	6.299939742898773428e-05
1.276231411999999909e+04	4.476349689920166258e-31	6.187876856349825013e-05
1.275822624999999971e+04	3.945406571004582852e-31	6.077768798740871940e-05
1.275414113999999972e+04	3.477337197771437223e-31	5.969582653723712123e-05
1.275005877999999939e+04	3.064707990260901653e-31	5.863285513217907389e-05
1.274597916000000077e+04	2.700962859366227797e-31	5.758845020807460828e-05
1.274190228999999999e+04	2.380321261854483129e-31	5.656229861875602981e-05
1.273782814999999937e+04	2.097682823283605253e-31	5.555408485882077968e-05
1.273375676000000021e+04	1.848552204838084435e-31	5.456350849663198715e-05
1.272968809999999939e+04	1.628962548947134446e-31	5.359026429453432394e-05
1.272562217000000055e+04	1.435416917538405489e-31	5.263405693441673981e-05
1.272155897000000004e+04	1.264831583046848314e-31	5.169459594941600597e-05
1.271749849999999969e+04	1.114487294872523076e-31	5.077159564817780037e-05
1.271344074999999975e+04	9.819859753975726372e-32	4.986477282438148454e-05
1.270938572999999997e+04	8.652137764925505290e-32	4.897385340547352690e-05
1.270533342000000084e+04	7.623060582636905392e-32	4.809856129795982496e-05
1.270128383000000031e+04	6.716195899607763749e-32	4.723863149759450927e-05
1.269723695000000043e+04	5.917051379603766281e-32	4.639379912393133546e-05
1.269319278999999915e+04	5.212853992129452129e-32	4.556380784648933322e-05
1.268915133000000060e+04	4.592337972532979628e-32	4.474839946427855588e-05
1.268511256999999932e+04	4.045575239768576289e-32	4.394732418508956456e-05
1.268107652000000053e+04	3.563814704316147211e-32	4.316033828178934682e-05
1.267704317000000083e+04	3.139339626197513836e-32	4.238719816184528984e-05
1.267301251000000047e+04	2.765348068580222230e-32	4.162766436731788681e-05
1.266898454999999922e+04	2.435846135239510105e-32	4.088150517954578916e-05
1.266495927999999913e+04	2.145548860395839585e-32	4.014848901810154147e-05
1.266093670000000020e+04	1.889798811709519870e-32	3.942839001562996977e-05
1.265691681000000062e+04	1.664490940984469038e-32	3.872098605693985099e-05
1.265289960000000065e+04	1.466006720684368893e-32	3.802605700442412837e-05
1.264888507000000027e+04	1.291157564735043122e-32	3.734338815709169884e-05
1.264487321999999949e+04	1.137133307140065195e-32	3.667276838742016942e-05
1.264086404000000039e+04	1.001457051051660327e-32	3.601398845544078451e-05
1.263685754000000088e+04	8.819466651250584092e-33	3.536684589559714560e-05
1.263285370999999941e+04	7.766785650558820389e-33	3.473113838786457991e-05
1.262885253999999986e+04	6.839577543527257665e-33	3.410666707078602127e-05
1.262485404000000017e+04	6.022910784277633516e-33	3.349323952554191718e-05
1.262085820000000058e+04	5.303624082229190356e-33	3.289066347945162125e-05
1.261686503000000084e+04	4.670124113657057986e-33	3.229875289179155582e-05
1.261287449999999990e+04	4.112190029194076311e-33	3.171731898067101378e-05
1.260888664000000063e+04	3.620824735452489629e-33	3.114618486881359950e-05
1.260490142000000014e+04	3.188093756137568030e-33	3.058516804679615016e-05
1.260091885000000002e+04	2.807011244791225155e-33	3.003409476977975917e-05
1.259693893000000025e+04	2.471421388126375701e-33	2.949279278691427361e-05
1.259296166000000085e+04	2.175900962247374494e-33	2.896109273868803567e-05
1.258898702000000048e+04	1.915671059936176695e-33	2.843882550505024686e-05
1.258501502000000073e+04	1.686523806999984804e-33	2.792582878453426831e-05
1.258104565999999977e+04	1.484751699315702908e-33	2.742194167907792288e-05
1.257707892999999967e+04	1.307088390378214395e-33	2.692700476110646154e-05
1.257311483000000044e+04	1.150657170152321516e-33	2.644086256736426972e-05
1.256915336000000025e+04	1.012924082256282458e-33	2.596336225327144576e-05
1.256519451999999910e+04	8.916571491428429015e-34	2.549435355063662623e-05
1.256123830000000089e+04	7.848901867994139624e-34	2.503368757164077920e-05
1.255728470000000016e+04	6.908917377534982589e-34	2.458121913595045130e-05
1.255333371000000079e+04	6.081366082927802233e-34	2.413680439947461570e-05
1.254938534000000072e+04	5.352819236124414614e-34	2.370030419826294369e-05
1.254543958999999995e+04	4.711447773823160235e-34	2.327158058655122170e-05
1.254149644000000080e+04	4.146831320507845360e-34	2.285049583529358950e-05
1.253755589999999938e+04	3.649797556417415913e-34	2.243691777850642170e-05
1.253361795999999958e+04	3.212266366191894615e-34	2.203071438861223195e-05
1.252968262999999934e+04	2.827124444915894163e-34	2.163175793865196531e-05
1.252574990000000071e+04	2.488105851608641416e-34	2.123992083940890306e-05
1.252181976000000031e+04	2.189693258019896584e-34	2.085507771818541581e-05
1.251789221999999972e+04	1.927029858101288477e-34	2.047710728895333661e-05
1.251396726999999919e+04	1.695837717614133076e-34	2.010588840041144828e-05
1.251004491000000053e+04	1.492350761393452405e-34	1.974130293072677759e-05
1.250612513000000035e+04	1.313252561281929278e-34	1.938323386087332462e-05
1.250220794000000024e+04	1.155624012818881565e-34	1.903156798973949180e-05
