Wavenumber	Minor Gaussian	Major Gaussian
1.999839949999999953e+04	5.482146832278608795e-12	7.771523697505733960e-04
1.998799624000000040e+04	6.661826628464167549e-12	8.083750368959732131e-04
1.997760411999999997e+04	8.087637295376906252e-12	8.407110760012356408e-04
1.996722313999999824e+04	9.809270803453409912e-12	8.741943128733850902e-04
1.995685327999999936e+04	1.188610875726749881e-11	9.088594444703765535e-04
1.994649451000000045e+04	1.438904162596895159e-11	9.447420271328885351e-04
1.993614682000000175e+04	1.740260825433405896e-11	9.818783851914660108e-04
1.992581019999999990e+04	2.102752870673937551e-11	1.020305685715692558e-03
1.991548461999999927e+04	2.538369296521971750e-11	1.060062028152525520e-03
1.990517007000000012e+04	3.061365344478428261e-11	1.101186307091701552e-03
1.989486652999999933e+04	3.688675748612296642e-11	1.143718335822005569e-03
1.988457398000000103e+04	4.440398408898336215e-11	1.187698821123873809e-03
1.987429239999999845e+04	5.340362128964993908e-11	1.233169374452454826e-03
1.986402178999999887e+04	6.416789627736760207e-11	1.280172429874885682e-03
1.985376210999999967e+04	7.703082359303506330e-11	1.328751527814077361e-03
1.984351335000000108e+04	9.238724399352463865e-11	1.378951009229586935e-03
1.983327549999999974e+04	1.107034856585750619e-10	1.430816156086509722e-03
1.982304853000000003e+04	1.325298250622574411e-10	1.484393307735657353e-03
1.981283242999999857e+04	1.585148942995484387e-10	1.539729668273054396e-03
1.980262718999999925e+04	1.894225685502124060e-10	1.596873412254006279e-03
1.979243277999999918e+04	2.261516623085928901e-10	1.655873811507556012e-03
1.978224918999999863e+04	2.697586203338291175e-10	1.716781020451252143e-03
1.977207640000000174e+04	3.214841036311870499e-10	1.779646254067333106e-03
1.976191439000000173e+04	3.827836992246653480e-10	1.844521741718739387e-03
1.975176314999999886e+04	4.553634679278620734e-10	1.911460668745428417e-03
1.974162266000000091e+04	5.412213069666967050e-10	1.980517312238748526e-03
1.973149290000000110e+04	6.426946153118109673e-10	2.051746988244150700e-03
1.972137385999999969e+04	7.625153005762226178e-10	2.125205985684594946e-03
1.971126551000000109e+04	9.038737695897259069e-10	2.200951790228204957e-03
1.970116785000000164e+04	1.070491675803645471e-09	2.279042722200458077e-03
1.969108084999999846e+04	1.266707328675864950e-09	2.359538392723188605e-03
1.968100449999999910e+04	1.497572262732175667e-09	2.442499329025482092e-03
1.967093878000000041e+04	1.768963678477856683e-09	2.527987213415235340e-03
1.966088366999999926e+04	2.087712886300107428e-09	2.616064812612878439e-03
1.965083915999999954e+04	2.461752489881148860e-09	2.706795891076918970e-03
1.964080523000000176e+04	2.900286199801152966e-09	2.800245390542102815e-03
1.963078186999999889e+04	3.413981844787997415e-09	2.896479253093350078e-03
1.962076904999999897e+04	4.015194631063184562e-09	2.995564711322553416e-03
1.961076675999999861e+04	4.718218602548995766e-09	3.097569907358304914e-03
1.960077497999999832e+04	5.539577757555765210e-09	3.202564184977225569e-03
1.959079371000000174e+04	6.498353887282340450e-09	3.310617777561450630e-03
1.958082290999999896e+04	7.616568709658529230e-09	3.421802455898593880e-03
1.957086258000000089e+04	8.919604918841569211e-09	3.536190662980368341e-03
1.956091269000000102e+04	1.043670151924510660e-08	3.653856287149382428e-03
1.955097323999999935e+04	1.220150022588951257e-08	3.774873972476560421e-03
1.954104420000000027e+04	1.425268417243690160e-08	3.899319827752242666e-03
1.953112556000000041e+04	1.663468370939284082e-08	4.027270825090472836e-03
1.952121730000000025e+04	1.939849118255611792e-08	4.158805165210536885e-03
1.951131941000000006e+04	2.260257219938430623e-08	4.294002016696646558e-03
1.950143187000000034e+04	2.631390749366443364e-08	4.432941778343629270e-03
1.949155466000000160e+04	3.060916196064602045e-08	4.575705948550232507e-03
1.948168777000000046e+04	3.557600155113741642e-08	4.722376970495571410e-03
1.947183118000000104e+04	4.131459295410434925e-08	4.873038516124968828e-03
1.946198487999999998e+04	4.793927324633839097e-08	5.027775182869897129e-03
1.945214884000000166e+04	5.558046094335918816e-08	5.186672956687744460e-03
1.944232305999999880e+04	6.438674643521735818e-08	5.349818408148785710e-03
1.943250750999999946e+04	7.452732839450234097e-08	5.517299654110231939e-03
1.942270218999999997e+04	8.619464117232712591e-08	5.689205352477091047e-03
1.941290707000000111e+04	9.960742473125266484e-08	5.865625716936310845e-03
1.940312213999999949e+04	1.150140383021166599e-07	6.046651642048934093e-03
1.939334737999999925e+04	1.326962684756571272e-07	6.232375221044897731e-03
1.938358279000000039e+04	1.529734914476098332e-07	6.422889166377798893e-03
1.937382833000000028e+04	1.762075051855891437e-07	6.618287962987188730e-03
1.936408399999999892e+04	2.028076197859825112e-07	6.818666294319540230e-03
1.935434977000000072e+04	2.332366795770421610e-07	7.024120418171025601e-03
1.934462565000000177e+04	2.680173876977079585e-07	7.234746698360790436e-03
1.933491159999999945e+04	3.077398641228125886e-07	7.450643502801152125e-03
1.932520761000000130e+04	3.530694604133911189e-07	7.671909482369073698e-03
1.931551367000000027e+04	4.047558149064869195e-07	7.898644178216356407e-03
1.930582977000000028e+04	4.636428029337951022e-07	8.130948003254841530e-03
1.929615587999999843e+04	5.306797145246963123e-07	8.368922720992653594e-03
1.928649198999999862e+04	6.069332350549745870e-07	8.612670466706742051e-03
1.927683809000000110e+04	6.936010621714198327e-07	8.862294188308748530e-03
1.926719414999999935e+04	7.920270641339199550e-07	9.117898161124002310e-03
1.925756017000000065e+04	9.037173085850055523e-07	9.379586656860935956e-03
1.924793612999999823e+04	1.030358752708855611e-06	9.647465229612911183e-03
1.923832200999999986e+04	1.173839156721858038e-06	9.921640181928021926e-03
1.922871779999999853e+04	1.336269018326366955e-06	1.020221824513978422e-02
1.921912349000000177e+04	1.520005987006978987e-06	1.048930682158328957e-02
1.920953904999999941e+04	1.727682035610796457e-06	1.078301457782167641e-02
1.919996446999999898e+04	1.962232045116027548e-06	1.108345022089463928e-02
1.919039975000000049e+04	2.226926001495402038e-06	1.139072272190214813e-02
1.918084485000000132e+04	2.525405720059106375e-06	1.170494291166289565e-02
1.917129977000000144e+04	2.861721248681031913e-06	1.202622088097948794e-02
1.916176449000000139e+04	3.240374803920832073e-06	1.235466788534224022e-02
1.915223900000000140e+04	3.666365949582579305e-06	1.269039532268004082e-02
1.914272327999999834e+04	4.145242773612926355e-06	1.303351539017025620e-02
1.913321731999999975e+04	4.683155924031763841e-06	1.338414034608496374e-02
1.912372109999999884e+04	5.286919475600920501e-06	1.374238319718931213e-02
1.911423460999999952e+04	5.964074932977358613e-06	1.410835692613268168e-02
1.910475782999999865e+04	6.722963344192152664e-06	1.448217521052906111e-02
1.909529074000000037e+04	7.572801754530252741e-06	1.486395202255446843e-02
1.908583334000000104e+04	8.523764631198733145e-06	1.525380075896268575e-02
1.907638560000000143e+04	9.587079133992937424e-06	1.565183624167902979e-02
1.906694752000000153e+04	1.077511707501631700e-05	1.605817220522116548e-02
1.905751907999999821e+04	1.210150630143038504e-05	1.647292334079953485e-02
1.904810024999999951e+04	1.358124516801367369e-05	1.689620489541734244e-02
1.903869104000000152e+04	1.523081811584785002e-05	1.732813036045234914e-02
1.902929142000000138e+04	1.706834176804300092e-05	1.776881502493497106e-02
1.901990137999999934e+04	1.911369919455791169e-05	1.821837322674235357e-02
1.901052089999999953e+04	2.138870023503176542e-05	1.867691969170538063e-02
1.900114996999999858e+04	2.391724369505007246e-05	1.914456853185511620e-02
1.899178858000000037e+04	2.672549802174117213e-05	1.962143366385942292e-02
1.898243671000000177e+04	2.984209670869389917e-05	2.010762928804054814e-02
1.897309433999999965e+04	3.329834203086805668e-05	2.060326935917666802e-02
1.896376147000000128e+04	3.712841707340015671e-05	2.110846644692171772e-02
1.895443807000000015e+04	4.136964108920104978e-05	2.162333436785071270e-02
1.894512413000000015e+04	4.606270210516932590e-05	2.214798545791026377e-02
1.893581965000000127e+04	5.125192697369666936e-05	2.268253099325308678e-02
1.892652459000000090e+04	5.698559741361021035e-05	2.322708404103692240e-02
1.891723895999999877e+04	6.331620393681348306e-05	2.378175421046206661e-02
1.890796272999999928e+04	7.030082524144194191e-05	2.434665284689807238e-02
1.889869589999999880e+04	7.800142750241351554e-05	2.492188882752700493e-02
1.888943844000000172e+04	8.648527684756849351e-05	2.550757216425167048e-02
1.888019034000000102e+04	9.582528911716575325e-05	2.610381087757517732e-02
1.887095159000000058e+04	1.061004562070969244e-04	2.671071214976913563e-02
1.886172218000000066e+04	1.173962819983965296e-04	2.732838227132931841e-02
1.885250207999999839e+04	1.298052712621559207e-04	2.795692796300150787e-02
1.884329130000000077e+04	1.434273368850195085e-04	2.859645224416165407e-02
1.883408980000000156e+04	1.583704378729390420e-04	2.924706054591922136e-02
1.882489758000000074e+04	1.747509900845425554e-04	2.990885443912705277e-02
1.881571462999999858e+04	1.926945048520033101e-04	3.058193501894745231e-02
1.880654091999999946e+04	2.123362164655285341e-04	3.126640366663570314e-02
1.879737644999999975e+04	2.338216069194800012e-04	3.196235829662226469e-02
1.878822120999999970e+04	2.573071384367399037e-04	3.266989621899131502e-02
1.877907517000000007e+04	2.829609802283465322e-04	3.338911494299216104e-02
1.876993832000000111e+04	3.109636252726932521e-04	3.412010903012011043e-02
1.876081065999999919e+04	3.415086496892577659e-04	3.486297072199769087e-02
1.875169215999999869e+04	3.748036306485582193e-04	3.561779315267254997e-02
1.874258281999999963e+04	4.110707592032758007e-04	3.638466540863432436e-02
1.873348260999999911e+04	4.505479069536907867e-04	3.716367743954816782e-02
1.872439153000000078e+04	4.934892652254631784e-04	3.795491495017547234e-02
1.871530956000000151e+04	5.401664639577698993e-04	3.875846358846393724e-02
1.870623669000000154e+04	5.908693817825094122e-04	3.957440631338220161e-02
1.869717291000000114e+04	6.459071605214701745e-04	4.040282418675818221e-02
1.868811819000000105e+04	7.056093462760592043e-04	4.124379818867528885e-02
1.867907253000000128e+04	7.703266089835869709e-04	4.209740455435359574e-02
1.867003591999999844e+04	8.404320433328288679e-04	4.296371835854888299e-02
1.866100833000000057e+04	9.163223768644414681e-04	4.384281451511227307e-02
1.865198976000000039e+04	9.984186869919544748e-04	4.473476289010508422e-02
1.864298020000000179e+04	1.087167848744358860e-03	4.563963206521813587e-02
1.863397961999999825e+04	1.183043849399958514e-03	4.655749038582944477e-02
1.862498802000000069e+04	1.286548468825942466e-03	4.748840084573913850e-02
1.861600537999999869e+04	1.398213004051292001e-03	4.843242609267666560e-02
1.860703168999999980e+04	1.518599173688547736e-03	4.938962530653593502e-02
1.859806694000000061e+04	1.648300462225614884e-03	5.036005515697070806e-02
1.858911111000000164e+04	1.787943535512615976e-03	5.134377085578118588e-02
1.858016417999999976e+04	1.938189390930021962e-03	5.234082506116693317e-02
1.857122615999999834e+04	2.099734070995273264e-03	5.335126440984316876e-02
1.856229702000000179e+04	2.273311140922392760e-03	5.437513730565355502e-02
1.855337673999999970e+04	2.459692155641905048e-03	5.541248833648064476e-02
1.854446532999999908e+04	2.659687394470539989e-03	5.646335576779661775e-02
1.853556275000000096e+04	2.874148862444734533e-03	5.752778087706147958e-02
1.852666901000000144e+04	3.103969279753601186e-03	5.860579611123063748e-02
1.851778408000000127e+04	3.350085429156951771e-03	5.969743575762035542e-02
1.850890796000000046e+04	3.613477578263753209e-03	6.080272745170169774e-02
1.850004061999999976e+04	3.895172307295728924e-03	6.192169950166008519e-02
1.849118206999999893e+04	4.196241497596959157e-03	6.305437208297383356e-02
1.848233227999999872e+04	4.517805953606590132e-03	6.420076728769970320e-02
1.847349123999999938e+04	4.861034504528578826e-03	6.536090149118693737e-02
1.846465894000000117e+04	5.227145586502212130e-03	6.653478781472806081e-02
1.845583536000000095e+04	5.617408603733401763e-03	6.772243743648098668e-02
1.844702049999999872e+04	6.033143452288248013e-03	6.892385551942944999e-02
1.843821433999999863e+04	6.475723048796799136e-03	7.013904655385629072e-02
1.842941686000000118e+04	6.946573214752455559e-03	7.136801167583467498e-02
1.842062805999999910e+04	7.447172096504031495e-03	7.261074578292063542e-02
1.841184792000000016e+04	7.979052787282382014e-03	7.386724308354561397e-02
1.840307643000000098e+04	8.543802076550140873e-03	7.513749286031010111e-02
1.839431356999999844e+04	9.143061925271329243e-03	7.642148229599469988e-02
1.838555933999999979e+04	9.778527565900909865e-03	7.771919205125969732e-02
1.837681371999999828e+04	1.045195023772720055e-02	7.903060209182988238e-02
1.836807669000000169e+04	1.116513581319964095e-02	8.035568877666322829e-02
1.835934824999999910e+04	1.191994274639336139e-02	8.169442174186826444e-02
1.835062839000000167e+04	1.271828395148366479e-02	8.304676837759389363e-02
1.834191707999999926e+04	1.356212743235857970e-02	8.441269546130761303e-02
1.833321431999999913e+04	1.445349079933597528e-02	8.579216133295412827e-02
1.832452009000000180e+04	1.539444502411543673e-02	8.718512366583144879e-02
1.831583438999999998e+04	1.638710918458401514e-02	8.859153310137100890e-02
1.830715720000000147e+04	1.743365345356808968e-02	9.001133963425686502e-02
1.829848849999999948e+04	1.853629558601979643e-02	9.144448943697340570e-02
1.828982829000000129e+04	1.969729644088273265e-02	9.289092148143782146e-02
1.828117655000000013e+04	2.091896310936872463e-02	9.435057413267153303e-02
1.827253326999999990e+04	2.220364288594193700e-02	9.582338016271910175e-02
1.826389843000000110e+04	2.355372370243677405e-02	9.730927010831899593e-02
1.825527203999999983e+04	2.497162516175641112e-02	9.880816535606361251e-02
1.824665406000000075e+04	2.645980858617215381e-02	1.003199919792955308e-01
1.823804449999999997e+04	2.802075747572077905e-02	1.018446633507359422e-01
1.822944332999999824e+04	2.965698952178893316e-02	1.033820958785800492e-01
1.822085054999999920e+04	3.137104055075517345e-02	1.049321966431549374e-01
1.821226613999999972e+04	3.316547000505778997e-02	1.064948722855291463e-01
1.820369009000000005e+04	3.504285113457759199e-02	1.080700236312611417e-01
1.819512240000000020e+04	3.700576620808662676e-02	1.096575456047697988e-01
1.818656304000000091e+04	3.905681123664012794e-02	1.112573346550599918e-01
1.817801199999999881e+04	4.119858001205138620e-02	1.128692795305819147e-01
1.816946928000000116e+04	4.343366069768073850e-02	1.144932630284104386e-01
1.816093485000000146e+04	4.576464116018622713e-02	1.161291696169655663e-01
1.815240871999999945e+04	4.819408489622892255e-02	1.177768720937717173e-01
1.814389085999999952e+04	5.072454720785684462e-02	1.194362469256234488e-01
1.813538127000000168e+04	5.335854964839395476e-02	1.211071607678550072e-01
1.812687992999999915e+04	5.609858847929419939e-02	1.227894801748274367e-01
1.811838682999999946e+04	5.894711939932698042e-02	1.244830657586554479e-01
1.810990194999999949e+04	6.190655752210548479e-02	1.261877761588856839e-01
1.810142529999999897e+04	6.497925662883941023e-02	1.279034600053905457e-01
1.809295684999999867e+04	6.816752710300726104e-02	1.296299700354957007e-01
1.808449658999999883e+04	7.147360790479465043e-02	1.313671510415804766e-01
1.807604450999999972e+04	7.489966630403588344e-02	1.331148438937860834e-01
1.806760060000000158e+04	7.844779065311470456e-02	1.348728855611801558e-01
1.805916485000000102e+04	8.211998305694478972e-02	1.366411091346126649e-01
1.805073723999999856e+04	8.591815654177548112e-02	1.384193459681644645e-01
1.804231777000000147e+04	8.984411413311152450e-02	1.402074193819127235e-01
1.803390641999999934e+04	9.389955935650634578e-02	1.420051531294448388e-01
1.802550316999999995e+04	9.808608014555991739e-02	1.438123672473289871e-01
1.801710802999999942e+04	1.024051256135772858e-01	1.456288715735647166e-01
1.800872096999999849e+04	1.068580337790092233e-01	1.474544808675058993e-01
1.800034199000000081e+04	1.114459884379981058e-01	1.492889997309615746e-01
1.799197106999999960e+04	1.161700378443075304e-01	1.511322334945835177e-01
1.798360820999999851e+04	1.210310654225723870e-01	1.529839794983617607e-01
1.797525337999999829e+04	1.260298111385665110e-01	1.548440381705468993e-01
1.796690657999999894e+04	1.311668294786377809e-01	1.567121997827242708e-01
1.795856780000000072e+04	1.364425055374528795e-01	1.585882533372707515e-01
1.795023702000000048e+04	1.418570490632160008e-01	1.604719866700705933e-01
1.794191423999999824e+04	1.474104684373883090e-01	1.623631797178167746e-01
1.793359944000000178e+04	1.531025902926202997e-01	1.642616136092768242e-01
1.792529261000000042e+04	1.589330338011185617e-01	1.661670639243642555e-01
1.791699374000000171e+04	1.649012112391385343e-01	1.680793029997913746e-01
1.790870281999999861e+04	1.710063224424113737e-01	1.699980999806977866e-01
1.790041982999999891e+04	1.772473572098237915e-01	1.719232232027534668e-01
1.789214476999999897e+04	1.836230679181449499e-01	1.738544332785030566e-01
1.788387762999999904e+04	1.901319872119408561e-01	1.757914901017709197e-01
1.787561837999999989e+04	1.967724328820481539e-01	1.777341553087427861e-01
1.786736703000000125e+04	2.035424561152054390e-01	1.796821782319132643e-01
1.785912356000000000e+04	2.104398941283253943e-01	1.816353124022166421e-01
1.785088795000000027e+04	2.174623440127711471e-01	1.835933085920965213e-01
1.784266020999999819e+04	2.246071341392647802e-01	1.855559077076769925e-01
1.783444029999999839e+04	2.318713913669372961e-01	1.875228599111722905e-01
1.782622824000000037e+04	2.392519438800792264e-01	1.894938984291349715e-01
1.781802400000000125e+04	2.467454172737785500e-01	1.914687659211353754e-01
1.780982757000000129e+04	2.543481725737520294e-01	1.934471977998848125e-01
1.780163894000000073e+04	2.620563241339785021e-01	1.954289270782902099e-01
1.779345809999999983e+04	2.698657405850632407e-01	1.974136844392812007e-01
1.778528503999999884e+04	2.777720463656671024e-01	1.994011983067384419e-01
1.777711975000000166e+04	2.857706238453294745e-01	2.013911949174900795e-01
1.776896222000000125e+04	2.938566160453188192e-01	2.033833983943513779e-01
1.776081244000000152e+04	3.020249299622828065e-01	2.053775308201608862e-01
1.775267037999999957e+04	3.102702608511769822e-01	2.073733172193359398e-01
1.774453605999999854e+04	3.185870258069065097e-01	2.093704684724620735e-01
1.773640943999999945e+04	3.269694805261314507e-01	2.113687083655148291e-01
1.772829052999999840e+04	3.354116128462250601e-01	2.133677466711358106e-01
1.772017930999999953e+04	3.439072311388927106e-01	2.153672988791570930e-01
1.771207575999999972e+04	3.524499406408939106e-01	2.173670789126520564e-01
1.770397988999999870e+04	3.610331190055406925e-01	2.193667917913433019e-01
1.769589168000000063e+04	3.696499876575622956e-01	2.213661485196752599e-01
1.768781110999999873e+04	3.782935890513671184e-01	2.233648587735487245e-01
1.767973818000000028e+04	3.869567742915955844e-01	2.253626260286516192e-01
1.767167287999999826e+04	3.956322448600584907e-01	2.273591550605942868e-01
1.766361519000000044e+04	4.043125630032892159e-01	2.293541520332407213e-01
1.765556510999999955e+04	4.129901301339794495e-01	2.313473171544632723e-01
1.764752261999999973e+04	4.216572410988873587e-01	2.333383546632859240e-01
1.763948771000000124e+04	4.303060634828016484e-01	2.353269654863482108e-01
1.763146038000000044e+04	4.389286497127434794e-01	2.373128473257424820e-01
1.762344060000000172e+04	4.475169924623001450e-01	2.392957046393570097e-01
1.761542838000000120e+04	4.560629623705943492e-01	2.412752314134099796e-01
1.760742369999999937e+04	4.645583962436979908e-01	2.432511285595554407e-01
1.759942655000000013e+04	4.729950676396942333e-01	2.452230941098623163e-01
1.759143691000000035e+04	4.813647217684968727e-01	2.471908282382390687e-01
1.758345478999999978e+04	4.896590476382963741e-01	2.491540234990600455e-01
1.757548015999999916e+04	4.978697653514995158e-01	2.511123821459245176e-01
1.756751301999999851e+04	5.059885675097419711e-01	2.530655989943669804e-01
1.755955336000000170e+04	5.140071753590322867e-01	2.550133713511575362e-01
1.755160115999999834e+04	5.219173528149438912e-01	2.569553990801664578e-01
1.754365641999999934e+04	5.297108911757192340e-01	2.588913773603024882e-01
1.753571912000000157e+04	5.373796635468806038e-01	2.608210065406514344e-01
1.752778926000000138e+04	5.449156002710999758e-01	2.627439824816479308e-01
1.751986681999999928e+04	5.523107421397700501e-01	2.646600063658818280e-01
1.751195179999999891e+04	5.595572169005795793e-01	2.665687750863224847e-01
1.750404418000000078e+04	5.666472909365214417e-01	2.684699910063462758e-01
1.749614395000000150e+04	5.735733555287010343e-01	2.703633547937870363e-01
1.748825111000000106e+04	5.803279418178096671e-01	2.722485655449600195e-01
1.748036563999999998e+04	5.869037603493535427e-01	2.741253280412850879e-01
1.747248752999999851e+04	5.932936883262885930e-01	2.759933456486967085e-01
1.746461677000000054e+04	5.994907916310013851e-01	2.778523228037133030e-01
1.745675335999999879e+04	6.054883301287322661e-01	2.797019627513573914e-01
1.744889727000000130e+04	6.112798003522363910e-01	2.815419770291076040e-01
1.744104851000000053e+04	6.168588947579978221e-01	2.833720691109594680e-01
1.743320706000000064e+04	6.222195655231357314e-01	2.851919509112117446e-01
1.742537290999999823e+04	6.273560058743866685e-01	2.870013334885329614e-01
1.741754605000000083e+04	6.322626681657242953e-01	2.887999294757981894e-01
1.740972646000000168e+04	6.369342797472146156e-01	2.905874554418920175e-01
1.740191415000000052e+04	6.413658288486312475e-01	2.923636228411551352e-01
1.739410910000000149e+04	6.455526093405089538e-01	2.941281518103567305e-01
1.738631130000000121e+04	6.494902048361936853e-01	2.958807620923145087e-01
1.737852073999999993e+04	6.531745024933003352e-01	2.976211754070979820e-01
1.737073741000000155e+04	6.566017000508648227e-01	2.993491155304181528e-01
1.736296129999999903e+04	6.597683122087535379e-01	3.010643083712065127e-01
1.735519239999999991e+04	6.626711763350691120e-01	3.027664820483395580e-01
1.734743070000000080e+04	6.653074574893942383e-01	3.044553669664994966e-01
1.733967618999999831e+04	6.676746527516886909e-01	3.061306958911203524e-01
1.733192885000000024e+04	6.697705973794544354e-01	3.077922061589770664e-01
1.732418868999999904e+04	6.715934572515848133e-01	3.094396311885424522e-01
1.731645568999999887e+04	6.731417473108618488e-01	3.110727134203118416e-01
1.730872983999999997e+04	6.744143218833734688e-01	3.126911957930983976e-01
1.730101111999999921e+04	6.754103794478287792e-01	3.142948260354380130e-01
1.729329953999999998e+04	6.761294578975440839e-01	3.158833484414205195e-01
1.728559507999999914e+04	6.765714416447522472e-01	3.174565164045642929e-01
1.727789773000000059e+04	6.767365547598641617e-01	3.190140841564495511e-01
1.727020748000000094e+04	6.766253604077802075e-01	3.205558089185747139e-01
1.726252432000000044e+04	6.762387581333501041e-01	3.220814509667397352e-01
1.725484823999999935e+04	6.755779804771760988e-01	3.235907736942404411e-01
1.724717923000000155e+04	6.746445889357258752e-01	3.250835436738444550e-01
1.723951728000000003e+04	6.734404692814637272e-01	3.265595307185362728e-01
1.723186238999999841e+04	6.719678283594650026e-01	3.280185060453939538e-01
1.722421453000000110e+04	6.702291801330809706e-01	3.294602499371543924e-01
1.721657371000000057e+04	6.682273535336169523e-01	3.308845385096159664e-01
1.720893991000000096e+04	6.659654703701091139e-01	3.322911570151681482e-01
1.720131312999999864e+04	6.634469499585537999e-01	3.336798905253808845e-01
1.719369335000000137e+04	6.606754891747880221e-01	3.350505313536152885e-01
1.718608055999999851e+04	6.576550629304186435e-01	3.364028735889557087e-01
1.717847475000000122e+04	6.543899123293936970e-01	3.377367149997572149e-01
1.717087591999999859e+04	6.508845399541454135e-01	3.390518553633114496e-01
1.716328406000000177e+04	6.471436913671354541e-01	3.403481000217734587e-01
1.715569915000000037e+04	6.431723432562543863e-01	3.416252598123309392e-01
1.714812117999999828e+04	6.389757026984121957e-01	3.428831476957174829e-01
1.714055015999999887e+04	6.345592037346835523e-01	3.441215772944029583e-01
1.713298605999999927e+04	6.299284614229490042e-01	3.453403727739817741e-01
1.712542886999999973e+04	6.250892939190013653e-01	3.465393589467642976e-01
1.711787859000000026e+04	6.200477068212261189e-01	3.477183631053262225e-01
1.711033522000000085e+04	6.148098755254205461e-01	3.488772167102734967e-01
1.710279872999999861e+04	6.093821111160098170e-01	3.500157599220683480e-01
1.709526912000000084e+04	6.037708898655813616e-01	3.511338324172357250e-01
1.708774638000000050e+04	5.979828134454943100e-01	3.522312795915836792e-01
1.708023050000000148e+04	5.920246033987069945e-01	3.533079510423595138e-01
1.707272147000000041e+04	5.859030887641315521e-01	3.543637005978323984e-01
1.706521928000000116e+04	5.796251936942877769e-01	3.553983863453493153e-01
1.705772393000000011e+04	5.731979337710079170e-01	3.564118693193133458e-01
1.705023540000000139e+04	5.666283780572041184e-01	3.574040175965942923e-01
1.704275368000000162e+04	5.599236620934372466e-01	3.583747021955172585e-01
1.703527877000000080e+04	5.530909767412481859e-01	3.593237972346335907e-01
1.702781064999999944e+04	5.461375288420176055e-01	3.602511837765212666e-01
1.702034932000000117e+04	5.390705659270375039e-01	3.611567447683138310e-01
1.701289476999999897e+04	5.318973370424936453e-01	3.620403688545894005e-01
1.700544699000000037e+04	5.246250903597925452e-01	3.629019491095451522e-01
1.699800595999999859e+04	5.172610520024109038e-01	3.637413841649395629e-01
1.699057168000000092e+04	5.098124447247277535e-01	3.645585748237448187e-01
1.698314414000000033e+04	5.022864478402734312e-01	3.653534275278624288e-01
1.697572333000000071e+04	4.946901965120134026e-01	3.661258531966904983e-01
1.696830924999999843e+04	4.870307820290811773e-01	3.668757662386019636e-01
1.696090188000000126e+04	4.793152110673326582e-01	3.676030876070588427e-01
1.695350120999999854e+04	4.715504270272725673e-01	3.683077416974983587e-01
1.694610723000000144e+04	4.637432907624730039e-01	3.689896574065661961e-01
1.693871993999999904e+04	4.559005825006517409e-01	3.696487672571815430e-01
1.693133932999999888e+04	4.480289723463224405e-01	3.702850092443147889e-01
1.692396538000000146e+04	4.401350120551109635e-01	3.708983266837044268e-01
1.691659809999999925e+04	4.322251703311849602e-01	3.714886649129850449e-01
1.690923746000000028e+04	4.243057506523105760e-01	3.720559770340180483e-01
1.690188346000000092e+04	4.163829595883680734e-01	3.726002182226798576e-01
1.689453609000000142e+04	4.084628575339588896e-01	3.731213489580994525e-01
1.688719535000000178e+04	4.005513742778936126e-01	3.736193335352871459e-01
1.687986121999999887e+04	3.926542711460057067e-01	3.740941421065888117e-01
1.687253369000000021e+04	3.847771682667128768e-01	3.745457485583879031e-01
1.686521275999999853e+04	3.769255398346245678e-01	3.749741306541777286e-01
1.685789842000000135e+04	3.691046883331378092e-01	3.753792712540537369e-01
1.685059064999999828e+04	3.613197408464518534e-01	3.757611581438697335e-01
1.684328945999999996e+04	3.535756882156639858e-01	3.761197819600988201e-01
1.683599481999999989e+04	3.458773075779365547e-01	3.764551397519030340e-01
1.682870673000000170e+04	3.382292341222162824e-01	3.767672314456512739e-01
1.682142519000000175e+04	3.306359267966187954e-01	3.770560614402273525e-01
1.681415018000000055e+04	3.231016457963479804e-01	3.773216392846902023e-01
1.680688168999999834e+04	3.156304825951817272e-01	3.775639783867618116e-01
1.679961972999999853e+04	3.082263686707589212e-01	3.777830958612926615e-01
1.679236426999999821e+04	3.008930135375783577e-01	3.779790143474651698e-01
1.678511530000000130e+04	2.936339660271843344e-01	3.781517600137377921e-01
1.677787283000000025e+04	2.864526133944392816e-01	3.783013628476356027e-01
1.677063683999999921e+04	2.793521318159757905e-01	3.784278577394917797e-01
1.676340731999999844e+04	2.723355272192873877e-01	3.785312834678546401e-01
1.675618426000000181e+04	2.654056262070317862e-01	3.786116829229057568e-01
1.674896765999999843e+04	2.585650867619147530e-01	3.786691030109280987e-01
1.674175750999999946e+04	2.518163806160551577e-01	3.787035948439588240e-01
1.673455380000000150e+04	2.451618048578051989e-01	3.787152135468516145e-01
1.672735651000000144e+04	2.386034749904834551e-01	3.787040181908603032e-01
1.672016563999999926e+04	2.321433546913142520e-01	3.786700717885082557e-01
1.671298118999999861e+04	2.257832395275914394e-01	3.786134413836921842e-01
1.670580313999999998e+04	2.195247424341181808e-01	3.785341977609784636e-01
1.669863148999999976e+04	2.133693321306375512e-01	3.784324157218784124e-01
1.669146621999999843e+04	2.073183014560157633e-01	3.783081736035192044e-01
1.668430732999999964e+04	2.013728050776946721e-01	3.781615538054861614e-01
1.667715481000000000e+04	1.955338373550639663e-01	3.779926423065807506e-01
1.667000864999999976e+04	1.898022446888226189e-01	3.778015287485188001e-01
1.666286883999999918e+04	1.841787293559352390e-01	3.775883063926364636e-01
1.665573537999999826e+04	1.786638611261748832e-01	3.773530724210947263e-01
1.664860825000000114e+04	1.732580580639071222e-01	3.770959269181066165e-01
1.664148745000000054e+04	1.679616216172556964e-01	3.768169741431465769e-01
1.663437297000000035e+04	1.627747177493324426e-01	3.765163214795768098e-01
1.662726480000000083e+04	1.576973890672911105e-01	3.761940797017623850e-01
1.662016292999999860e+04	1.527295592078425079e-01	3.758503629272905155e-01
1.661306735000000117e+04	1.478710372712507271e-01	3.754852885685345254e-01
1.660597806000000128e+04	1.431215289181492489e-01	3.750989778436744637e-01
1.659889504999999917e+04	1.384806271734810856e-01	3.746915546975250755e-01
1.659181829999999900e+04	1.339478176774915597e-01	3.742631455994904766e-01
1.658474782000000050e+04	1.295225086783014234e-01	3.738138819443939664e-01
1.657768359000000055e+04	1.252039971156480302e-01	3.733438963686085410e-01
1.657062559999999939e+04	1.209914988878720427e-01	3.728533250896376439e-01
1.656357384000000093e+04	1.168841468498946212e-01	3.723423072633924025e-01
1.655652832000000126e+04	1.128810064796161305e-01	3.718109864689322364e-01
1.654948901000000114e+04	1.089810460540676929e-01	3.712595061592187662e-01
1.654245591000000059e+04	1.051831811374139281e-01	3.706880148125489827e-01
1.653542901999999958e+04	1.014862612077598036e-01	3.700966637471509446e-01
1.652840831999999864e+04	9.788906380215228742e-02	3.694856052955528547e-01
1.652139381000000139e+04	9.439031973851201573e-02	3.688549961155161983e-01
1.651438547000000108e+04	9.098869671738338272e-02	3.682049936537368229e-01
1.650738331000000107e+04	8.768282795359319537e-02	3.675357606557815848e-01
1.650038729999999850e+04	8.447128246781031302e-02	3.668474585473274208e-01
1.649339745000000039e+04	8.135260671237973251e-02	3.661402550232615849e-01
1.648641374999999971e+04	7.832530013717010908e-02	3.654143182279832591e-01
1.647943618000000060e+04	7.538782427423824928e-02	3.646698175014589927e-01
1.647246473999999944e+04	7.253861898403961284e-02	3.639069265101162465e-01
1.646549942000000010e+04	6.977609297243810016e-02	3.631258200573767581e-01
1.645854021999999895e+04	6.709863532670029551e-02	3.623266762139837338e-01
1.645158712000000014e+04	6.450460715988037830e-02	3.615096728288916816e-01
1.644464012000000002e+04	6.199236013723001537e-02	3.606749920648232299e-01
1.643769919999999911e+04	5.956022456904940671e-02	3.598228156413459389e-01
1.643076437000000078e+04	5.720653012935476844e-02	3.589533308497112607e-01
1.642383560999999827e+04	5.492958763060994121e-02	3.580667231285258323e-01
1.641691291999999885e+04	5.272770896037983629e-02	3.571631822092433128e-01
1.640999628999999914e+04	5.059919952620173245e-02	3.562428982839489500e-01
1.640308569999999963e+04	4.854236123254775104e-02	3.553060618206023147e-01
1.639618115000000034e+04	4.655550379744820277e-02	3.543528675605353007e-01
1.638928264000000127e+04	4.463694053801996187e-02	3.533835118738953285e-01
1.638239016000000083e+04	4.278498786977501245e-02	3.523981912583185605e-01
1.637550368999999955e+04	4.099796778977480433e-02	3.513971021592265931e-01
1.636862322999999924e+04	3.927421759997173217e-02	3.503804452623579535e-01
1.636174877000000015e+04	3.761208368602637908e-02	3.493484211356554514e-01
1.635488031000000046e+04	3.600992822447993819e-02	3.483012331262149153e-01
1.634801783000000069e+04	3.446612372506763222e-02	3.472390827410453129e-01
1.634116133000000082e+04	3.297906384222853288e-02	3.461621756886821832e-01
1.633431079999999929e+04	3.154715779866509862e-02	3.450707172370905407e-01
1.632746623999999974e+04	3.016883601386710634e-02	3.439649152974504354e-01
1.632062763000000086e+04	2.884254521068630589e-02	3.428449755323894066e-01
1.631379497000000083e+04	2.756675756378424921e-02	3.417111077623781190e-01
1.630696824999999990e+04	2.633996569763436338e-02	3.405635210522962586e-01
1.630014745000000039e+04	2.516068395238727981e-02	3.394024235482880902e-01
1.629333258999999998e+04	2.402745768632659831e-02	3.382280309874713953e-01
1.628652363999999943e+04	2.293884862967374844e-02	3.370405512697529637e-01
1.627972060000000056e+04	2.189344918454978750e-02	3.358401980847552371e-01
1.627292345000000023e+04	2.088987484816729606e-02	3.346271821913502365e-01
1.626613220999999976e+04	1.992677365485533494e-02	3.334017220503635581e-01
1.625934684999999990e+04	1.900281348070739784e-02	3.321640276598800123e-01
1.625256735999999910e+04	1.811669277618916177e-02	3.309143129858493904e-01
1.624579375000000073e+04	1.726714031758638454e-02	3.296527961047792665e-01
1.623902599999999984e+04	1.645290905887275210e-02	3.283796898862293978e-01
1.623226410000000033e+04	1.567278159760298120e-02	3.270952092963994029e-01
1.622550806000000011e+04	1.492557113476541096e-02	3.257995733673268446e-01
1.621875784999999996e+04	1.421011487248750350e-02	3.244929936573942575e-01
1.621201346999999987e+04	1.352528189943363532e-02	3.231756875805152918e-01
1.620527492999999959e+04	1.286997059953895635e-02	3.218478746619687914e-01
1.619854219000000012e+04	1.224310292889553217e-02	3.205097645959559260e-01
1.619181526999999915e+04	1.164363490048788731e-02	3.191615789145124116e-01
1.618509415000000081e+04	1.107054691559800422e-02	3.178035311497902082e-01
1.617837881999999991e+04	1.052284833047235565e-02	3.164358366821949375e-01
1.617166928999999982e+04	9.999577803700802903e-03	3.150587148355366018e-01
1.616496552999999949e+04	9.499798327692333608e-03	3.136723765308614964e-01
1.615826754000000074e+04	9.022602488242711244e-03	3.122770385689354611e-01
1.615157531999999992e+04	8.567109658534974651e-03	3.108729174965284003e-01
1.614488885999999911e+04	8.132465033172789348e-03	3.094602274393165597e-01
1.613820815000000039e+04	7.717840023432414112e-03	3.080391821186133638e-01
1.613153318000000036e+04	7.322431868483170701e-03	3.066099948084032856e-01
1.612486393999999927e+04	6.945463227069183579e-03	3.051728782929825634e-01
1.611820044000000053e+04	6.586182804578649685e-03	3.037280491749906886e-01
1.611154264999999941e+04	6.243861654386707004e-03	3.022757148368666602e-01
1.610489057999999932e+04	5.917797040163453107e-03	3.008160907451490895e-01
1.609824421000000075e+04	5.607308305549729699e-03	2.993493851736777067e-01
1.609160354999999981e+04	5.311739344483056013e-03	2.978758123272667313e-01
1.608496857000000091e+04	5.030454897780770908e-03	2.963955768251647083e-01
1.607833928000000014e+04	4.762843622288502089e-03	2.949088914138402462e-01
1.607171565999999984e+04	4.508314568055636629e-03	2.934159613429284663e-01
1.606509771000000001e+04	4.266298744007708706e-03	2.919169955112426718e-01
1.605848543000000063e+04	4.036247746907513020e-03	2.904122019777486963e-01
1.605187880000000041e+04	3.817632610797766588e-03	2.889017833405848057e-01
1.604527781999999934e+04	3.609944685957851632e-03	2.873859458047409166e-01
1.603868247999999949e+04	3.412694090413332174e-03	2.858648923149800791e-01
1.603209276999999929e+04	3.225409552595585438e-03	2.843388247929470314e-01
1.602550869000000057e+04	3.047638162174043375e-03	2.828079464341934912e-01
1.601893022000000019e+04	2.878944044520292435e-03	2.812724547049021973e-01
1.601235736999999972e+04	2.718909172997107347e-03	2.797325529574851144e-01
1.600579011999999966e+04	2.567131328915461547e-03	2.781884363948354255e-01
1.599922847000000002e+04	2.423224856180514371e-03	2.766403037315462998e-01
1.599267240999999922e+04	2.286819445976898905e-03	2.750883501314173030e-01
1.598612194000000090e+04	2.157560092561658632e-03	2.735327718958583398e-01
1.597957703000000038e+04	2.035105835164139829e-03	2.719737569293750878e-01
1.597303770000000077e+04	1.919130813953692002e-03	2.704115037461774507e-01
1.596650393000000076e+04	1.809322097143167352e-03	2.688462000226043980e-01
1.595997572000000036e+04	1.705380339314015517e-03	2.672780368687563413e-01
1.595345305000000008e+04	1.607018659035092546e-03	2.657071992211630929e-01
1.594693591999999990e+04	1.513962836205969258e-03	2.641338754262093635e-01
1.594042432000000008e+04	1.425950407707628556e-03	2.625582500063302072e-01
1.593391826000000037e+04	1.342730657090075806e-03	2.609805108910719929e-01
1.592741770999999972e+04	1.264063427835579847e-03	2.594008348487035209e-01
1.592092266999999993e+04	1.189719632874665541e-03	2.578194044263286133e-01
1.591443313999999918e+04	1.119480446777478249e-03	2.562364006751624013e-01
1.590794909999999982e+04	1.053136725131164622e-03	2.546519982363077972e-01
1.590147055999999975e+04	9.904891569770225227e-04	2.530663775270671767e-01
1.589499750999999924e+04	9.313473746578667008e-04	2.514797125131791877e-01
1.588852993000000060e+04	8.755297367617517583e-04	2.498921731084440823e-01
1.588206782000000021e+04	8.228632431023010516e-04	2.483039325196466918e-01
1.587561117000000013e+04	7.731829275627313466e-04	2.467151598736904705e-01
1.586915998000000036e+04	7.263316962478654415e-04	2.451260251151196612e-01
1.586271423999999934e+04	6.821598577827716779e-04	2.435366940680107062e-01
1.585627393999999913e+04	6.405249000399361979e-04	2.419473308770958009e-01
1.584983907999999974e+04	6.012912517548017928e-04	2.403581004638604135e-01
1.584340964999999960e+04	5.643298658288206648e-04	2.387691635760588182e-01
1.583698564000000079e+04	5.295180109659562056e-04	2.371806792390738494e-01
1.583056704999999965e+04	4.967390515363395969e-04	2.355928072176892984e-01
1.582415386000000035e+04	4.658820324984152368e-04	2.340057005826232661e-01
1.581774608000000080e+04	4.368416762703026027e-04	2.324195180697216645e-01
1.581134368999999970e+04	4.095178512287201366e-04	2.308344092203571951e-01
1.580494669000000067e+04	3.838155714459751447e-04	2.292505267457094764e-01
1.579855507000000034e+04	3.596446362468467672e-04	2.276680190903774825e-01
1.579216883000000053e+04	3.369194935422116879e-04	2.260870353739778960e-01
1.578578794999999991e+04	3.155589223954187970e-04	2.245077179553834901e-01
1.577941243000000031e+04	2.954859736871065902e-04	2.229302123268949720e-01
1.577304226999999992e+04	2.766276990639717956e-04	2.213546621528265090e-01
1.576667746000000079e+04	2.589149382392454189e-04	2.197812067892375987e-01
1.576031797999999981e+04	2.422821485928295239e-04	2.182099812834273900e-01
1.575396384000000035e+04	2.266673356489096300e-04	2.166411262498275647e-01
1.574761503000000084e+04	2.120117531203144978e-04	2.150747755068333489e-01
1.574127153999999973e+04	1.982598014338875973e-04	2.135110610179974389e-01
1.573493336000000090e+04	1.853588753783597207e-04	2.119501128882390617e-01
1.572860049000000072e+04	1.732592365834670800e-04	2.103920618195115610e-01
1.572227291999999943e+04	1.619138331865107986e-04	2.088370341817269993e-01
1.571595065000000068e+04	1.512782044903359031e-04	2.072851569297887719e-01
1.570963365999999951e+04	1.413103018156825679e-04	2.057365502361637732e-01
1.570332194999999956e+04	1.319704332295126468e-04	2.041913373077048621e-01
1.569701552000000083e+04	1.232211098041523884e-04	2.026496394650760535e-01
1.569071435000000019e+04	1.150269088369803297e-04	2.011115712625865803e-01
1.568441844999999921e+04	1.073544340894411528e-04	1.995772527015961806e-01
1.567812780000000021e+04	1.001721354780568625e-04	1.980467945854525735e-01
1.567184238999999980e+04	9.345026419323316234e-05	1.965203082883709707e-01
1.566556222999999954e+04	8.716078542616316667e-05	1.949979081579975848e-01
1.565928730999999971e+04	8.127724699590148903e-05	1.934797018016798098e-01
1.565301761000000079e+04	7.577470965014363119e-05	1.919657925469167581e-01
1.564675312999999915e+04	7.062969282045565935e-05	1.904562866911252428e-01
1.564049387000000024e+04	6.582007733927962366e-05	1.889512886505194944e-01
1.563423982000000069e+04	6.132502554755032184e-05	1.874508985659427973e-01
1.562799097000000074e+04	5.712492060695304635e-05	1.859552147243048459e-01
1.562174731000000065e+04	5.320130013764030099e-05	1.844643335633221470e-01
1.561550885000000017e+04	4.953680446634271090e-05	1.829783544346063884e-01
1.560927556000000004e+04	4.611508108350008411e-05	1.814973653108896134e-01
1.560304745999999977e+04	4.292077969501763149e-05	1.800214642135033183e-01
1.559682452000000012e+04	3.993944314575090753e-05	1.785507354594770557e-01
1.559060675000000083e+04	3.715750319812465143e-05	1.770852710103737737e-01
1.558439413000000059e+04	3.456219732688434377e-05	1.756251539197329348e-01
1.557818666999999914e+04	3.214154941545762381e-05	1.741704724805589466e-01
1.557198435000000063e+04	2.988430078542364787e-05	1.727213061313898623e-01
1.556578715999999986e+04	2.777988552913678662e-05	1.712777348721809256e-01
1.555959511000000020e+04	2.581839283197905568e-05	1.698398415561111763e-01
1.555340818000000036e+04	2.399051325277622978e-05	1.684077002686072411e-01
1.554722637000000032e+04	2.228751976915525234e-05	1.669813879647187305e-01
1.554104968000000008e+04	2.070122734871188524e-05	1.655609798111874198e-01
1.553487809000000016e+04	1.922395671275382774e-05	1.641465446189621924e-01
1.552871160000000054e+04	1.784851460656602820e-05	1.627381540513700986e-01
1.552255019999999968e+04	1.656815780433585012e-05	1.613358757391249731e-01
1.551639388999999937e+04	1.537657078586434004e-05	1.599397778579643159e-01
1.551024265999999989e+04	1.426783624195074077e-05	1.585499245871655472e-01
1.550409650999999940e+04	1.323641502697816561e-05	1.571663806553733611e-01
1.549795542000000023e+04	1.227711843565784963e-05	1.557892045942730341e-01
1.549181940000000031e+04	1.138509495838550522e-05	1.544184599837651328e-01
1.548568843000000015e+04	1.055580074211373043e-05	1.530542020082610311e-01
1.547956250999999975e+04	9.784988122053614879e-06	1.516964886594932282e-01
1.547344163999999910e+04	9.068684495894728810e-06	1.503453762540276906e-01
1.546732580000000053e+04	8.403173356015847758e-06	1.490009150571839636e-01
1.546121499000000040e+04	7.784983024775082836e-06	1.476631581250446024e-01
1.545510921000000053e+04	7.210869064240010467e-06	1.463321568747799895e-01
1.544900844999999936e+04	6.677799319188151011e-06	1.450079589309392625e-01
1.544291268999999920e+04	6.182940921959590306e-06	1.436906081853026873e-01
1.543682194999999956e+04	5.723651645703546170e-06	1.423801555920477802e-01
1.543073619999999937e+04	5.297460939269748199e-06	1.410766397551154738e-01
1.542465545000000020e+04	4.902065765196809215e-06	1.397801063292598012e-01
1.541857969000000048e+04	4.535315685911845844e-06	1.384905951340447694e-01
1.541250890000000072e+04	4.195204055408265722e-06	1.372081423731567884e-01
1.540644310000000041e+04	3.879861475319206079e-06	1.359327911863336125e-01
1.540038226000000031e+04	3.587542180394938928e-06	1.346645726759835848e-01
1.539432638000000043e+04	3.316620248242793003e-06	1.334035227916589572e-01
1.538827547000000050e+04	3.065580621336413781e-06	1.321496780586668418e-01
1.538222949999999946e+04	2.833009942691775285e-06	1.309030652569901088e-01
1.537618848000000071e+04	2.617593135643290520e-06	1.296637180131757772e-01
1.537015240000000085e+04	2.418104620139878185e-06	1.284316643924404422e-01
1.536412125000000015e+04	2.233403233522016508e-06	1.272069310683836274e-01
1.535809503000000041e+04	2.062426933400312553e-06	1.259895453531113263e-01
1.535207373000000007e+04	1.904186969996403154e-06	1.247795311509944383e-01
1.534605733999999939e+04	1.757763335527695821e-06	1.235769110204757437e-01
1.534004586000000018e+04	1.622300396325592764e-06	1.223817081724151573e-01
1.533403929000000062e+04	1.497002317803867578e-06	1.211939444596976251e-01
1.532803760999999940e+04	1.381128684462554181e-06	1.200136364699564140e-01
1.532204082000000017e+04	1.273991572764098389e-06	1.188408034509416400e-01
1.531604891999999927e+04	1.174951571553479866e-06	1.176754633386728061e-01
1.531006189000000086e+04	1.083414202370820365e-06	1.165176289159819689e-01
1.530407973999999922e+04	9.988276360774204578e-07	1.153673175251076349e-01
1.529810246000000006e+04	9.206790198674065756e-07	1.142245413864642345e-01
1.529213004000000001e+04	8.484921257051392870e-07	1.130893115152471345e-01
1.528616246999999930e+04	7.818248317195184338e-07	1.119616377374254429e-01
1.528019974999999977e+04	7.202668684324827387e-07	1.108415305786769334e-01
1.527424187999999958e+04	6.634374916577575270e-07	1.097289993626666682e-01
1.526828883999999925e+04	6.109832667041321607e-07	1.086240485257819188e-01
1.526234064000000035e+04	5.625766132320872340e-07	1.075266869416627996e-01
1.525639725999999973e+04	5.179134888776648981e-07	1.064369168005544347e-01
1.525045869999999923e+04	4.767121462758308142e-07	1.053547428776893530e-01
1.524452495000000090e+04	4.387113362314178365e-07	1.042801670203443165e-01
1.523859600999999930e+04	4.036689973541122636e-07	1.032131918083024485e-01
1.523267187999999987e+04	3.713608282586238260e-07	1.021538187304389944e-01
1.522675253999999950e+04	3.415789327515941013e-07	1.011020446582561599e-01
1.522083798999999999e+04	3.141308629292860119e-07	1.000578690147771871e-01
1.521492822999999953e+04	2.888384039694212289e-07	9.902129017977247261e-02
1.520902324000000044e+04	2.655364809396199188e-07	9.799230203185442523e-02
1.520312303000000065e+04	2.440724154563904708e-07	9.697090270579045157e-02
1.519722759000000042e+04	2.243048369785428424e-07	9.595708586684847941e-02
1.519133690999999999e+04	2.061029485897689235e-07	9.495084424608896123e-02
1.518545097999999962e+04	1.893457609721103948e-07	9.395216965615448002e-02
1.517956981000000087e+04	1.739214301922417085e-07	9.296105636597862265e-02
1.517369338000000062e+04	1.597264593097671034e-07	9.197749266157582981e-02
1.516782167999999911e+04	1.466651982683340558e-07	9.100146766001357412e-02
1.516195471999999972e+04	1.346492807843303673e-07	9.003297291254862278e-02
1.515609249000000091e+04	1.235970041476126496e-07	8.907199577111665767e-02
1.515023497999999927e+04	1.134328848562358247e-07	8.811852276275897178e-02
1.514438219000000026e+04	1.040872144460598515e-07	8.717254121554937618e-02
1.513853410000000076e+04	9.549558442382170660e-08	8.623403441928385871e-02
1.513269072000000051e+04	8.759856718174404128e-08	8.530298969347618887e-02
1.512685203999999976e+04	8.034127216768142016e-08	8.437939034979480279e-02
1.512101806000000033e+04	7.367304879845460462e-08	8.346322051587964919e-02
1.511518875999999909e+04	6.754713516203654516e-08	8.255446043341115037e-02
1.510936413999999968e+04	6.192041018233520364e-08	8.165309275464323335e-02
1.510354420000000027e+04	5.675309604651270618e-08	8.075909938212844086e-02
1.509772892999999931e+04	5.200849847765945969e-08	7.987245996459460540e-02
1.509191832000000068e+04	4.765278355499216364e-08	7.899315347624859263e-02
1.508611238000000048e+04	4.365477394173455925e-08	7.812116122372383953e-02
1.508031107999999949e+04	3.998570613419090062e-08	7.725645783782160436e-02
1.507451444000000083e+04	3.661910511474193740e-08	7.639902477661396352e-02
1.506872243999999955e+04	3.353055370634152653e-08	7.554883689653307810e-02
1.506293506999999954e+04	3.069756586434571005e-08	7.470586994755401555e-02
1.505715234000000055e+04	2.809944086540260073e-08	7.387010197029185432e-02
1.505137422999999944e+04	2.571710322482927968e-08	7.304150605542805708e-02
1.504560074999999961e+04	2.353300332415188296e-08	7.222005902940209499e-02
1.503983187999999973e+04	2.153097559412041165e-08	7.140573286398341213e-02
1.503406761000000006e+04	1.969614702290305325e-08	7.059850043716976720e-02
1.502830796000000009e+04	1.801484108465224622e-08	6.979833825804840353e-02
1.502255290000000059e+04	1.647446117536230693e-08	6.900521533286134435e-02
1.501680242999999973e+04	1.506342973927665003e-08	6.821910434808078905e-02
1.501105654999999933e+04	1.377109941125568477e-08	6.743997746582583441e-02
1.500531524999999965e+04	1.258767814890531490e-08	6.666780499770910695e-02
1.499957853000000068e+04	1.150416633142402408e-08	6.590255812983594752e-02
1.499384638000000086e+04	1.051229035632605151e-08	6.514420624577559049e-02
1.498811880000000019e+04	9.604448944521521111e-09	6.439271960726380972e-02
1.498239578000000074e+04	8.773656594597691100e-09	6.364806672085791817e-02
1.497667730999999912e+04	8.013496515203007051e-09	6.291021568972815503e-02
1.497096339000000080e+04	7.318076542387200562e-09	6.217913549995427586e-02
1.496525401000000056e+04	6.681984777431056926e-09	6.145479345217055162e-02
1.495954917000000023e+04	6.100253576805470790e-09	6.073715773270742246e-02
1.495384886999999981e+04	5.568322744066101700e-09	6.002619613009190641e-02
1.494815308999999979e+04	5.082005237505855862e-09	5.932187358464952043e-02
1.494246183000000019e+04	4.637460744847227330e-09	5.862415718910581053e-02
1.493677510000000075e+04	4.231166495167162634e-09	5.793301488389431680e-02
1.493109287000000040e+04	3.859888280698327985e-09	5.724840941846971037e-02
1.492541515000000072e+04	3.520662593000748920e-09	5.657030808554789486e-02
1.491974193000000014e+04	3.210770676351160525e-09	5.589867545069870935e-02
1.491407320000000072e+04	2.927720000065965481e-09	5.523347580453497052e-02
1.490840897000000041e+04	2.669226699392563719e-09	5.457467548931459189e-02
1.490274921999999970e+04	2.433196242504925856e-09	5.392223706847661113e-02
1.489709395000000040e+04	2.217710219914978173e-09	5.327612517867835740e-02
1.489144314999999915e+04	2.021010634143615641e-09	5.263630305613797855e-02
1.488579682999999932e+04	1.841487767425842895e-09	5.200273594914536779e-02
1.488015495999999985e+04	1.677666098285994147e-09	5.137538438562568727e-02
1.487451756000000023e+04	1.528195931164300782e-09	5.075421425685902599e-02
1.486888460999999916e+04	1.391840443681782684e-09	5.013918679452520483e-02
1.486325610000000052e+04	1.267467757140969448e-09	4.953026416544657057e-02
1.485763204000000042e+04	1.154042335291704041e-09	4.892741049804084918e-02
1.485201240999999936e+04	1.050615959411661411e-09	4.833058650758249863e-02
1.484639722000000074e+04	9.563216218673385623e-10	4.773975593740389239e-02
1.484078644999999960e+04	8.703656906914605352e-10	4.715487919589474858e-02
1.483518010999999933e+04	7.920227452053263359e-10	4.657591967912952380e-02
1.482957818000000043e+04	7.206289808745429352e-10	4.600283752529462505e-02
1.482398065999999926e+04	6.555777343177107902e-10	4.543559481138324807e-02
1.481838754999999946e+04	5.963143895727324638e-10	4.487415346770345231e-02
1.481279883999999947e+04	5.423319053154822758e-10	4.431847429730885468e-02
1.480721451999999954e+04	4.931669200723129505e-10	4.376851801215210502e-02
1.480163459999999941e+04	4.483962104911944723e-10	4.322424718270508059e-02
1.479605905999999959e+04	4.076328860061478559e-10	4.268562134574249017e-02
1.479048790000000008e+04	3.705237046471907088e-10	4.215260191305744697e-02
1.478492110999999932e+04	3.367459879199222325e-10	4.162514925780182867e-02
1.477935870000000068e+04	3.060051985687552677e-10	4.110322556969232127e-02
1.477380064999999922e+04	2.780322600032587372e-10	4.058679014834035842e-02
1.476824695000000065e+04	2.525816109349151041e-10	4.007580320981560251e-02
1.476269762000000082e+04	2.294292518854018656e-10	3.957022766146818527e-02
1.475715263000000050e+04	2.083705614592400593e-10	3.907002179396091429e-02
1.475161197999999968e+04	1.892189655699544650e-10	3.857514662197041033e-02
1.474607567999999992e+04	1.718042831938962679e-10	3.808556399767377282e-02
1.474054370999999992e+04	1.559711934348612970e-10	3.760123308966677874e-02
1.473501605999999992e+04	1.415780831686629822e-10	3.712211397110990602e-02
1.472949274999999943e+04	1.284958947188322214e-10	3.664816928986137923e-02
1.472397374999999920e+04	1.166068477298065595e-10	3.617935738458039063e-02
1.471845905999999923e+04	1.058036496963866902e-10	3.571563919916619784e-02
1.471294867999999951e+04	9.598850946719526274e-11	3.525697567605233507e-02
1.470744261000000006e+04	8.707230981533869290e-11	3.480332776277073742e-02
1.470194082999999955e+04	7.897382269766155998e-11	3.435465479574772996e-02
1.469644334999999955e+04	7.161909392344885558e-11	3.391091860481425246e-02
1.469095015000000058e+04	6.494072139234479924e-11	3.347207862589077210e-02
1.468546124000000054e+04	5.887735727820967555e-11	3.303809674996008999e-02
1.467997660999999971e+04	5.337311562644473251e-11	3.260893331369354997e-02
1.467449625000000015e+04	4.837711688331521611e-11	3.218454872736967870e-02
1.466902016000000003e+04	4.384305413581650311e-11	3.176490424234278825e-02
1.466354833999999937e+04	3.972877899395029272e-11	3.134996116190837123e-02
1.465808077000000048e+04	3.599592096623525898e-11	3.093967935392461996e-02
1.465261744999999974e+04	3.260958139190148991e-11	3.053402028906603352e-02
1.464715839000000051e+04	2.953801508659315698e-11	3.013294623623423429e-02
1.464170355999999992e+04	2.675232391604391951e-11	2.973641661370877640e-02
1.463625297999999930e+04	2.422625075591413996e-11	2.934439458684477350e-02
1.463080662999999913e+04	2.193589907525970173e-11	2.895684051084770200e-02
1.462536450999999943e+04	1.985955051658747101e-11	2.857371628927442286e-02
1.461992661000000044e+04	1.797745713780041356e-11	2.819498322443612925e-02
1.461449293000000034e+04	1.627167221258144128e-11	2.782060342979817205e-02
1.460906346999999914e+04	1.472588470318096156e-11	2.745053911910516620e-02
1.460363820999999916e+04	1.332526744652590683e-11	2.708475126965345300e-02
1.459821716000000015e+04	1.205635667157881596e-11	2.672320301580688451e-02
1.459280031000000054e+04	1.090691629260905360e-11	2.636585626342786287e-02
1.458738766000000032e+04	9.865834285008296351e-12	2.601267371291560854e-02
1.458197919000000002e+04	8.923015335370001253e-12	2.566361690162585404e-02
1.457657490999999936e+04	8.069297605115615484e-12	2.531864945219964441e-02
1.457117481000000043e+04	7.296359429766346656e-12	2.497773383138336342e-02
1.456577887999999984e+04	6.596646646143204006e-12	2.464083266535799926e-02
1.456038711999999941e+04	5.963303868214174227e-12	2.430790935682555776e-02
1.455499952999999914e+04	5.390109370796878399e-12	2.397892744668810375e-02
1.454961609999999928e+04	4.871416405397415090e-12	2.365385001700253884e-02
1.454423682999999983e+04	4.402102713465828628e-12	2.333264091535808271e-02
1.453886169999999947e+04	3.977519948763777131e-12	2.301526296293664522e-02
1.453349072999999953e+04	3.593454938235733356e-12	2.270168150684601094e-02
1.452812389000000076e+04	3.246083114524727727e-12	2.239185912524471050e-02
1.452276118999999926e+04	2.931939100137013917e-12	2.208576090125379671e-02
1.451740262000000075e+04	2.647879694155773941e-12	2.178335092899913797e-02
1.451204817999999977e+04	2.391055991341671746e-12	2.148459404492331776e-02
1.450669786999999997e+04	2.158885626506269442e-12	2.118945524994894289e-02
1.450135167000000001e+04	1.949027414087007748e-12	2.089789862764705394e-02
1.449600957999999991e+04	1.759360681875339331e-12	2.060988955288196867e-02
1.449067159999999967e+04	1.587963937493371531e-12	2.032539357199361282e-02
1.448533772999999928e+04	1.433096398927307662e-12	2.004437640518847569e-02
1.448000794999999925e+04	1.293180715112668904e-12	1.976680291327652383e-02
1.447468226999999933e+04	1.166789089707521294e-12	1.949263971871233181e-02
1.446936067000000003e+04	1.052627841895590815e-12	1.922185208250742211e-02
1.446404317000000083e+04	9.495264418436589424e-13	1.895440749501638850e-02
1.445872974000000067e+04	8.564242049324877883e-13	1.869027111271365574e-02
1.445342037999999957e+04	7.723615707187879539e-13	1.842940981278672410e-02
1.444811510000000089e+04	6.964701598724793159e-13	1.817179114230090334e-02
1.444281387999999970e+04	6.279636835808733797e-13	1.791738138337172631e-02
1.443751672999999937e+04	5.661310552505401789e-13	1.766614846833311839e-02
1.443222363000000041e+04	5.103285775765491581e-13	1.741805910148695735e-02
1.442693457999999919e+04	4.599741767596842734e-13	1.717308114583931261e-02
1.442164957999999933e+04	4.145413499594474406e-13	1.693118265913116233e-02
1.441636861999999928e+04	3.735538485737883646e-13	1.669233144568486177e-02
1.441109170000000086e+04	3.365810925713576365e-13	1.645649597299658415e-02
1.440581881000000067e+04	3.032336999735141419e-13	1.622364446815591221e-02
1.440054996000000028e+04	2.731597710277252588e-13	1.599374624645313187e-02
1.439528512000000046e+04	2.460409939926848638e-13	1.576676908898619681e-02
1.439002431000000070e+04	2.215899331301424590e-13	1.554268315757723756e-02
1.438476750999999967e+04	1.995466392789045356e-13	1.532145710240290226e-02
1.437951471999999922e+04	1.796763169360897946e-13	1.510306064434466938e-02
1.437426593999999932e+04	1.617668289040330494e-13	1.488746370849964099e-02
1.436902115000000049e+04	1.456264756581118083e-13	1.467463561842509596e-02
1.436378037000000040e+04	1.310822237455933035e-13	1.446454753647605750e-02
1.435854357999999957e+04	1.179776849178591069e-13	1.425716921804055792e-02
1.435331077000000005e+04	1.061716697394530065e-13	1.405247105309800730e-02
1.434808194999999978e+04	9.553673795545820865e-14	1.385042442621994309e-02
1.434285709999999926e+04	8.595777482400702252e-14	1.365099977301082596e-02
1.433763623000000007e+04	7.733092229260308313e-14	1.345416889905880382e-02
1.433241933000000063e+04	6.956240414125290844e-14	1.325990306001875729e-02
1.432720638999999937e+04	6.256759220225339370e-14	1.306817373918096707e-02
1.432199741999999969e+04	5.627014588574781275e-14	1.287895336943246233e-02
1.431679239000000052e+04	5.060113979672315711e-14	1.269221314926151888e-02
1.431159132999999929e+04	4.549845696359961207e-14	1.250792665313905580e-02
1.430639420000000064e+04	4.090599650645798527e-14	1.232606517851063919e-02
1.430120102000000043e+04	3.677321385720925893e-14	1.214660236330634274e-02
1.429601178000000073e+04	3.305450019793976605e-14	1.196951100362509540e-02
1.429082646999999997e+04	2.970873044048972030e-14	1.179476412304533012e-02
1.428564508999999998e+04	2.669883220892685532e-14	1.162233530297335227e-02
1.428046764000000076e+04	2.399138366849350828e-14	1.145219833496494144e-02
1.427529409999999916e+04	2.155624873725231405e-14	1.128432657588671235e-02
1.427012448000000040e+04	1.936628009081327417e-14	1.111869458037587077e-02
1.426495876999999928e+04	1.739700367108921675e-14	1.095527646787285321e-02
1.425979696999999942e+04	1.562637013642415575e-14	1.079404689384379917e-02
1.425463906999999926e+04	1.403451003587681509e-14	1.063498041668308955e-02
1.424948507000000063e+04	1.260352655902369366e-14	1.047805212208738346e-02
1.424433496000000014e+04	1.131729595977035180e-14	1.032323700580686614e-02
1.423918873999999960e+04	1.016129857604499766e-14	1.017051058220684243e-02
1.423404639999999927e+04	9.122456220505178065e-15	1.001984828253207546e-02
1.422890795000000071e+04	8.188996194205827931e-15	9.871226335368970747e-03
1.422377337000000080e+04	7.350313349255556999e-15	9.724620310595002634e-03
1.421864265999999952e+04	6.596863833818535419e-15	9.580006574322702528e-03
1.421351582000000053e+04	5.920056424590188389e-15	9.437361698762348344e-03
1.420839284000000043e+04	5.312157202796397951e-15	9.296662188933865756e-03
1.420327371999999923e+04	4.766207166977101885e-15	9.157885038523379956e-03
1.419815846000000056e+04	4.275944049292695360e-15	9.021007445715554032e-03
1.419304703999999947e+04	3.835731567068134768e-15	8.886006287893889397e-03
1.418793946999999935e+04	3.440501589658254318e-15	8.752859450135560757e-03
1.418283574000000044e+04	3.085693362758975581e-15	8.621544495230479971e-03
1.417773584999999912e+04	2.767205379823416541e-15	8.492039453650774769e-03
1.417263978999999927e+04	2.481348285784608050e-15	8.364322308120364716e-03
1.416754756000000089e+04	2.224804949820353967e-15	8.238371500707015321e-03
1.416245915000000059e+04	1.994592222364899217e-15	8.114165430693964440e-03
1.415737456000000020e+04	1.788028508303750910e-15	7.991682948433683972e-03
1.415229378999999972e+04	1.602703072980847236e-15	7.870903102371993101e-03
1.414721681999999964e+04	1.436448302176538246e-15	7.751804672260218139e-03
1.414214366999999947e+04	1.287317260043099496e-15	7.634367578910271693e-03
1.413707430999999997e+04	1.153558801691223879e-15	7.518570779671459800e-03
1.413200876000000062e+04	1.033600704005711574e-15	7.404394582546724307e-03
1.412694699000000037e+04	9.260291551949180004e-16	7.291818360759145037e-03
1.412188902000000053e+04	8.295750647894307031e-16	7.180822805930078649e-03
1.411683482999999978e+04	7.430976158979617695e-16	7.071387917889332408e-03
1.411178442999999970e+04	6.655726412417463491e-16	6.963494547349589024e-03
1.410673780000000079e+04	5.960798663503160286e-16	6.857123095604390414e-03
1.410169493999999941e+04	5.337931702772566662e-16	6.752254588831011796e-03
1.409665584999999919e+04	4.779707409084549985e-16	6.648870241227297119e-03
1.409162053000000014e+04	4.279465418097430726e-16	6.546951454090019565e-03
1.408658895999999913e+04	3.831224665356388434e-16	6.446479418214662305e-03
1.408156115999999929e+04	3.429619733386116463e-16	6.347436313638516771e-03
1.407653709999999955e+04	3.069830890801283755e-16	6.249803518051241617e-03
1.407151678999999967e+04	2.747535627751685155e-16	6.153563385355552938e-03
1.406650021999999990e+04	2.458853673408293498e-16	6.058698065205521920e-03
1.406148739000000023e+04	2.200303939214572670e-16	5.965190083621198930e-03
1.405647830000000067e+04	1.968763169357885651e-16	5.873022146322363392e-03
1.405147293999999965e+04	1.761429056232687787e-16	5.782176957452479261e-03
1.404647129999999925e+04	1.575787993139878291e-16	5.692637408639015378e-03
1.404147338999999920e+04	1.409586179648848569e-16	5.604386928374140847e-03
1.403647919000000002e+04	1.260801356925973380e-16	5.517408591851950816e-03
1.403148870999999963e+04	1.127620997538553543e-16	5.431686179310915748e-03
1.402650194000000010e+04	1.008419332019836659e-16	5.347203298009439200e-03
1.402151886999999988e+04	9.017388099383469979e-17	5.263943736442473938e-03
1.401653951000000052e+04	8.062731814599290052e-17	5.181891790256123662e-03
1.401156384000000071e+04	7.208509767606762713e-17	5.101031431364964376e-03
1.400659187000000020e+04	6.444227372618499456e-17	5.021347295514106898e-03
1.400162358999999924e+04	5.760476028053219577e-17	4.942823862818137085e-03
1.399665898999999990e+04	5.148824783581949939e-17	4.865445788231522947e-03
1.399169807000000037e+04	4.601720502251612197e-17	4.789198052782267859e-03
1.398674083000000064e+04	4.112395832932365110e-17	4.714065801065119542e-03
1.398178725999999915e+04	3.674787225831200706e-17	4.640034191708161844e-03
1.397683735999999953e+04	3.283464032483015307e-17	4.567088699259383433e-03
1.397189112999999998e+04	2.933561988043834839e-17	4.495214958275961167e-03
1.396694856000000073e+04	2.620723968846268076e-17	4.424398619911424670e-03
1.396200964000000022e+04	2.341048224517183091e-17	4.354625501014750509e-03
1.395707438000000002e+04	2.091042062669315301e-17	4.285881859345892254e-03
1.395214276000000064e+04	1.867576802068300912e-17	4.218153690913910812e-03
1.394721478999999999e+04	1.667852830392886721e-17	4.151427564530297577e-03
1.394229046000000017e+04	1.489363126519427108e-17	4.085689928987574354e-03
1.393736976999999933e+04	1.329864047719172833e-17	4.020927522889713827e-03
1.393245269999999982e+04	1.187346920649063178e-17	3.957126977521182969e-03
1.392753926999999931e+04	1.060015249618853005e-17	3.894275595967915636e-03
1.392262946000000011e+04	9.462603738851746924e-18	3.832360313820597480e-03
1.391772328000000016e+04	8.446436322411931805e-18	3.771368598029914421e-03
1.391282070000000022e+04	7.538770917826162748e-18	3.711287567240804854e-03
1.390792173999999977e+04	6.728095029580651317e-18	3.652105104976872355e-03
1.390302639000000090e+04	6.004105044588638722e-18	3.593808869198351300e-03
1.389813464999999997e+04	5.357586603498390088e-18	3.536386783076773867e-03
1.389324649999999929e+04	4.780296419067603589e-18	3.479826680647506772e-03
1.388836195000000043e+04	4.264866322907914842e-18	3.424116888254745417e-03
1.388348099999999977e+04	3.804706371141540366e-18	3.369245752173059393e-03
1.387860362999999961e+04	3.393922717245595583e-18	3.315201535664084962e-03
1.387372984999999971e+04	3.027248632096985891e-18	3.261972975755182951e-03
1.386885964000000058e+04	2.699973658696354817e-18	3.209548617068117525e-03
1.386399301999999989e+04	2.407889850336216270e-18	3.157917571240278273e-03
1.385912996000000021e+04	2.147233174533487425e-18	3.107068550729132159e-03
1.385427047999999922e+04	1.914642366193614958e-18	3.056990928598347403e-03
1.384941455999999926e+04	1.707111687202816035e-18	3.007673792356726876e-03
1.384456220000000030e+04	1.521956279949411693e-18	2.959106568592050589e-03
1.383971340000000055e+04	1.356777221830685640e-18	2.911278811180711360e-03
1.383486815999999999e+04	1.209431265003054982e-18	2.864180200146524812e-03
1.383002645999999913e+04	1.078003244594794330e-18	2.817800350337927584e-03
1.382518829999999980e+04	9.607830391586546852e-19	2.772129198971825907e-03
1.382035368999999992e+04	8.562433828327066507e-19	2.727156898121877761e-03
1.381552261999999973e+04	7.630198210578529134e-19	2.682873533875678156e-03
1.381069507999999951e+04	6.798939121035433778e-19	2.639269318018797137e-03
1.380587106999999924e+04	6.057778356605611044e-19	2.596334675081064455e-03
1.380105059000000074e+04	5.397002922070694080e-19	2.554060147514753375e-03
1.379623363000000063e+04	4.807939819769796557e-19	2.512436308809340782e-03
1.379142017999999916e+04	4.282846770100634955e-19	2.471453853200218133e-03
1.378661025999999947e+04	3.814815645088870648e-19	2.431103844199948225e-03
1.378180384000000049e+04	3.397675641758839647e-19	2.391377038593614068e-03
1.377700093000000015e+04	3.025923035963301765e-19	2.352264643419096392e-03
1.377220152000000053e+04	2.694644541613312385e-19	2.313757812679733024e-03
1.376740560999999980e+04	2.399456536880091814e-19	2.275847893579538168e-03
1.376261319999999978e+04	2.136447566234149013e-19	2.238526342176689124e-03
1.375782428000000073e+04	1.902127316239186128e-19	2.201784646159473616e-03
1.375303883999999925e+04	1.693382096597030936e-19	2.165614404449957200e-03
1.374825689000000057e+04	1.507435151039648682e-19	2.130007473794995158e-03
1.374347841999999946e+04	1.341808842113032130e-19	2.094955665337693267e-03
1.373870342999999957e+04	1.194293715957464999e-19	2.060450969725665347e-03
1.373393190999999933e+04	1.062919010554940048e-19	2.026485409264519155e-03
1.372916386000000057e+04	9.459275631196686924e-20	1.993051181343072093e-03
1.372439926999999989e+04	8.417522908510936575e-20	1.960140514940572360e-03
1.371963813999999911e+04	7.489961794849653990e-20	1.927745809785723526e-03
1.371488047999999981e+04	6.664138608923930636e-20	1.895859630130995298e-03
1.371012625999999909e+04	5.928944594908835694e-20	1.864474371157825907e-03
1.370537550000000010e+04	5.274485160478625096e-20	1.833582858590551354e-03
1.370062817999999970e+04	4.691935178480581432e-20	1.803177750949788239e-03
1.369588429999999971e+04	4.173431837181761363e-20	1.773251933602654597e-03
1.369114386999999988e+04	3.711968590479040079e-20	1.743798446402754785e-03
1.368640685999999914e+04	3.301298021308738071e-20	1.714810174397607672e-03
1.368167329000000063e+04	2.935857705309373571e-20	1.686280403653435834e-03
1.367694314999999915e+04	2.610689026626165170e-20	1.658202326007072146e-03
1.367221643000000040e+04	2.321374413451494283e-20	1.630569225787525511e-03
1.366749313000000075e+04	2.063979105069638891e-20	1.603374535866860726e-03
1.366277325000000019e+04	1.834998012182226521e-20	1.576611775977951498e-03
1.365805678000000080e+04	1.631308635805583344e-20	1.550274496354741736e-03
1.365334372000000076e+04	1.450130384122458122e-20	1.524356390151124230e-03
1.364863406000000032e+04	1.288986547659234787e-20	1.498851180752752438e-03
1.364392780999999923e+04	1.145672228916577914e-20	1.473752783712046479e-03
1.363922494999999981e+04	1.018223184630329322e-20	1.449055037068866297e-03
1.363452548999999999e+04	9.048913239270822284e-21	1.424752020401197708e-03
1.362982942000000003e+04	8.041197857130057033e-21	1.400837789257208896e-03
1.362513673000000017e+04	7.145226286738843829e-21	1.377306481624789762e-03
1.362044743000000017e+04	6.348664739531539339e-21	1.354152414921166395e-03
1.361576151000000027e+04	5.640531122843312964e-21	1.331369884505445231e-03
1.361107897000000048e+04	5.011052455438249619e-21	1.308953312829688005e-03
1.360639978999999948e+04	4.451528548462729739e-21	1.286897104491827037e-03
1.360172399000000041e+04	3.954221592998986383e-21	1.265195928887517893e-03
1.359705155000000013e+04	3.512241674722921977e-21	1.243844342210625748e-03
1.359238247000000047e+04	3.119460345010271590e-21	1.222837068659356468e-03
1.358771674999999959e+04	2.770424866726925991e-21	1.202168904589290830e-03
1.358305438999999933e+04	2.460284072781222517e-21	1.181834717678997273e-03
1.357839537000000018e+04	2.184721203385593492e-21	1.161829360892250836e-03
1.357373970000000008e+04	1.939898168881363453e-21	1.142147887981138747e-03
1.356908738000000085e+04	1.722400423486152628e-21	1.122785377545964603e-03
1.356443839999999909e+04	1.529190615021581203e-21	1.103736935528676138e-03
1.355979275000000052e+04	1.357567593793921822e-21	1.084997737592843445e-03
1.355515042999999969e+04	1.205129667993255058e-21	1.066563067637527279e-03
1.355051144999999997e+04	1.069741443416619969e-21	1.048428313853779241e-03
1.354587578000000030e+04	9.495031202149038996e-22	1.030588774015795284e-03
1.354124344999999994e+04	8.427271317517724623e-22	1.013040042570629087e-03
1.353661441999999988e+04	7.479115713824332191e-22	9.957775110145184513e-04
1.353198871999999938e+04	6.637227418289544336e-22	9.787968975271163063e-04
1.352736631999999918e+04	5.889739899051575735e-22	9.620937598722802435e-04
1.352274724000000060e+04	5.226113853831207514e-22	9.456638999356978097e-04
1.351813145000000077e+04	4.636974963821735863e-22	9.295030015453415806e-04
1.351351896999999917e+04	4.113998514750880653e-22	9.136069854440992269e-04
1.350890978999999970e+04	3.649782880385124400e-22	8.979717256650030345e-04
1.350430390000000079e+04	3.237751194524659646e-22	8.825931562866486460e-04
1.349970129000000088e+04	2.872059819245288905e-22	8.674672706444541345e-04
1.349510197999999946e+04	2.547518922984059413e-22	8.525902168207467619e-04
1.349050595000000067e+04	2.259514820414036892e-22	8.379580681946822984e-04
1.348591320000000087e+04	2.003950286762575708e-22	8.235670193875180506e-04
1.348132372000000032e+04	1.777185200759520145e-22	8.094132887364281423e-04
1.347673752000000059e+04	1.575987166403881888e-22	7.954932103703725790e-04
1.347215458000000035e+04	1.397483910267640360e-22	7.818030805323144010e-04
1.346757490999999936e+04	1.239125675095388707e-22	7.683393390190981038e-04
1.346299849999999969e+04	1.098647356642044130e-22	7.550984179366415118e-04
1.345842534999999953e+04	9.740378389892951703e-23	7.420768304166511752e-04
1.345385546000000068e+04	8.635113092771165863e-23	7.292711398640105416e-04
1.344928881999999976e+04	7.654819215453604063e-23	7.166779319650751906e-04
1.344472542000000067e+04	6.785417471810670493e-23	7.042938431558195102e-04
1.344016527999999926e+04	6.014413671801864439e-23	6.921156394087786198e-04
1.343560836999999992e+04	5.330708018833387176e-23	6.801400006608451614e-04
1.343105470000000059e+04	4.724453942840321162e-23	6.683637616129861625e-04
1.342650425999999970e+04	4.186908648096485796e-23	6.567837512799822117e-04
1.342195706000000064e+04	3.710314643402666753e-23	6.453968958524561404e-04
1.341741308000000026e+04	3.287784061387233914e-23	6.342000918566975069e-04
1.341287233000000015e+04	2.913207160354366038e-23	6.231903558100102816e-04
1.340833479000000079e+04	2.581159780608847294e-23	6.123646757458543538e-04
1.340380047999999988e+04	2.286831735774784448e-23	6.017201793985043311e-04
1.339926936999999998e+04	2.025951831476873043e-23	5.912539198338000830e-04
1.339474148000000059e+04	1.794733490455639118e-23	5.809631096489916964e-04
1.339021680000000015e+04	1.589815693591930585e-23	5.708449337339365631e-04
1.338569532000000072e+04	1.408216950728269725e-23	5.608966196642772113e-04
1.338117704000000049e+04	1.247292930139808407e-23	5.511154585772856532e-04
1.337666194999999971e+04	1.104697756599641709e-23	5.414987605984443193e-04
1.337215005999999994e+04	9.783513488353625473e-24	5.320439183730235177e-04
1.336764135999999962e+04	8.664082948018372373e-24	5.227483213343794236e-04
1.336313585000000057e+04	7.672322706169782585e-24	5.136094189011299787e-04
1.335863351999999941e+04	6.793719939208479284e-24	5.046246786994561858e-04
1.335413436000000002e+04	6.015406040973236778e-24	4.957916071325322747e-04
1.334963839000000007e+04	5.325975305614449576e-24	4.871078063021667677e-04
1.334514559000000008e+04	4.715308758451030922e-24	4.785708368791504450e-04
1.334065596000000005e+04	4.174438210446663400e-24	4.701783350729642447e-04
1.333616949000000022e+04	3.695411982205303925e-24	4.619279543227852898e-04
1.333168619000000035e+04	3.271183131261942937e-24	4.538174201306685042e-04
1.332720605000000069e+04	2.895503088250890541e-24	4.458444560207663237e-04
1.332272905999999966e+04	2.562833515569049984e-24	4.380068207192578614e-04
1.331825523000000067e+04	2.268267083650230856e-24	4.303023418080307466e-04
1.331378455000000031e+04	2.007453192444691335e-24	4.227288452326096878e-04
1.330931701000000066e+04	1.776536415579132693e-24	4.152841906926092491e-04
1.330485261999999966e+04	1.572101184358372837e-24	4.079663036672716162e-04
1.330039135999999962e+04	1.391119563135992550e-24	4.007730923191065082e-04
1.329593325000000004e+04	1.230910192180059468e-24	3.937025611324884082e-04
1.329147825999999986e+04	1.089095570917892490e-24	3.867526660033193610e-04
1.328702641000000040e+04	9.635709414702327911e-25	3.799214724173723351e-04
1.328257768000000033e+04	8.524705053654714219e-25	3.732070139534925156e-04
1.327813207999999941e+04	7.541421909746268983e-25	3.666073999221600805e-04
1.327368959999999970e+04	6.671221021719769782e-25	3.601207388459955758e-04
1.326925022999999965e+04	5.901136211088226976e-25	3.537451689601857764e-04
1.326481398000000081e+04	5.219686411923048757e-25	3.474788857918630048e-04
1.326038083000000006e+04	4.616698701357662232e-25	3.413200705337652349e-04
1.325595080000000053e+04	4.083169075002879509e-25	3.352669879507995908e-04
1.325152385999999933e+04	3.611117903983249792e-25	3.293178615102068467e-04
1.324710002999999961e+04	3.193484493076050308e-25	3.234710096420118867e-04
1.324267929999999978e+04	2.824013677101541300e-25	3.177247367219255669e-04
1.323826166000000012e+04	2.497167205868810218e-25	3.120773739982256323e-04
1.323384711000000061e+04	2.208042436406026944e-25	3.065272916590182405e-04
1.322943564999999944e+04	1.952298844090247059e-25	3.010728851439548157e-04
1.322502727000000050e+04	1.726093304405120092e-25	2.957125627292358258e-04
1.322062197000000015e+04	1.526024303182268022e-25	2.904447698909400077e-04
1.321621975000000020e+04	1.349080813550729250e-25	2.852679762798301629e-04
1.321182061000000067e+04	1.192597615885099688e-25	2.801806753777504066e-04
1.320742453000000023e+04	1.054215120572880613e-25	2.751813616039027930e-04
1.320303153000000020e+04	9.318462103852960024e-26	2.702685983927892530e-04
1.319864158999999927e+04	8.236426385255707846e-26	2.654409268717427476e-04
1.319425470999999925e+04	7.279693512555371234e-26	2.606969335666789716e-04
1.318987089000000014e+04	6.433794512263195006e-26	2.560352271445706738e-04
1.318549013000000014e+04	5.685926141906385025e-26	2.514544380953858912e-04
1.318111240999999973e+04	5.024756892736306691e-26	2.469531980262971342e-04
1.317673775000000023e+04	4.440266868616852919e-26	2.425302012077655339e-04
1.317236613000000034e+04	3.923585700855141954e-26	2.381841219974978330e-04
1.316799755999999979e+04	3.466869609715236690e-26	2.339136857419813549e-04
1.316363201999999910e+04	3.063176635268737157e-26	2.297176088060942927e-04
1.315926951999999983e+04	2.706368834009187771e-26	2.255946569272094572e-04
1.315491006000000016e+04	2.391015853483214837e-26	2.215436056603950900e-04
1.315055362000000059e+04	2.112313277734412940e-26	2.175632318304458355e-04
1.314620021000000088e+04	1.866013774889048885e-26	2.136523593076189431e-04
1.314184982999999920e+04	1.648360213730914999e-26	2.098098214031606683e-04
1.313750245999999970e+04	1.456029029133484820e-26	2.060344527435107448e-04
1.313315812000000005e+04	1.286082835069383617e-26	2.023251412428405825e-04
1.312881677999999920e+04	1.135922216408387439e-26	1.986807500263506124e-04
1.312447846000000027e+04	1.003250430109272410e-26	1.951002025504567662e-04
1.312014314999999988e+04	8.860356946913252543e-27	1.915824144617686803e-04
1.311581084000000010e+04	7.824816773688194989e-27	1.881263191493072094e-04
1.311148152999999911e+04	6.910004776073707578e-27	1.847308752445412326e-04
1.310715522000000055e+04	6.101882590531764520e-27	1.813950580475055438e-04
1.310283191000000079e+04	5.388039756457961814e-27	1.781178592797444610e-04
1.309851159000000007e+04	4.757504118642145037e-27	1.748982794517064769e-04
1.309419426000000021e+04	4.200578518501049950e-27	1.717353427747898430e-04
1.308987990999999965e+04	3.708690438331711709e-27	1.686280820070514984e-04
1.308556854999999996e+04	3.274265156866930593e-27	1.655755598836669616e-04
1.308126016999999956e+04	2.890605889355154168e-27	1.625768400729265021e-04
1.307695476000000053e+04	2.551794423144057970e-27	1.596310017063348925e-04
1.307265233000000080e+04	2.252602126672757529e-27	1.567371524720477917e-04
1.306835287000000062e+04	1.988407029529601516e-27	1.538944010203813586e-04
1.306405637999999999e+04	1.755125591733703541e-27	1.511018772101957604e-04
1.305976284999999916e+04	1.549149049996711489e-27	1.483587186583528708e-04
1.305547227999999996e+04	1.367289323991150721e-27	1.456640835195135639e-04
1.305118468000000030e+04	1.206729952950138772e-27	1.430171497288264813e-04
1.304690001999999913e+04	1.064981219434409697e-27	1.404170841925606050e-04
1.304261832999999933e+04	9.398455423772220531e-28	1.378631037904029803e-04
1.303833957999999984e+04	8.293797667346260445e-28	1.353544023429695882e-04
1.303406377000000066e+04	7.318682605855092361e-28	1.328902048634108862e-04
1.302979090999999971e+04	6.457957120421689440e-28	1.304697546167760222e-04
1.302552099000000089e+04	5.698232345936686938e-28	1.280922958876894646e-04
1.302125401000000056e+04	5.027684489182671942e-28	1.257570910275357108e-04
1.301698996000000079e+04	4.435869170155770557e-28	1.234634091217858270e-04
1.301272883999999976e+04	3.913563677740955486e-28	1.212105367451156115e-04
1.300847064999999930e+04	3.452622971406711301e-28	1.189977721637155083e-04
1.300421538999999939e+04	3.045854084663090878e-28	1.168244251561404280e-04
1.299996305000000029e+04	2.686904333119470153e-28	1.146898118600987601e-04
1.299571362000000045e+04	2.370164384607995283e-28	1.125932599164264868e-04
1.299146711999999934e+04	2.090683320871881075e-28	1.105341227045398704e-04
1.298722351999999955e+04	1.844086505900554302e-28	1.085117401240067104e-04
1.298298284000000058e+04	1.626514509830459961e-28	1.065254869191748486e-04
1.297874507000000085e+04	1.434558268567486333e-28	1.045747339695717032e-04
1.297451019000000088e+04	1.265207903824253694e-28	1.026588583027472130e-04
1.297027822000000015e+04	1.115807868874666675e-28	1.007772653456187015e-04
1.296604915000000074e+04	9.840127938158110576e-29	9.892935690047686525e-05
1.296182296999999926e+04	8.677524587666437210e-29	9.711454490677784055e-05
1.295759968999999910e+04	7.652000374886243589e-29	9.533225964268785793e-05
1.295337930000000051e+04	6.747425758236270116e-29	9.358193239472735534e-05
1.294916179000000011e+04	5.949565212638123117e-29	9.186300411220588071e-05
1.294494715999999971e+04	5.245856847161117094e-29	9.017492921937149994e-05
1.294073542000000089e+04	4.625215490195305093e-29	8.851717511626458099e-05
1.293652655000000050e+04	4.077854141279649010e-29	8.688920636210675221e-05
1.293232056000000011e+04	3.595140126365508885e-29	8.529050814983750721e-05
1.292811743999999999e+04	3.169453278840427889e-29	8.372056665359125550e-05
1.292391718000000037e+04	2.794069863453722349e-29	8.217887682255721319e-05
1.291971980000000076e+04	2.463059550619281557e-29	8.066495296234399068e-05
1.291552527000000009e+04	2.171185969862298443e-29	7.917829955531948034e-05
1.291133360999999968e+04	1.913832677034280123e-29	7.771844719988925171e-05
1.290714480000000003e+04	1.686924256964614907e-29	7.628492042092348225e-05
1.290295885000000089e+04	1.486866974418827624e-29	7.487726207710095538e-05
1.289877575000000070e+04	1.310489477313092341e-29	7.349501596990631934e-05
1.289459549999999945e+04	1.154994613747222048e-29	7.213773695638640913e-05
1.289041808999999921e+04	1.017914623107086106e-29	7.080498421385899384e-05
1.288624352999999974e+04	8.970733595536771047e-30	6.949633071864867446e-05
1.288207179999999971e+04	7.905505063761534242e-30	6.821134731219215025e-05
1.287790291000000070e+04	6.966531032686304446e-30	6.694962139343250366e-05
1.287373686000000089e+04	6.138876981515832177e-30	6.571074421158803189e-05
1.286957363000000078e+04	5.409367992405989622e-30	6.449430812437876388e-05
1.286541323999999986e+04	4.766391760258694214e-30	6.329992406737736371e-05
1.286125567000000046e+04	4.199701241202389285e-30	6.212719806667139130e-05
1.285710092000000077e+04	3.700263202346094689e-30	6.097574860876389137e-05
1.285294899000000078e+04	3.260111855321495116e-30	5.984520064017745324e-05
1.284879988000000048e+04	2.872222993188155247e-30	5.873518546390903405e-05
1.284465358000000015e+04	2.530402160111883784e-30	5.764533803208574944e-05
1.284051008999999976e+04	2.229188485141319018e-30	5.657530219304164696e-05
1.283636940999999933e+04	1.963767116241988080e-30	5.552472784540573702e-05
1.283223154000000068e+04	1.729892959875820540e-30	5.449327084069489799e-05
1.282809646000000066e+04	1.523822467298071463e-30	5.348058803257363256e-05
1.282396419000000060e+04	1.342257309813884561e-30	5.248635191710350261e-05
1.281983472000000074e+04	1.182288370670786548e-30	5.151023328716396648e-05
1.281570802999999978e+04	1.041350977723358258e-30	5.055190637622338786e-05
1.281158414000000084e+04	9.171857159472535206e-31	4.961106026966196540e-05
1.280746304000000055e+04	8.077999980161606451e-31	4.868738245610833109e-05
1.280334471999999914e+04	7.114375672279388031e-31	4.778056588734033700e-05
1.279922919000000002e+04	6.265509011127793615e-31	4.689031317337042195e-05
1.279511643000000004e+04	5.517754536754209138e-31	4.601632558225604878e-05
1.279100645000000077e+04	4.859091573405280406e-31	4.515831593460291858e-05
1.278689925000000039e+04	4.278924103496071724e-31	4.431599983082404803e-05
1.278279480999999942e+04	3.767911630170954099e-31	4.348909375907527496e-05
1.277869314999999915e+04	3.317827716867305846e-31	4.267732713723385154e-05
1.277459425000000010e+04	2.921418552133463150e-31	4.188042611434579293e-05
1.277049811000000045e+04	2.572294364428201683e-31	4.109812554346221447e-05
1.276640473999999995e+04	2.264825351665380668e-31	4.033016669988229337e-05
1.276231411999999909e+04	1.994048736628116643e-31	3.957628973582926363e-05
1.275822624999999971e+04	1.755593322492542816e-31	3.883624306834976199e-05
1.275414113999999972e+04	1.545608185282034864e-31	3.810978121558215718e-05
1.275005877999999939e+04	1.360699422858165837e-31	3.739665937561651831e-05
1.274597916000000077e+04	1.197877093390200078e-31	3.669663706959156780e-05
1.274190228999999999e+04	1.054507866731597858e-31	3.600948140814545084e-05
1.273782814999999937e+04	9.282708674442248477e-32	3.533495851772424181e-05
1.273375676000000021e+04	8.171227894861073799e-32	3.467284519760957556e-05
1.272968809999999939e+04	7.192625671306816316e-32	3.402291560668334726e-05
1.272562217000000055e+04	6.331042480573700765e-32	3.338495110092615660e-05
1.272155897000000004e+04	5.572508369969888935e-32	3.275873682870016637e-05
1.271749849999999969e+04	4.904718244375485171e-32	3.214406166796557037e-05
1.271344074999999975e+04	4.316832465336504265e-32	3.154071669087045470e-05
1.270938572999999997e+04	3.799306721342273747e-32	3.094849957610759644e-05
1.270533342000000084e+04	3.343731333458361870e-32	3.036720717875244474e-05
1.270128383000000031e+04	2.942703371428145767e-32	2.979664423339351386e-05
1.269723695000000043e+04	2.589701172948918376e-32	2.923661605698825235e-05
1.269319278999999915e+04	2.278983132250211110e-32	2.868693412861306367e-05
1.268915133000000060e+04	2.005490839971521995e-32	2.814740917389543600e-05
1.268511256999999932e+04	1.764771441930134478e-32	2.761785796491477088e-05
1.268107652000000053e+04	1.552904327418901842e-32	2.709810174949112336e-05
1.267704317000000083e+04	1.366436146530527281e-32	2.658796232350237358e-05
1.267301251000000047e+04	1.202326314996581228e-32	2.608726466820126120e-05
1.266898454999999922e+04	1.057898417113185571e-32	2.559583931260611824e-05
1.266495927999999913e+04	9.307952234839750264e-33	2.511351731276613230e-05
1.266093670000000020e+04	8.189417001848643168e-33	2.464013391644173911e-05
1.265691681000000062e+04	7.205109476194584822e-33	2.417552726035385502e-05
1.265289960000000065e+04	6.338943768098185858e-33	2.371953719678500166e-05
1.264888507000000027e+04	5.576760944568958105e-33	2.327200755597851756e-05
1.264487321999999949e+04	4.906096291385632174e-33	2.283278491173561440e-05
1.264086404000000039e+04	4.315975548245858103e-33	2.240171746970879115e-05
1.263685754000000088e+04	3.796741127735673745e-33	2.197865825666171858e-05
1.263285370999999941e+04	3.339889194703330270e-33	2.156346077415569450e-05
1.262885253999999986e+04	2.937934765318198417e-33	2.115598116064118766e-05
1.262485404000000017e+04	2.584291449344200028e-33	2.075608012708905515e-05
1.262085820000000058e+04	2.273160191989676272e-33	2.036361884007513256e-05
1.261686503000000084e+04	1.999438441088514145e-33	1.997846288115861851e-05
1.261287449999999990e+04	1.758632739917969585e-33	1.960047639895451797e-05
1.260888664000000063e+04	1.546791958342438741e-33	1.922953162681971659e-05
1.260490142000000014e+04	1.360435536937356274e-33	1.886549747438187886e-05
1.260091885000000002e+04	1.196502404828016530e-33	1.850824887481592750e-05
1.259693893000000025e+04	1.052298191653349621e-33	1.815766205306298210e-05
1.259296166000000085e+04	9.254518063672121269e-34	1.781361542654313516e-05
1.258898702000000048e+04	8.138761833331437766e-34	1.747598788432007060e-05
1.258501502000000073e+04	7.157356601095328478e-34	1.714466303500030345e-05
1.258104565999999977e+04	6.294146528712452818e-34	1.681952569499772508e-05
1.257707892999999967e+04	5.534913954510105910e-34	1.650046192889530598e-05
1.257311483000000044e+04	4.867151034262836935e-34	1.618736065175820958e-05
1.256915336000000025e+04	4.279852395010551639e-34	1.588011275306115387e-05
1.256519451999999910e+04	3.763334928763551987e-34	1.557861106292777881e-05
1.256123830000000089e+04	3.309078088862166823e-34	1.528274957787399059e-05
1.255728470000000016e+04	2.909586802438102477e-34	1.499242495038555235e-05
1.255333371000000079e+04	2.558266180024350791e-34	1.470753495964197694e-05
1.254938534000000072e+04	2.249316061800628863e-34	1.442798064928140994e-05
1.254543958999999995e+04	1.977632888126547737e-34	1.415366410046495111e-05
1.254149644000000080e+04	1.738725857546899708e-34	1.388448778950403995e-05
1.253755589999999938e+04	1.528646370706085432e-34	1.362035800116047174e-05
1.253361795999999958e+04	1.343919874034735595e-34	1.336118135354337639e-05
1.252968262999999934e+04	1.181490917771239354e-34	1.310686745073991897e-05
1.252574990000000071e+04	1.038671016218155999e-34	1.285732622114909543e-05
1.252181976000000031e+04	9.130954992202422160e-35	1.261246924013333756e-05
1.251789221999999972e+04	8.026850771225968249e-35	1.237221091264006773e-05
1.251396726999999919e+04	7.056103179789055672e-35	1.213646595349430156e-05
1.251004491000000053e+04	6.202624563898849951e-35	1.190515122373219958e-05
1.250612513000000035e+04	5.452263710763686414e-35	1.167818450188492481e-05
1.250220794000000024e+04	4.792578469172219647e-35	1.145548620023406800e-05
